# Envelope of best limits as of 2024 
#  Mass [GeV] 	 sigma_n_SD [cm^2]
1.000000000000000056e-01 1.000000000000000000e+00
1.011591112223829692e-01 1.000000000000000000e+00
1.023316578330244891e-01 1.000000000000000000e+00
1.035177955630176283e-01 1.000000000000000000e+00
1.047176819485520216e-01 1.000000000000000000e+00
1.059314763518370006e-01 1.000000000000000000e+00
1.071593399822671072e-01 1.000000000000000000e+00
1.084014359178330916e-01 1.000000000000000000e+00
1.096579291267809897e-01 1.000000000000000000e+00
1.109289864895222771e-01 1.000000000000000000e+00
1.122147768207980290e-01 1.000000000000000000e+00
1.135154708920999012e-01 1.000000000000000000e+00
1.148312414543511129e-01 1.000000000000000000e+00
1.161622632608501904e-01 1.000000000000000000e+00
1.175087130904807486e-01 1.000000000000000000e+00
1.188707697711903349e-01 1.000000000000000000e+00
1.202486142037412220e-01 1.000000000000000000e+00
1.216424293857368000e-01 1.000000000000000000e+00
1.230524004359261625e-01 1.000000000000000000e+00
1.244787146187906202e-01 1.000000000000000000e+00
1.259215613694150970e-01 1.000000000000000000e+00
1.273811323186478384e-01 1.000000000000000000e+00
1.288576213185518016e-01 1.000000000000000000e+00
1.303512244681508947e-01 1.000000000000000000e+00
1.318621401394748371e-01 1.000000000000000000e+00
1.333905690039058622e-01 1.000000000000000000e+00
1.349367140588306480e-01 1.000000000000000000e+00
1.365007806546013891e-01 1.000000000000000000e+00
1.380829765218092309e-01 1.000000000000000000e+00
1.396835117988739772e-01 1.000000000000000000e+00
1.413025990599533765e-01 1.000000000000000000e+00
1.429404533431760937e-01 1.000000000000000000e+00
1.445972921792019472e-01 1.000000000000000000e+00
1.462733356201129931e-01 1.000000000000000000e+00
1.479688062686396188e-01 1.000000000000000000e+00
1.496839293077255606e-01 1.000000000000000000e+00
1.514189325304352018e-01 1.000000000000000000e+00
1.531740463702079835e-01 1.000000000000000000e+00
1.549495039314631728e-01 1.000000000000000000e+00
1.567455410205594868e-01 1.000000000000000000e+00
1.585623961771137069e-01 1.000000000000000000e+00
1.604003107056820310e-01 1.000000000000000000e+00
1.622595287078087423e-01 6.040403680117106776e-29
1.641402971144466927e-01 4.530935612558528512e-29
1.660428657187530133e-01 3.374528573601318116e-29
1.679674872092653537e-01 2.452338178968135288e-29
1.699144172034626477e-01 1.773905697643669369e-29
1.718839142817145949e-01 1.261860089922710487e-29
1.738762400216250781e-01 9.047834814796220816e-30
1.758916590327733176e-01 6.536198464744426512e-30
1.779304389918577867e-01 5.228494500231595151e-30
1.799928506782476900e-01 4.281321592933277427e-30
1.820791680099462795e-01 3.535186750338428981e-30
1.841896680799711417e-01 2.951018706942315857e-30
1.863246311931560373e-01 2.463380868886173637e-30
1.884843409033795936e-01 1.991492149176116474e-30
1.906690840512252350e-01 1.570615279417716077e-30
1.928791508020778200e-01 1.243265930128283495e-30
1.951148346846616755e-01 1.022144049423915137e-30
1.973764326300255778e-01 8.403499464228924476e-31
1.996642450109794020e-01 6.909234449626515963e-31
2.019785756819878764e-01 5.680903735331974791e-31
2.043197320195271061e-01 4.670946902352302161e-31
2.066880249629082511e-01 3.834547194583255731e-31
2.090837690555750472e-01 3.147846251196398824e-31
2.115072824868795276e-01 2.606915706869740622e-31
2.139588871343422183e-01 2.189525450550143803e-31
2.164389086064020806e-01 1.838963065040258559e-31
2.189476762856621128e-01 1.552536603664261176e-31
2.214855233726359951e-01 1.315784956194624939e-31
2.240527869300018848e-01 1.115136381881080546e-31
2.266498079273693289e-01 9.542452164535219287e-32
2.292769312865649278e-01 8.214008705779193697e-32
2.319345059274428023e-01 7.070503247516364870e-32
2.346228848142263013e-01 6.119932954101684613e-32
2.373424250023866700e-01 5.389384818166094491e-32
2.400934876860652545e-01 4.746043614548453577e-32
2.428764382460451010e-01 4.179499284458398927e-32
2.456916462982790816e-01 3.740784440332983570e-32
2.485394857429799043e-01 3.396033791071351436e-32
2.514203348142797223e-01 3.083055357520614522e-32
2.543345761304649510e-01 2.798921012661071463e-32
2.572825967447933682e-01 2.527261743919895256e-32
2.602647881969005761e-01 2.281388573647825113e-32
2.632815465648021269e-01 2.059436002817075337e-32
2.663332725174982207e-01 1.859076835349250074e-32
2.694203713681883605e-01 1.678210284274207843e-32
2.725432531281029025e-01 1.509810757892799551e-32
2.757023325609583853e-01 1.342636997295444220e-32
2.788980292380440762e-01 1.193973547401697963e-32
2.821307675939472293e-01 1.081590990580308043e-32
2.854009769829238818e-01 1.018078025272585863e-32
2.887090917359236286e-01 9.582946553454836137e-33
2.920555512182746449e-01 9.020218722605526101e-33
2.954407998880381192e-01 8.322398135366868679e-33
2.988652873550384226e-01 7.649304582248163976e-33
3.023294684405777866e-01 7.030649055751218232e-33
3.058338032378433158e-01 6.531257817444394507e-33
3.093787571730138297e-01 6.172239514890596002e-33
3.129648010670751934e-01 5.832956176898288879e-33
3.165924111983522415e-01 5.512322987391136420e-33
3.202620693657651785e-01 5.151100818918908749e-33
3.239742629528197249e-01 4.788328583264585217e-33
3.277294849923383935e-01 4.451105002080056080e-33
3.315282342319424980e-01 4.137630781811295980e-33
3.353710152002930545e-01 3.948603442495174980e-33
3.392583382740993470e-01 3.786805255493338247e-33
3.431907197459044268e-01 3.631636919703031948e-33
3.471686818926561502e-01 3.475695912948123560e-33
3.511927530450729695e-01 3.289166206364678402e-33
3.552634676578141359e-01 3.112646964536935401e-33
3.593813663804627523e-01 2.945600957194924816e-33
3.635469961293319452e-01 2.787650885748749720e-33
3.677609101601032604e-01 2.662424460562772518e-33
3.720236681413067736e-01 2.542823437626778590e-33
3.763358362286534642e-01 2.428595113484391732e-33
3.806979871402286220e-01 2.318578830663139037e-33
3.851107002325570572e-01 2.208218589196294225e-33
3.895745615775503268e-01 2.103111299553018108e-33
3.940901640403449702e-01 2.003006930540098780e-33
3.986581073580440782e-01 1.908435796882341108e-33
4.032789982193707434e-01 1.822395371179854555e-33
4.079534503452451055e-01 1.740234014852981643e-33
4.126820845702953711e-01 1.661776842909051215e-33
4.174655289253136892e-01 1.588747899011354090e-33
4.223044187206674294e-01 1.528158453241386727e-33
4.271993966306778523e-01 1.469879683029823574e-33
4.321511127789764428e-01 1.413823467063318068e-33
4.371602248248504519e-01 1.360771875996811740e-33
4.422273980505899149e-01 1.313629517043914135e-33
4.473533054498465278e-01 1.268120350286450295e-33
4.525386278170169252e-01 1.224187795680328024e-33
4.577840538376618529e-01 1.183310005137177630e-33
4.630902801799739454e-01 1.150247644890917216e-33
4.684580115873047679e-01 1.118109065953299166e-33
4.738879609717653318e-01 1.086868457344676622e-33
4.793808495089109112e-01 1.056985360297982827e-33
4.849374067335235350e-01 1.029825249725107266e-33
4.905583706365048147e-01 1.003363040593464277e-33
4.962444877628915951e-01 9.775807997499654259e-34
5.019965133110081412e-01 9.524610548486321042e-34
5.078152112327672940e-01 9.279867825098426254e-34
5.137013543351340861e-01 9.041413967837390957e-34
5.196557243827659711e-01 8.809087379101691885e-34
5.256791122018421580e-01 8.590262900892147231e-34
5.317723177850969263e-01 8.402689208880258764e-34
5.379361503980700787e-01 8.219211304196523452e-34
5.441714286865890760e-01 8.039739752796870562e-34
5.504789807854970629e-01 7.869026318207701554e-34
5.568596444286411096e-01 7.717518820769422444e-34
5.633142670601354318e-01 7.568928396022573703e-34
5.698437059469139143e-01 7.423198879663286568e-34
5.764488282925875895e-01 7.279100412114179645e-34
5.831305113526221717e-01 7.134247902019277930e-34
5.898896425508496355e-01 6.992277925272185193e-34
5.967271195973313791e-01 6.853133120088287319e-34
6.036438506075867405e-01 6.733233342959044484e-34
6.106407542232039631e-01 6.662607788067427009e-34
6.177187597338491543e-01 6.592723031652619497e-34
6.248788072006891126e-01 6.523571303405537149e-34
6.321218475812451221e-01 6.456284674502977694e-34
6.394488428556941439e-01 6.392775711936591804e-34
6.468607661546326160e-01 6.329891472183651540e-34
6.543586018883233990e-01 6.267625809991929266e-34
6.619433458774393042e-01 6.205972640558607047e-34
6.696160054853220744e-01 6.144925938935650213e-34
6.773775997517750280e-01 6.084479739441028521e-34
6.852291595284062398e-01 6.024628135075729285e-34
6.931717276155405782e-01 5.970514157846341463e-34
7.012063589007182518e-01 5.929341851226656189e-34
7.093341204987995141e-01 5.888453466357689283e-34
7.175560918936926269e-01 5.847847045332120861e-34
7.258733650817251748e-01 5.813311023681992063e-34
7.342870447166763848e-01 5.792277825171451289e-34
7.427982482564916555e-01 5.771320727085820486e-34
7.514081061116968385e-01 5.750439454085583452e-34
7.601177617955328092e-01 5.736157383980097473e-34
7.689283720758310903e-01 5.736157383980097473e-34
7.778411071286488454e-01 5.736157383980097473e-34
7.868571506936850035e-01 5.736157383980097473e-34
7.959777002314983863e-01 5.736157383980097473e-34
8.052039670825476003e-01 5.736157383980097473e-34
8.145371766280743442e-01 5.736157383980097473e-34
8.239785684528517784e-01 5.736157383980097473e-34
8.335293965098193869e-01 5.736157383980097473e-34
8.431909292866257566e-01 5.736157383980097473e-34
8.529644499741022567e-01 5.736157383980097473e-34
8.628512566366893788e-01 5.736157383980097473e-34
8.728526623848377186e-01 5.736157383980097473e-34
8.829699955494089147e-01 5.736157383980097473e-34
8.932045998580966373e-01 5.736157383980097473e-34
9.035578346138927186e-01 5.736157383980097473e-34
9.140310748756229620e-01 5.736157383980097473e-34
9.246257116405740550e-01 5.736157383980097473e-34
9.353431520292383450e-01 5.736157383980097473e-34
9.461848194721999006e-01 5.736157383980097473e-34
9.571521538991862865e-01 5.733349304828984590e-34
9.682466119303121399e-01 5.725797371674959465e-34
9.794696670695393070e-01 5.718255385881775345e-34
9.908228099003795197e-01 5.710723334346828880e-34
1.002307548283865479e+00 5.691696163137859783e-34
1.013925407558815328e+00 5.654309444641703986e-34
1.025677930744421928e+00 5.617168306141453446e-34
1.037566678745186044e+00 5.580271134509765518e-34
1.049593230558227619e+00 5.555159191623882945e-34
1.061759183483000024e+00 5.547841969413162999e-34
1.074066153333433471e+00 5.540534385403443960e-34
1.086515774652538457e+00 5.533236426899344909e-34
1.099109700929497224e+00 5.528906247453445403e-34
1.111849604819270976e+00 5.528906247453445403e-34
1.124737178364751955e+00 5.528906247453445403e-34
1.137774133221491457e+00 5.528906247453445403e-34
1.150962200885032205e+00 5.534995296221206972e-34
1.164303132920876838e+00 5.549605481450187285e-34
1.177798701197119158e+00 5.564254231754927919e-34
1.191450698119775886e+00 5.578941648931700395e-34
1.205260936870842681e+00 5.603165984174340528e-34
1.219231251649110614e+00 5.640214538270642252e-34
1.233363497913775975e+00 5.677508060187726813e-34
1.247659552630869806e+00 5.715048169671212885e-34
1.262121314522547388e+00 5.736157383980097473e-34
1.276750704319265850e+00 5.736157383980097473e-34
1.291549665014884107e+00 5.736157383980097473e-34
1.306520162124721329e+00 5.736157383980097473e-34
1.321664183946605231e+00 5.736157383980097473e-34
1.336983741824946614e+00 5.736157383980097473e-34
1.352480870417875458e+00 5.736157383980097473e-34
1.368157627967471868e+00 5.736157383980097473e-34
1.384016096573131627e+00 5.736157383980097473e-34
1.400058382468097440e+00 5.736157383980097473e-34
1.416286616299198720e+00 5.736157383980097473e-34
1.432702953409831004e+00 5.736157383980097473e-34
1.449309574126216527e+00 5.736157383980097473e-34
1.466108684046984356e+00 5.736157383980097473e-34
1.483102514336104516e+00 5.736157383980097473e-34
1.500293322019218278e+00 5.736157383980097473e-34
1.517683390283405265e+00 5.736157383980097473e-34
1.535275028780422657e+00 5.736157383980097473e-34
1.553070573933460041e+00 5.736157383980097473e-34
1.571072389247450518e+00 5.736157383980097473e-34
1.589282865622978047e+00 5.739924782407818739e-34
1.607704421673823658e+00 5.747495348645418258e-34
1.626339504048192275e+00 5.755075899939594861e-34
1.645190587753662559e+00 5.762666449459856544e-34
1.664260176485903520e+00 5.786764017189318687e-34
1.683550802961202297e+00 5.826946288414275460e-34
1.703065029252844420e+00 5.867407578261039751e-34
1.722805447131394052e+00 5.908149824185830510e-34
1.742774678408919087e+00 5.236585173739785681e-34
1.762975375287205715e+00 4.438485152177637322e-34
1.783410220710007987e+00 3.756390451088749405e-34
1.804081928719382777e+00 3.175977773590028187e-34
1.824993244816152327e+00 2.685246634948312191e-34
1.846146946324547677e+00 2.270340035267479558e-34
1.867545842761076047e+00 1.919542066882672813e-34
1.889192776207666347e+00 1.622947086909841679e-34
1.911090621689137903e+00 1.372180007071517528e-34
1.933242287555045236e+00 1.167356296089546790e-34
1.955650715865949074e+00 1.047607254848885787e-34
1.978318882784164234e+00 9.401422377112991535e-35
2.001249798969037208e+00 8.437011323068000322e-35
2.024446509976803643e+00 7.571530903543632725e-35
2.047912096665085446e+00 6.794832675709827379e-35
2.071649675602068807e+00 6.097809238193240348e-35
2.095662399480433091e+00 5.472287439588766813e-35
2.119953457536071006e+00 4.910932541791736651e-35
2.144526075971667556e+00 4.407162214388618621e-35
2.169383518385184395e+00 4.027529814708963981e-35
2.194529086203313550e+00 3.719601027695556395e-35
2.219966119119954673e+00 3.435215241537227578e-35
2.245697995539774006e+00 3.172572452750529286e-35
2.271728133026905017e+00 2.941602206557733376e-35
2.298059988758851091e+00 2.732074834750009244e-35
2.324697059985648018e+00 2.537471887270939808e-35
2.351642884494348440e+00 2.379958754841592421e-35
2.378901041078893108e+00 2.255933930083686765e-35
2.406475150015424003e+00 2.138372308574550521e-35
2.434368873543110379e+00 2.026937078741851460e-35
2.462585916350546800e+00 1.921308980996522270e-35
2.491130026067788439e+00 1.821185393060724094e-35
2.520004993764092038e+00 1.712847427461460583e-35
2.549214654451422923e+00 1.610111798554828458e-35
2.578762887593800901e+00 1.513538195102174418e-35
2.608653617622548104e+00 1.422757022269704135e-35
2.638890814457510281e+00 1.337420853314577556e-35
2.669478494034320804e+00 1.264443491612816521e-35
2.700420718837772682e+00 1.206064351592941634e-35
2.731721598441376297e+00 1.150380566495641866e-35
2.763385290053169907e+00 1.097267692244590374e-35
2.795415999067856649e+00 1.049363849448769240e-35
2.827817979625341316e+00 1.006669796920964419e-35
2.860595535175741944e+00 9.657127797619731234e-36
2.893753019050950392e+00 9.264221255550416911e-36
2.927294835042816068e+00 8.905294339731672195e-36
2.961225437988034503e+00 8.576042927158464378e-36
2.995549334359813187e+00 8.258964777876397125e-36
3.030271082866396348e+00 1.113333029677871004e-36
3.065395295056526859e+00 9.446139393768182963e-37
3.100926635931926523e+00 7.964179115408694578e-37
3.136869824566876463e+00 6.851318194683479307e-37
3.173229634734976212e+00 5.882909659044486453e-37
3.210010895543171650e+00 5.042414474497457374e-37
3.247218492073128626e+00 4.312629943507239820e-37
3.284857366030043746e+00 3.684373427262547635e-37
3.322932516398971803e+00 3.143679264751474912e-37
3.361449000108764906e+00 2.675902228450827697e-37
3.400411932703705897e+00 2.271311352521845412e-37
3.439826489022924427e+00 1.926229541517918637e-37
3.479697903887691623e+00 1.631383417025067855e-37
3.520031472796679051e+00 1.327470589272838632e-37
3.560832552629277892e+00 1.122440997084475878e-37
3.602106562357069830e+00 9.676002336120110982e-38
3.643858983763544224e+00 8.013589237512605070e-38
3.686095362172157941e+00 6.646294045384073116e-38
3.728821307182833777e+00 5.599533315556578840e-38
3.772042493416997377e+00 4.752586754791047862e-38
3.815764661271248581e+00 4.064055419556270482e-38
3.859993617679767119e+00 3.378391741461536020e-38
3.904735236885560123e+00 2.683898614352531227e-38
3.949995461220642934e+00 2.269406073457207821e-38
3.995780301895269560e+00 1.918662883136572382e-38
4.042095839796307821e+00 1.723216561834205911e-38
4.088948226294862209e+00 1.540364796331835905e-38
4.136343684063275461e+00 1.378745254583228768e-38
4.184288507901582577e+00 1.240145730617569581e-38
4.232789065573550502e+00 1.110749999005604252e-38
4.281851798652413166e+00 9.937112739614390522e-39
4.331483223376400460e+00 8.882182920283237347e-39
4.381689931514192615e+00 7.917505436049344885e-39
4.432478591240398558e+00 7.053559011019468181e-39
4.483855948021188809e+00 6.279086196662941819e-39
4.535828825510188622e+00 5.581251519939778417e-39
4.588404126454759258e+00 4.952138981951939665e-39
4.641588833612779297e+00 4.390966096208004220e-39
4.695390010680060122e+00 3.890742426371087176e-39
4.749814803228502136e+00 3.440177357505744360e-39
4.804870439655131165e+00 3.041994143968935246e-39
4.860564232142136731e+00 2.686123636509386821e-39
4.916903577628028543e+00 2.369867022045333685e-39
4.973895958790064853e+00 2.092990502139685407e-39
5.031548945038053944e+00 1.893240701009171270e-39
5.089870193519682395e+00 1.687179764852657803e-39
5.148867450137495361e+00 1.511696457679829450e-39
5.208548550577662972e+00 1.384416177039918959e-39
5.268921421350674095e+00 1.229819889934045524e-39
5.329994080844090654e+00 1.135073537785540290e-39
5.391774640387502870e+00 1.002243572184312006e-39
5.454271305329833730e+00 9.269140801025789122e-40
5.517492376129125908e+00 8.134406253146432163e-40
5.581446249454963926e+00 7.506163189428785826e-40
5.646141419303670084e+00 6.593397088641228393e-40
5.711586478126432276e+00 6.057250985929489301e-40
5.777790117970504014e+00 5.314932788197183051e-40
5.844761131633634754e+00 4.812358473733245687e-40
5.912508413831877974e+00 4.290766387452052188e-40
5.981040962380941295e+00 3.853944060763530201e-40
6.050367879391221670e+00 3.508449674147892229e-40
6.120498372476699700e+00 3.246588379723025764e-40
6.191441755977844075e+00 2.975871375306859707e-40
6.263207452198689573e+00 2.733026711467978071e-40
6.335804992658251145e+00 2.487119800720712489e-40
6.409244019356453492e+00 2.294226236912155671e-40
6.483534286054723594e+00 2.087840725353191389e-40
6.558685659571431792e+00 1.916592062427247692e-40
6.634708121092347533e+00 1.729962659315430974e-40
6.711611767496282965e+00 1.593669375476593602e-40
6.789406812696109128e+00 1.436816484781376624e-40
6.868103588995303710e+00 1.318243722933100435e-40
6.947712548460236448e+00 1.196687224402026231e-40
7.028244264308349365e+00 1.115056762839448515e-40
7.109709432312435240e+00 1.050715676874320913e-40
7.192118872221189285e+00 9.807780631664262152e-41
7.275483529196228538e+00 9.164788381711535830e-41
7.359814475265767264e+00 8.545793520951595097e-41
7.445122910795139326e+00 7.967238406161875050e-41
7.531420165974371805e+00 7.417326044903840116e-41
7.618717702322995500e+00 6.895005255981409468e-41
7.707027114212299246e+00 6.416225153858115756e-41
7.796360130405233235e+00 5.958595495800811669e-41
7.886728615614152282e+00 5.488946192534213769e-41
7.978144572076624641e+00 5.149250501402231723e-41
8.070620141149502658e+00 4.874331485121643927e-41
8.164167604921468424e+00 4.620703140998757985e-41
8.258799387844268480e+00 4.477277590659149080e-41
8.354528058382866718e+00 4.310023428373009928e-41
8.451366330684717099e+00 4.137897444065479601e-41
8.549327066268380904e+00 3.980952307270765737e-41
8.648423275731722981e+00 3.771239493331532667e-41
8.748668120479909049e+00 3.570293575945860140e-41
8.850074914473434973e+00 3.392540472569517317e-41
8.952657125996395848e+00 3.226737800979813905e-41
9.056428379445289778e+00 1.117744393373827029e-41
9.161402457138516198e+00 9.891901316603459517e-42
9.267593301146877849e+00 9.439373440479343747e-42
9.375015015145285346e+00 9.021339315806072979e-42
9.483681866285921913e+00 8.621818340389434631e-42
9.593608287093141840e+00 8.040414611028909560e-42
9.704808877380301624e+00 7.470802764018555815e-42
9.817298406188836424e+00 6.986440385969232964e-42
9.931091813749794994e+00 6.532495570004071254e-42
1.004620421346813153e+01 6.106600898150625067e-42
1.016265089392995158e+01 5.708472991627422668e-42
1.028044732093309754e+01 5.336301559515466868e-42
1.039960913954120336e+01 4.988394335201887542e-42
1.052015217616159148e+01 4.664739442327626858e-42
1.064209244064724658e+01 4.363996069685203958e-42
1.076544612842315907e+01 4.081404074546337993e-42
1.089022962263730498e+01 3.816590936754605540e-42
1.101645949633656940e+01 3.567725379352631000e-42
1.114415251466788170e+01 3.357721554859504546e-42
1.127332563710487179e+01 3.185627884485331665e-42
1.140399601970033139e+01 3.020138306456744183e-42
1.153618101736478430e+01 2.856814164134557382e-42
1.166989818617147456e+01 2.703016182152084498e-42
1.180516528568805512e+01 2.561408367420898692e-42
1.194200028133532498e+01 2.426878159476399644e-42
1.208042134677328860e+01 2.295665069062232186e-42
1.222044686631488730e+01 2.173762535872739657e-42
1.236209543736769056e+01 2.066842277867404335e-42
1.250538587290391312e+01 1.965181077088118643e-42
1.265033720395903849e+01 1.859147183220175664e-42
1.279696868215941663e+01 1.758724357685862984e-42
1.294529978227916089e+01 1.675800558165535636e-42
1.309535020482667633e+01 1.598278950399760930e-42
1.324713987866117471e+01 1.538113425914525683e-42
1.340068896363950657e+01 1.487939044331871832e-42
1.355601785329368880e+01 1.439401387664787175e-42
1.371314717753945622e+01 1.392447064753010811e-42
1.387209780541621029e+01 1.343969636071340939e-42
1.403289084785873087e+01 1.296421318692002817e-42
1.419554766050101513e+01 1.250555213785996788e-42
1.436008984651260612e+01 1.206311806338712372e-42
1.452653925946781222e+01 1.163579798611339390e-42
1.469491800624817301e+01 1.122358088786442573e-42
1.486524844997857109e+01 1.082596725181801068e-42
1.503755321299738412e+01 1.044167918284056034e-42
1.521185517986104863e+01 1.006846070844075143e-42
1.538817750038346333e+01 9.708582236850440023e-43
1.556654359271061949e+01 9.361566954387501597e-43
1.574697714643086677e+01 9.083731183234498889e-43
1.592950212572123014e+01 8.834943324672146224e-43
1.611414277253019733e+01 8.592969339981610805e-43
1.630092360979741173e+01 8.358265169919797331e-43
1.648986944471064930e+01 8.148035797829829389e-43
1.668100537200059108e+01 7.943094172418251921e-43
1.687435677727375705e+01 7.743307294834188635e-43
1.706994934038407763e+01 7.548545511449865430e-43
1.726780903884355922e+01 7.380078791693191427e-43
1.746796215127245588e+01 7.224446279784851312e-43
1.767043526088946592e+01 7.072095776029346385e-43
1.787525525904235479e+01 6.922958068811436953e-43
1.808244934877951593e+01 6.777939491725904962e-43
1.829204504846293844e+01 6.641126821013577854e-43
1.850407019542302223e+01 6.507075713293999049e-43
1.871855294965579120e+01 6.375730426433613106e-43
1.893552179756295217e+01 6.247036343453519192e-43
1.915500555573527919e+01 6.125561476817549654e-43
1.937703337477988796e+01 6.009301776617771928e-43
1.960163474319185539e+01 5.895248619922895158e-43
1.982883949127071332e+01 5.783360127782244856e-43
2.005867779508233895e+01 5.674220982396251205e-43
2.029118018046678174e+01 5.575090065298088548e-43
2.052637752709252084e+01 5.477691005093711813e-43
2.076430107255774615e+01 5.381993545548263545e-43
2.100498241653915343e+01 5.287967959015538325e-43
2.124845352498882889e+01 5.208291064984474723e-43
2.149474673437980599e+01 5.140951215750412409e-43
2.174389475600079891e+01 5.074482027398832722e-43
2.199593068030074861e+01 5.008872242845246869e-43
2.225088798128369305e+01 4.944110750552019288e-43
2.250880052095461892e+01 4.877717697247091917e-43
2.276970255381679920e+01 4.812185797897221005e-43
2.303362873142131306e+01 4.747534316418693476e-43
2.330061410696924540e+01 4.683751424440505491e-43
2.357069413996727647e+01 4.616607434215463088e-43
2.384390470093720538e+01 4.545258949213725114e-43
2.412028207618006803e+01 4.475013136766291952e-43
2.439986297259550341e+01 4.405852955351442367e-43
2.468268452255692580e+01 4.337761626819736580e-43
2.496878428884326695e+01 4.278638375546359987e-43
2.525820026962784581e+01 4.221155077663202878e-43
2.555097090352506939e+01 4.164444065083268017e-43
2.584713507469563609e+01 4.108494962191308825e-43
2.614673211801092023e+01 4.068943887122311021e-43
2.644980182427719839e+01 4.057286188023717840e-43
2.675638444552045314e+01 4.045661888733962884e-43
2.706652070033241131e+01 4.034070893561290573e-43
2.738025177927857712e+01 4.022513107087909347e-43
2.769761935036891032e+01 4.017392939119150094e-43
2.801866556459195223e+01 4.013689693081353795e-43
2.834343306151309250e+01 4.009989860708013371e-43
2.867196497493769769e+01 4.006293438852269676e-43
2.900430493863991543e+01 4.000325305361981066e-43
2.934049709215787161e+01 3.988455484178025830e-43
2.968058608665602449e+01 3.976620883293468271e-43
3.002461709085549302e+01 3.964821398202141746e-43
3.037263579703311578e+01 3.953056924707974950e-43
3.072468842709003667e+01 3.937171564237399044e-43
3.108082173869063780e+01 3.919861752621277193e-43
3.144108303147264749e+01 3.902628043753930620e-43
3.180552015332919780e+01 3.885470103048784417e-43
3.217418150676371624e+01 3.868617523020738491e-43
3.254711605531848306e+01 3.852793313017043835e-43
3.292437333007768530e+01 3.837033830431026593e-43
3.330600343624588788e+01 3.821338810501372540e-43
3.369205705980267140e+01 3.805707989549814255e-43
3.408258547423452001e+01 3.790900023313797205e-43
3.447764054734464167e+01 3.776554479501453234e-43
3.487727474814177242e+01 3.762263222171476433e-43
3.528154115380883127e+01 3.748026045892675089e-43
3.569049345675229290e+01 3.735055147591402073e-43
3.610418597173337218e+01 3.731994558691845783e-43
3.652267364308175246e+01 3.728936477708249537e-43
3.694601205199302285e+01 3.725880902585568581e-43
3.737425742391064176e+01 3.722827831270443650e-43
3.780746663599349233e+01 3.724103752473749849e-43
3.824569722466998911e+01 3.728685868131992909e-43
3.868900739327975202e+01 3.733273621598828508e-43
3.913745601980384237e+01 3.737867019810860008e-43
3.959110266468458406e+01 3.742437124222491442e-43
4.005000757873611406e+01 3.745890098047515771e-43
4.051423171114647204e+01 3.749346257771891111e-43
4.098383671757261482e+01 3.752805606335222518e-43
4.145888496832910874e+01 3.756268146679643287e-43
4.193943955667186430e+01 3.756385138267924397e-43
4.242556430717777260e+01 3.752922490080333558e-43
4.291732378422157268e+01 3.749463033773180477e-43
4.341478330055092272e+01 3.746006766404241852e-43
4.391800892596086214e+01 3.742553685033942099e-43
4.442706749606882966e+01 3.734059268967573314e-43
4.494202662119142389e+01 3.725269178212042324e-43
4.546295469532399380e+01 3.716499779601419990e-43
4.598992090522438048e+01 3.707751024425758969e-43
4.652299523960189020e+01 3.711294010579912801e-43
4.706224849841281355e+01 3.733416833506464513e-43
4.760775230226368393e+01 3.755671529384356722e-43
4.815957910192350511e+01 3.778058884300999354e-43
4.871780218794631168e+01 3.800579689029810498e-43
4.928249570040513561e+01 3.826593560409335930e-43
4.985373463873893485e+01 3.853350176524117402e-43
5.043159487171358535e+01 3.880293882408002743e-43
5.101615314749833630e+01 3.907425986245227478e-43
5.160748710385907856e+01 3.935001769866941707e-43
5.220567527846975509e+01 3.963328566542182558e-43
5.281079711934330589e+01 3.991859278604776318e-43
5.342293299538351903e+01 4.020595373975146049e-43
5.404216420705915169e+01 4.049538331140793821e-43
5.466857299720180663e+01 4.078043646542586898e-43
5.530224256192899901e+01 4.106558472229466396e-43
5.594325706169377810e+01 4.135272681580285810e-43
5.659170163246242424e+01 4.164187668741647969e-43
5.724766239702178439e+01 4.193106464153531262e-43
5.791122647641758192e+01 4.221560587555206117e-43
5.858248200152535645e+01 4.250207798622428477e-43
5.926151812475552560e+01 4.279049407634417432e-43
5.994842503189408944e+01 4.308086733761854623e-43
6.064329395408061885e+01 4.337321105127219411e-43
6.134621717992506262e+01 4.366753858865535861e-43
6.205728806776500761e+01 4.396386341185605616e-43
6.277660105806499757e+01 4.426219907431289371e-43
6.350425168595962333e+01 4.455518871020380485e-43
6.424033659394190465e+01 4.480700356635319750e-43
6.498495354469888241e+01 4.506024161750216899e-43
6.573820143409585626e+01 4.531491090719596974e-43
6.650018030431118632e+01 4.557101952443777994e-43
6.727099135712336420e+01 4.590815661388446478e-43
6.805073696735206568e+01 4.630027037282225538e-43
6.883952069645496863e+01 4.669573327952132644e-43
6.963744730628222612e+01 4.709457393994149342e-43
7.044462277299037112e+01 4.748492950096700021e-43
7.126115430111745752e+01 4.769950685075070211e-43
7.208715033782135606e+01 4.791505384373539556e-43
7.292272058728312345e+01 4.813157486159560322e-43
7.376797602527730646e+01 4.834907430580361512e-43
7.462302891391107096e+01 4.867909463076654763e-43
7.548799281653431592e+01 4.911500280488492405e-43
7.636298261282242095e+01 4.955481441923168169e-43
7.724811451403400042e+01 4.999856442806297243e-43
7.814350607844542651e+01 5.044628809863843011e-43
7.904927622696420997e+01 5.084191101082488048e-43
7.996554525892345566e+01 5.123939864685455193e-43
8.089243486805938232e+01 5.163999388481534746e-43
8.183006815867389605e+01 5.204372102027828520e-43
8.277856966198471866e+01 5.245529699900000835e-43
8.373806535266488993e+01 5.287623358996918944e-43
8.470868266557401682e+01 5.330054805931862173e-43
8.569055051268347256e+01 5.372826751341594474e-43
8.668379930019773383e+01 5.415941927614847625e-43
8.768856094587427208e+01 5.455401430093716046e-43
8.870496889654403105e+01 5.494673088946694539e-43
8.973315814583520478e+01 5.534227451686696408e-43
9.077326525210223451e+01 5.574066553406878260e-43
9.182542835656282421e+01 5.620075197086691001e-43
9.288978720164497815e+01 5.677378285013579922e-43
9.396648314954690306e+01 5.735265643394391010e-43
9.505565920101190613e+01 5.793743229533877539e-43
9.615746001432096079e+01 5.852817061478313483e-43
9.727203192450537017e+01 5.906604481757198996e-43
9.839952296278225674e+01 5.959496533148384973e-43
9.954008287621518036e+01 6.012862218606052566e-43
1.006938631476027126e+02 6.066705779395724829e-43
1.018610170155975254e+02 6.120190016754197986e-43
1.030416994950587508e+02 6.171831726309052946e-43
1.042360673976401131e+02 6.223909184779946703e-43
1.054442793526168458e+02 6.276426068983920455e-43
1.066664958279538808e+02 6.329386086762729225e-43
1.079028791516183645e+02 6.383268021763319891e-43
1.091535935331391016e+02 6.437789209346007318e-43
1.104188050854160252e+02 6.492776076872775647e-43
1.116986818467822644e+02 6.548232601839605108e-43
1.129933938033221636e+02 6.604412169834785362e-43
1.143031129114478688e+02 6.662187414766290271e-43
1.156280131207375348e+02 6.720468076204375756e-43
1.169682703970384665e+02 6.779258575520953559e-43
1.183240627458378071e+02 6.838563372765993427e-43
1.196955702359042846e+02 6.903382298820420482e-43
1.210829750232039430e+02 6.971626695386934184e-43
1.224864613750930715e+02 7.040545731928627312e-43
1.239062156947915696e+02 7.110146077697759870e-43
1.253424265461399472e+02 7.181318826521616373e-43
1.267952846786433980e+02 7.261234006484076921e-43
1.282649830528060022e+02 7.342038498861410432e-43
1.297517168657586808e+02 7.423742200103588363e-43
1.312556835771842714e+02 7.506355116790307505e-43
1.327770829355428930e+02 7.589019294425337559e-43
1.343161170046015229e+02 7.671899010910958930e-43
1.358729901902709116e+02 7.755683857182024188e-43
1.374479092677536585e+02 7.840383718165181918e-43
1.390410834090069727e+02 7.925943353272857250e-43
1.406527242105236439e+02 8.008398471847677702e-43
1.422830457214352009e+02 8.091711386936571749e-43
1.439322644719406412e+02 8.175891022362247920e-43
1.456005995020648527e+02 8.260946394783666978e-43
1.472882723907501656e+02 8.346075794609399148e-43
1.489955072852853561e+02 8.431173573256858703e-43
1.507225309310755677e+02 8.517139020987101490e-43
1.524695727017573006e+02 8.603980984678077081e-43
1.542368646296627333e+02 8.691708401411337577e-43
1.560246414366367844e+02 8.775300660324760538e-43
1.578331405652116359e+02 8.859326320486107102e-43
1.596626022101425235e+02 8.944156546990969984e-43
1.615132693503091161e+02 9.029799043759796639e-43
1.633853877809862070e+02 9.117718693006229183e-43
1.652792061464895426e+02 9.208796811681111843e-43
1.671949759731990071e+02 9.300784721936765847e-43
1.691329517029648741e+02 9.393691511803386470e-43
1.710933907269015037e+02 9.487526360093181772e-43
1.730765534195725763e+02 9.583131105085072760e-43
1.750827031735725257e+02 9.679850132678188648e-43
1.771121064345088598e+02 9.777545309944722652e-43
1.791650327363901454e+02 9.876226488805321744e-43
1.812417547374237756e+02 9.977466913402840598e-43
1.833425482562290654e+02 1.008333069006160532e-42
1.854676923084699354e+02 1.019031771165876287e-42
1.876174691439121318e+02 1.029843989614426114e-42
1.897921642839101537e+02 1.040770928792090527e-42
1.919920665593284639e+02 1.052060796868061009e-42
1.942174681489026398e+02 1.063550357928242107e-42
1.964686646180446417e+02 1.075165396540432401e-42
1.987459549580983662e+02 1.086907283045585028e-42
2.010496416260499188e+02 1.098827336941631329e-42
2.033800305846982042e+02 1.111055311565864287e-42
2.057374313432913766e+02 1.123419361584641792e-42
2.081221569986339262e+02 1.135921001272696467e-42
2.105345242766705951e+02 1.148561761755937234e-42
2.129748535745520996e+02 1.161343191198897930e-42
2.154434690031884543e+02 1.174266854994459254e-42
2.179406984302955834e+02 1.187334335955494698e-42
2.204668735239409898e+02 1.200547234508741554e-42
2.230223297965938514e+02 1.213838680843318677e-42
2.256074066496861406e+02 1.226843564304894000e-42
2.282224474186898533e+02 1.239987780114740896e-42
2.308677994187169702e+02 1.253272821058539289e-42
2.335438139906479478e+02 1.266700195915388235e-42
2.362508465477947652e+02 1.280584016738079169e-42
2.389892566231050353e+02 1.294834616749956397e-42
2.417594079169130907e+02 1.309243800344046297e-42
2.445616683452446409e+02 1.323813332270782106e-42
2.473964100886814208e+02 1.338537650399032164e-42
2.502640096417919153e+02 1.353294491308168841e-42
2.531648478631355488e+02 1.368214020471597623e-42
2.560993100258459663e+02 1.383298031462070012e-42
2.590677858688009110e+02 1.398548337625757194e-42
2.620706696483852625e+02 1.414189128785779074e-42
2.651083601908538867e+02 1.430219592389211706e-42
2.681812609453015739e+02 1.446431768437000911e-42
2.712897800372467145e+02 1.462827716720584689e-42
2.744343303228365585e+02 1.479409520380124729e-42
2.776153294436800820e+02 1.496179286169104960e-42
2.808331998823172739e+02 1.513139144721925747e-42
2.840883690183304111e+02 1.530291250824774757e-42
2.873812691851066461e+02 1.547637783689201628e-42
2.907123377272578182e+02 1.565180947229190103e-42
2.940820170587063558e+02 1.582922970340969014e-42
2.974907547214440342e+02 1.600866107186400711e-42
3.009390034449721156e+02 1.619012637479199460e-42
3.044272212064302607e+02 1.637364866774648269e-42
3.079558712914226817e+02 1.655925126762606725e-42
3.115254223555488124e+02 1.674695775563569603e-42
3.151363484866479325e+02 1.693679198028486444e-42
3.187891292677645652e+02 1.712877806041544602e-42
3.224842498408441998e+02 1.732233095531887979e-42
3.262222009711670125e+02 1.751689224660726241e-42
3.300034791125285096e+02 1.771363881516378141e-42
3.338285864731760739e+02 1.791259520562785080e-42
3.376980310825091465e+02 1.811378623831983939e-42
3.416123268585528194e+02 1.831723701233747119e-42
3.455719936762139355e+02 1.852297290868669706e-42
3.495775574363275382e+02 1.873101959344924573e-42
3.536295501355043029e+02 1.894140302098273445e-42
3.577285099367873613e+02 1.915211426497983720e-42
3.618749812411280118e+02 1.935929075291314434e-42
3.660695147596902643e+02 1.956870835619093195e-42
3.703126675869926885e+02 1.978039131790132491e-42
3.746050032748992749e+02 1.999436414338110517e-42
3.789470919074667563e+02 2.020619619223942889e-42
3.833395101766601556e+02 2.041849732406919479e-42
3.877828414589457111e+02 2.063302904745386042e-42
3.922776758927719243e+02 2.084981479862558221e-42
3.968246104569481645e+02 2.106925640050808637e-42
4.014242490499322003e+02 2.129280723493414928e-42
4.060772025700365475e+02 2.151873000763001032e-42
4.107840889965646625e+02 2.174704988553888941e-42
4.155455334718875520e+02 2.197779230263281857e-42
4.203621683844713743e+02 2.220810131196200127e-42
4.252346334528681950e+02 2.243913647653244823e-42
4.301635758106795038e+02 2.267257514451447891e-42
4.351496500925049986e+02 2.290844232001801163e-42
4.401935185208874373e+02 2.314719522863980233e-42
4.452958509942655496e+02 2.339279358814624608e-42
4.504573251759458685e+02 2.364099781646730964e-42
4.556786265841063823e+02 2.389183556261617397e-42
4.609604486828433778e+02 2.414533476896995417e-42
4.663034929742731265e+02 2.439877829935320648e-42
4.717084690917017156e+02 2.465260349946937612e-42
4.771760948938745628e+02 2.490906929213585895e-42
4.827070965603182913e+02 2.516820314794664707e-42
4.883022086877879815e+02 2.543008729549423727e-42
4.939621743878320785e+02 2.570254139249650725e-42
4.996877453854883697e+02 2.597791452135701608e-42
5.054796821191240497e+02 2.625623795614021187e-42
5.113387538414326059e+02 2.653754330597612697e-42
5.172657387216019060e+02 2.682697423492879953e-42
5.232614239486662200e+02 2.712551027345027521e-42
5.293266058360561601e+02 2.742736848187163310e-42
5.354620899273608075e+02 2.773258582997591046e-42
5.416686911033151546e+02 2.804119969895478323e-42
5.479472336900287246e+02 2.835056673076879822e-42
5.542985515684669053e+02 2.866312036181961654e-42
5.607234882852033024e+02 2.897911977133396131e-42
5.672228971644543662e+02 2.929860294763875033e-42
5.737976414214133456e+02 2.962045237594179296e-42
5.804485942768977793e+02 2.994393747986041449e-42
5.871766390733255321e+02 3.027095536616632578e-42
5.939826693920356320e+02 3.060154461639309584e-42
6.008675891719686888e+02 3.093574423342340536e-42
6.078323128297230369e+02 3.127897005087038054e-42
6.148777653810022912e+02 3.162704880646335241e-42
6.220048825634711420e+02 3.197900105341215972e-42
6.292146109610343956e+02 3.233486989671725749e-42
6.365079081295571086e+02 3.269370479280052218e-42
6.438857427240419611e+02 3.305413977960407869e-42
6.513490946272802375e+02 3.341854841762077800e-42
6.588989550799949484e+02 3.378697451476256293e-42
6.665363268124913247e+02 3.415946236190438819e-42
6.742622241778342413e+02 3.453338605190364402e-42
6.820776732865684835e+02 3.491052532830281608e-42
6.899837121430018669e+02 3.529178334456634488e-42
6.979813907830659900e+02 3.567720508147280348e-42
7.060717714137772418e+02 3.606840784119192558e-42
7.142559285543126180e+02 3.646978443694184222e-42
7.225349491787213765e+02 3.687562763327881353e-42
7.309099328602910646e+02 3.728598713544356885e-42
7.393819919175865607e+02 3.770091320180871054e-42
7.479522515621821412e+02 3.812045665003165553e-42
7.566218500481055571e+02 3.854466886327905565e-42
7.653919388230148115e+02 3.897360179652056856e-42
7.742636826811269657e+02 3.940730798288943648e-42
7.832382599179196632e+02 3.984584054012021520e-42
7.923168624866253822e+02 4.028925317705181989e-42
8.015006961565404708e+02 4.073760020020672704e-42
8.107909806731686331e+02 4.119093652043947591e-42
8.201889499202203524e+02 4.164931765966647505e-42
8.296958520834906494e+02 4.210520753951676493e-42
8.393129498166364328e+02 4.256067730651288620e-42
8.490415204088747032e+02 4.302107408184694942e-42
8.588828559546249153e+02 4.348645116304507782e-42
8.688382635251184638e+02 4.395746328314865436e-42
8.789090653419954151e+02 4.444663089620426915e-42
8.890965989529157696e+02 4.494124206618492319e-42
8.994022174092044679e+02 4.544135737010187891e-42
9.098272894455558344e+02 4.594703805907969153e-42
9.203731996618221274e+02 4.645834606585871613e-42
9.310413487069075700e+02 4.697534401237715452e-42
9.418331534647951457e+02 4.749809521744520846e-42
9.527500472427290106e+02 4.802666370449693739e-42
9.637934799615785550e+02 4.856111420943222792e-42
9.749649183484086734e+02 4.909668037601485491e-42
9.862658461312820464e+02 4.963795159185304473e-42
9.976977642363201539e+02 5.018519010582322390e-42
1.009262190987048371e+03 5.073846170499389124e-42
1.020960662306047539e+03 5.131982698293009108e-42
1.032794731918952493e+03 5.193880183874119485e-42
1.044765971560805156e+03 5.256524222775165074e-42
1.056875971184805167e+03 5.319923819269168463e-42
1.069126339173477163e+03 5.384088086230813448e-42
1.081518702552289142e+03 5.446580385038118892e-42
1.094054707205743625e+03 5.509448788214270058e-42
1.106736018095974487e+03 5.573042864351895920e-42
1.119564319483879444e+03 5.637370989697482907e-42
1.132541315152812558e+03 5.703613583753277553e-42
1.145668728634872650e+03 5.772997108671444700e-42
1.158948303439811752e+03 5.843224672804387074e-42
1.172381803286599734e+03 5.914306543750697300e-42
1.185971012337670572e+03 5.986253114012908869e-42
1.199717735435885515e+03 6.057107822040980975e-42
1.213623798344241777e+03 6.128279176862020435e-42
1.227691047988360424e+03 6.200286799072694074e-42
1.241921352701784599e+03 6.273140514861481886e-42
1.256316602474121510e+03 6.347175644589278156e-42
1.270878709202059554e+03 6.423071519645123260e-42
1.285609606943296512e+03 6.499874913914715993e-42
1.300511252173409957e+03 6.577596678990751118e-42
1.315585624045705117e+03 6.656247796223134659e-42
1.330834724654076126e+03 6.734861958609609572e-42
1.346260579298911125e+03 6.813996962345668665e-42
1.361865236756082822e+03 6.894061806790387302e-42
1.377650769549054985e+03 6.975067417623962981e-42
1.393619274224143510e+03 7.057265012092733172e-42
1.409772871628967778e+03 7.141651727316279454e-42
1.426113707194129802e+03 7.227047490335821960e-42
1.442643951218158918e+03 7.313464366764437666e-42
1.459365799155757713e+03 7.400914566488862029e-42
1.476281471909391030e+03 7.489410445394755267e-42
1.493393216124253286e+03 7.578964507111981707e-42
1.510703304486655497e+03 7.669589404781988500e-42
1.528214036025870882e+03 7.761297942845083963e-42
1.545927736419478606e+03 7.853971150152983212e-42
1.563846758302247736e+03 7.946255749322195709e-42
1.581973481578601422e+03 8.039624697679990650e-42
1.600310313738701780e+03 8.134090736389829052e-42
1.618859690178199116e+03 8.229666756324549226e-42
1.637624074521688954e+03 8.327287167882484899e-42
1.656605958949915248e+03 8.426860077446838339e-42
1.675807864530768711e+03 8.527623622583183126e-42
1.695232341554121376e+03 8.629592040226481809e-42
1.714881969870540843e+03 8.732779737549191412e-42
1.734759359233932628e+03 8.834490850972228241e-42
1.754867149648152008e+03 8.937380752572817554e-42
1.775208011717636055e+03 9.041468949811486508e-42
1.795784647002096790e+03 9.146769398503424482e-42
1.816599788375328671e+03 9.255889823681096265e-42
1.837656200388172465e+03 9.369446243465173242e-42
1.858956679635688261e+03 9.484395836754967390e-42
1.880504055128583559e+03 9.600755695780387803e-42
1.902301188668945770e+03 9.718543122467886897e-42
1.924350975230332324e+03 9.830409112605874612e-42
1.946656343342263199e+03 9.942859968916257705e-42
1.969220255479173375e+03 1.005659715979743179e-41
1.992045708453871384e+03 1.017163539973575022e-41
2.015135733815558524e+03 1.028838146535954986e-41
2.038493398252464203e+03 1.040713746789100147e-41
2.062121803999144504e+03 1.052726423881653997e-41
2.086024089248504879e+03 1.064877760054454598e-41
2.110203428568596337e+03 1.077169355811717226e-41
2.134663033324245589e+03 1.089417573877894904e-41
2.159406152103567820e+03 1.101766607264952485e-41
2.184436071149428244e+03 1.114255622445264635e-41
2.209756114795903159e+03 1.126886206174819561e-41
2.235369645909796418e+03 1.139693554955676949e-41
2.261280066337279550e+03 1.152730603029479631e-41
2.287490817355704166e+03 1.165916782965737421e-41
2.314005380130653975e+03 1.179253800696059555e-41
2.340827276178294142e+03 1.192743381666346989e-41
2.367960067833078483e+03 1.206295105008821414e-41
2.395407358720879529e+03 1.219968997264269679e-41
2.423172794237600556e+03 1.233797889178289905e-41
2.451260062033339636e+03 1.247783537741063760e-41
2.479672892502160266e+03 1.261927719858977883e-41
2.508415059277541332e+03 1.276232232580526106e-41
2.537490379733571899e+03 1.290698893324464426e-41
2.566902715491951767e+03 1.305329540110883765e-41
2.596655972934872352e+03 1.320126031794566073e-41
2.626754103723838398e+03 1.335090248301326772e-41
2.657201105324506898e+03 1.350224090866689755e-41
2.688001021537607357e+03 1.365529482277619580e-41
2.719157943036018878e+03 1.381008367116659362e-41
2.750676007908067277e+03 1.396662712009062411e-41
2.782559402207125913e+03 1.412494505872722349e-41
2.814812360507581161e+03 1.428505760170711571e-41
2.847439166467247560e+03 1.444698509167025517e-41
2.880444153396297679e+03 1.461074810184852943e-41
2.913831704832788546e+03 1.477636743868129245e-41
2.947606255124858762e+03 1.494386414445815879e-41
2.981772290019673619e+03 1.511325949999172752e-41
3.016334347259197330e+03 1.528457502732308047e-41
3.051297017182871059e+03 1.545788851705245715e-41
3.086664943337274508e+03 1.563471257193985456e-41
3.122442823092857907e+03 1.581355933169773563e-41
3.158635408267819003e+03 1.599445193421253433e-41
3.195247505759213709e+03 1.617741378204764261e-41
3.232283978181380917e+03 1.636164142978183864e-41
3.269749744511767858e+03 1.654710792227150412e-41
3.307649780744242435e+03 1.673467676005333095e-41
3.345989120549974814e+03 1.692437177414806246e-41
3.384772855945982883e+03 1.711621706571057321e-41
3.424006137971425687e+03 1.731023700909417749e-41
3.463694177371734440e+03 1.750645625494520906e-41
3.503842245290675692e+03 1.770489973333720389e-41
3.544455673970435782e+03 1.790559265693631517e-41
3.585539857459817085e+03 1.810931990488066900e-41
3.627100252330648345e+03 1.831647390093269085e-41
3.669142378402494160e+03 1.852599754854013707e-41
3.711671819475766824e+03 1.873791795434155594e-41
3.754694224073336954e+03 1.895226253505024332e-41
3.798215306190736101e+03 1.916735572410848496e-41
3.842240846055060956e+03 1.938462623768765442e-41
3.886776690892667830e+03 1.960435960930298786e-41
3.931828755705770163e+03 1.982658375654687417e-41
3.977403024058036863e+03 2.005132691347003532e-41
4.023505548869293307e+03 2.027861763416971999e-41
4.070142453219438721e+03 2.050848479641526209e-41
4.117319931161679051e+03 2.074095760531970901e-41
4.165044248545184928e+03 2.097606559704772396e-41
4.213321743847289326e+03 2.121383864257056472e-41
4.262158829015324955e+03 2.145430695146026277e-41
4.311561990318228709e+03 2.169750107572675715e-41
4.361537789208005961e+03 2.194345191370203103e-41
4.412092863191190190e+03 2.219219071396299470e-41
4.463233926710397100e+03 2.244374907930453958e-41
4.514967772036101451e+03 2.269815897075222831e-41
4.567301270168746669e+03 2.295545271162405973e-41
4.620241371751312727e+03 2.321566299163837237e-41
4.673795107992463272e+03 2.347882287106450392e-41
4.727969591600390231e+03 2.374496578492620376e-41
4.782772017727485036e+03 2.401412554724656021e-41
4.838209664925957441e+03 2.428633635534722792e-41
4.894289896114531984e+03 2.456321299813930864e-41
4.951020159556351246e+03 2.485183212119237869e-41
5.008407989848212310e+03 2.514384253504271741e-41
5.066461008921268331e+03 2.543928408754638580e-41
5.125186927053332511e+03 2.573819709477397506e-41
5.184593543892912749e+03 2.605375222314514410e-41
5.244688749495118827e+03 2.638150286703152125e-41
5.305480525369574025e+03 2.671337654408594083e-41
5.366976945540475754e+03 2.704942512118592127e-41
5.429186177618942565e+03 2.738929209783666500e-41
5.492116483887789400e+03 2.772816036663396945e-41
5.555776222398877508e+03 2.807122121197496996e-41
5.620173848083188204e+03 2.841852650563265699e-41
5.685317913873753241e+03 2.877012876115406924e-41
5.751217071841613688e+03 2.912924983731730953e-41
5.817880074344935565e+03 2.949568958497203140e-41
5.885315775191450484e+03 2.986673906646511450e-41
5.953533130814370452e+03 3.024245627126467465e-41
6.022541201461927812e+03 3.062289991833395093e-41
6.092349152400711318e+03 3.100184663137435899e-41
6.162966255132942024e+03 3.138541047303798614e-41
6.234401888627863627e+03 3.177371987784115813e-41
6.306665540567405515e+03 3.216683355926743351e-41
6.379766808606282211e+03 3.256779249366870125e-41
6.453715401646702048e+03 3.297748837425957182e-41
6.528521141127846931e+03 3.339233814161159986e-41
6.604193962330305112e+03 3.381240663052055262e-41
6.680743915695614305e+03 3.423775949139010171e-41
6.758181168161110691e+03 3.466203606178734037e-41
6.836516004510238417e+03 3.509088482908204543e-41
6.915758828738525153e+03 3.552503943775613804e-41
6.995920165435374656e+03 3.596456553321806729e-41
7.077010661181889191e+03 3.641223559941651972e-41
7.159041085964888225e+03 3.687029375399010235e-41
7.242022334607315315e+03 3.733411418241249840e-41
7.325965428215230531e+03 3.780376937285923303e-41
7.410881515641569422e+03 3.827933272539161075e-41
7.496781874966876785e+03 3.875436061065837771e-41
7.583677914997190783e+03 3.923384080465425123e-41
7.671581176779302041e+03 3.971925326673006309e-41
7.760503335133571454e+03 4.021067139262903836e-41
7.850456200204509514e+03 4.071049339942724432e-41
7.941451719029339984e+03 4.122262272000706848e-41
8.033501977124734367e+03 4.174119451816691689e-41
8.126619200091945459e+03 4.226628983890012144e-41
8.220815755240540966e+03 4.279799074672872484e-41
8.316104153230960947e+03 4.332983970311825072e-41
8.412497049736119152e+03 4.386592905201457358e-41
8.510007247122246554e+03 4.440865105388097599e-41
8.608647696149244439e+03 4.495808776982372810e-41
8.708431497690724427e+03 4.551613614329519445e-41
8.809371904473990071e+03 4.608871942421441777e-41
8.911482322840201959e+03 4.666850568063569716e-41
9.014776314524917325e+03 4.725558552445395249e-41
9.119267598459298824e+03 4.785005070744239480e-41
9.224970052592174397e+03 4.843903933244005185e-41
9.331897715733239238e+03 4.902829231095746236e-41
9.440064789417603606e+03 4.962471345543022618e-41
9.549485639791966605e+03 5.022838996542373290e-41
9.660174799522645117e+03 5.085589463335472861e-41
9.772146969725725285e+03 5.162597541089950494e-41
9.885417021919573017e+03 5.240771706685893182e-41
1.000000000000000000e+04 9.702250481810323511e-40
