# CRESST-III
# https://arxiv.org/pdf/2207.07640
# mass [GeV]        sigma_SD_neutron [cm^2]
0.16133080858171436	6.970523646152136e-29
0.16561260968695168	3.6259739843370726e-29
0.16948962679018603	1.9101135683069383e-29
0.17284662976865492	1.0698476977216737e-29
0.17627012335903247	6.151584112587833e-30
0.18116931221765906	3.823927084865576e-30
0.18726324019852994	2.276828283591246e-30
0.1926819205649023	1.2650698580955419e-30
0.1984029506997561	7.694439081429117e-31
0.20435303897097434	4.6580325891940404e-31
0.21057251824354858	2.7877336729014925e-31
0.21750684760057137	1.7069045767489224e-31
0.22503511814799365	1.0472501021041862e-31
0.23396781561721444	6.311613420174648e-32
0.24418681596085956	3.93865553849977e-32
0.25446630497530615	2.786788267467913e-32
0.27183386136628707	1.5504151213165542e-32
0.2810746418804212	1.1031029379796595e-32
0.2925954945648005	8.933152830410019e-33
0.3044856532962405	6.674358633850329e-33
0.3177568083721363	5.413932844745179e-33
0.33213173613109925	4.090218593748132e-33
0.3465536733343006	3.50531832702803e-33
0.36352557583495637	2.7883060448742993e-33
0.3800787153932515	2.334607235228242e-33
0.39795682124231024	1.921933800891849e-33
0.4166758757049197	1.5989292978129347e-33
0.4362754352406181	1.3692326619534549e-33
0.45679691696186064	1.1896078395615535e-33
0.47828368615523176	1.0624702037575436e-33
0.500781147919472	9.576904561554206e-34
0.5243368431139638	8.632439823418113e-34
0.5490005488204349	7.904807832462307e-34
0.574824383530168	7.315016525843498e-34
0.6018629172789978	6.751460748575391e-34
0.6301732869628252	6.4734052433086516e-34
0.659815317077334	6.223137586908434e-34
0.6908516461370493	5.9825455027126285e-34
0.7233478590408826	5.819687109984877e-34
0.7573726256638771	5.736157383980097e-34
0.7929978459680149	5.736157383980097e-34
0.8302988019387356	5.736157383980097e-34
0.8693543166682272	5.736157383980097e-34
0.9102469209216633	5.736157383980097e-34
0.9530630275383669	5.736157383980097e-34
0.9978931140364384	5.706081096108535e-34
1.0448319138067215	5.558048661154368e-34
1.0939786163001353	5.528906247453445e-34
1.145437076631397	5.528906247453445e-34
1.1993160350420637	5.587344682140041e-34
1.2557293466866548	5.736157383980097e-34
1.3147962222274363	5.736157383980097e-34
1.3766414797462743	5.736157383980097e-34
1.4413958085058942	5.736157383980097e-34
1.5091960451179214	5.736157383980097e-34
1.5801854627012824	5.736157383980097e-34
1.6545140736420125	5.766392201510965e-34
1.7323389465942491	5.927759187059939e-34
1.8138245383922913	6.0140790119134664e-34
1.8963556076732477	6.219264587986563e-34
1.9884747482576322	6.388883924554482e-34
2.0899987073095305	6.6545573144555466e-34
2.1776273951533716	6.794922305465585e-34
2.280039276369839	7.070893633486293e-34
2.3805710374288025	7.296823378897793e-34
2.502258068935115	7.559356118028335e-34
2.6264184254065626	7.83570704906432e-34
2.743196421916114	8.08340934862572e-34
2.87223062985652	8.386416073560459e-34
3.007334336388346	8.769663239765508e-34
3.1487930379992246	9.146351095924784e-34
3.2969056603329525	9.526690155074165e-34
3.4519851898688483	9.909812396076536e-34
3.6143593353139694	1.0417297408374173e-33
3.7843712201058315	1.0907679141442162e-33
3.9623801074890173	1.1406144407673208e-33
4.1487621596978554	1.1943074922660731e-33
4.343911232849466	1.2439712087776894e-33
4.548239709226906	1.297404143993895e-33
4.762179368711174	1.3531322115617766e-33
4.986182301203548	1.3873468352012743e-33
5.220721861966341	1.3460373584747826e-33
5.466293671900916	1.3076754161786898e-33
5.7234166648766465	1.2889064055510932e-33
6.009693048940007	1.3011911035249046e-33
