# Envelope of XENON limits as of 2025 
#  Mass [GeV] 	 sigma_n_SD [cm^2]
1.000000000000000056e-01 1.000000000000000000e+00
1.011591112223829692e-01 1.000000000000000000e+00
1.023316578330244891e-01 1.000000000000000000e+00
1.035177955630176283e-01 1.000000000000000000e+00
1.047176819485520216e-01 1.000000000000000000e+00
1.059314763518370006e-01 1.000000000000000000e+00
1.071593399822671072e-01 1.000000000000000000e+00
1.084014359178330916e-01 1.000000000000000000e+00
1.096579291267809897e-01 1.000000000000000000e+00
1.109289864895222771e-01 1.000000000000000000e+00
1.122147768207980290e-01 1.000000000000000000e+00
1.135154708920999012e-01 1.000000000000000000e+00
1.148312414543511129e-01 1.000000000000000000e+00
1.161622632608501904e-01 1.000000000000000000e+00
1.175087130904807486e-01 1.000000000000000000e+00
1.188707697711903349e-01 1.000000000000000000e+00
1.202486142037412220e-01 1.000000000000000000e+00
1.216424293857368000e-01 1.000000000000000000e+00
1.230524004359261625e-01 1.000000000000000000e+00
1.244787146187906202e-01 1.000000000000000000e+00
1.259215613694150970e-01 1.000000000000000000e+00
1.273811323186478384e-01 1.000000000000000000e+00
1.288576213185518016e-01 1.000000000000000000e+00
1.303512244681508947e-01 1.000000000000000000e+00
1.318621401394748371e-01 1.000000000000000000e+00
1.333905690039058622e-01 1.000000000000000000e+00
1.349367140588306480e-01 1.000000000000000000e+00
1.365007806546013891e-01 1.000000000000000000e+00
1.380829765218092309e-01 1.000000000000000000e+00
1.396835117988739772e-01 1.000000000000000000e+00
1.413025990599533765e-01 1.000000000000000000e+00
1.429404533431760937e-01 1.000000000000000000e+00
1.445972921792019472e-01 1.000000000000000000e+00
1.462733356201129931e-01 1.000000000000000000e+00
1.479688062686396188e-01 1.000000000000000000e+00
1.496839293077255606e-01 1.000000000000000000e+00
1.514189325304352018e-01 1.000000000000000000e+00
1.531740463702079835e-01 1.000000000000000000e+00
1.549495039314631728e-01 1.000000000000000000e+00
1.567455410205594868e-01 1.000000000000000000e+00
1.585623961771137069e-01 1.000000000000000000e+00
1.604003107056820310e-01 1.000000000000000000e+00
1.622595287078087423e-01 1.000000000000000000e+00
1.641402971144466927e-01 1.000000000000000000e+00
1.660428657187530133e-01 1.000000000000000000e+00
1.679674872092653537e-01 1.000000000000000000e+00
1.699144172034626477e-01 1.000000000000000000e+00
1.718839142817145949e-01 1.000000000000000000e+00
1.738762400216250781e-01 1.000000000000000000e+00
1.758916590327733176e-01 1.000000000000000000e+00
1.779304389918577867e-01 1.000000000000000000e+00
1.799928506782476900e-01 1.000000000000000000e+00
1.820791680099462795e-01 1.000000000000000000e+00
1.841896680799711417e-01 1.000000000000000000e+00
1.863246311931560373e-01 1.000000000000000000e+00
1.884843409033795936e-01 1.000000000000000000e+00
1.906690840512252350e-01 1.000000000000000000e+00
1.928791508020778200e-01 1.000000000000000000e+00
1.951148346846616755e-01 1.000000000000000000e+00
1.973764326300255778e-01 1.000000000000000000e+00
1.996642450109794020e-01 1.000000000000000000e+00
2.019785756819878764e-01 1.000000000000000000e+00
2.043197320195271061e-01 1.000000000000000000e+00
2.066880249629082511e-01 1.000000000000000000e+00
2.090837690555750472e-01 1.000000000000000000e+00
2.115072824868795276e-01 1.000000000000000000e+00
2.139588871343422183e-01 1.000000000000000000e+00
2.164389086064020806e-01 1.000000000000000000e+00
2.189476762856621128e-01 1.000000000000000000e+00
2.214855233726359951e-01 1.000000000000000000e+00
2.240527869300018848e-01 1.000000000000000000e+00
2.266498079273693289e-01 1.000000000000000000e+00
2.292769312865649278e-01 1.000000000000000000e+00
2.319345059274428023e-01 1.000000000000000000e+00
2.346228848142263013e-01 1.000000000000000000e+00
2.373424250023866700e-01 1.000000000000000000e+00
2.400934876860652545e-01 1.000000000000000000e+00
2.428764382460451010e-01 1.000000000000000000e+00
2.456916462982790816e-01 1.000000000000000000e+00
2.485394857429799043e-01 1.000000000000000000e+00
2.514203348142797223e-01 1.000000000000000000e+00
2.543345761304649510e-01 1.000000000000000000e+00
2.572825967447933682e-01 1.000000000000000000e+00
2.602647881969005761e-01 1.000000000000000000e+00
2.632815465648021269e-01 1.000000000000000000e+00
2.663332725174982207e-01 1.000000000000000000e+00
2.694203713681883605e-01 1.000000000000000000e+00
2.725432531281029025e-01 1.000000000000000000e+00
2.757023325609583853e-01 1.000000000000000000e+00
2.788980292380440762e-01 1.000000000000000000e+00
2.821307675939472293e-01 1.000000000000000000e+00
2.854009769829238818e-01 1.000000000000000000e+00
2.887090917359236286e-01 1.000000000000000000e+00
2.920555512182746449e-01 1.000000000000000000e+00
2.954407998880381192e-01 1.000000000000000000e+00
2.988652873550384226e-01 1.000000000000000000e+00
3.023294684405777866e-01 1.000000000000000000e+00
3.058338032378433158e-01 1.000000000000000000e+00
3.093787571730138297e-01 1.000000000000000000e+00
3.129648010670751934e-01 1.000000000000000000e+00
3.165924111983522415e-01 1.000000000000000000e+00
3.202620693657651785e-01 1.000000000000000000e+00
3.239742629528197249e-01 1.000000000000000000e+00
3.277294849923383935e-01 1.000000000000000000e+00
3.315282342319424980e-01 1.000000000000000000e+00
3.353710152002930545e-01 1.000000000000000000e+00
3.392583382740993470e-01 1.000000000000000000e+00
3.431907197459044268e-01 1.000000000000000000e+00
3.471686818926561502e-01 1.000000000000000000e+00
3.511927530450729695e-01 1.000000000000000000e+00
3.552634676578141359e-01 1.000000000000000000e+00
3.593813663804627523e-01 1.000000000000000000e+00
3.635469961293319452e-01 1.000000000000000000e+00
3.677609101601032604e-01 1.000000000000000000e+00
3.720236681413067736e-01 1.000000000000000000e+00
3.763358362286534642e-01 1.000000000000000000e+00
3.806979871402286220e-01 1.000000000000000000e+00
3.851107002325570572e-01 1.000000000000000000e+00
3.895745615775503268e-01 1.000000000000000000e+00
3.940901640403449702e-01 1.000000000000000000e+00
3.986581073580440782e-01 1.000000000000000000e+00
4.032789982193707434e-01 1.000000000000000000e+00
4.079534503452451055e-01 1.000000000000000000e+00
4.126820845702953711e-01 1.000000000000000000e+00
4.174655289253136892e-01 1.000000000000000000e+00
4.223044187206674294e-01 1.000000000000000000e+00
4.271993966306778523e-01 1.000000000000000000e+00
4.321511127789764428e-01 1.000000000000000000e+00
4.371602248248504519e-01 1.000000000000000000e+00
4.422273980505899149e-01 1.000000000000000000e+00
4.473533054498465278e-01 1.000000000000000000e+00
4.525386278170169252e-01 1.000000000000000000e+00
4.577840538376618529e-01 1.000000000000000000e+00
4.630902801799739454e-01 1.000000000000000000e+00
4.684580115873047679e-01 1.000000000000000000e+00
4.738879609717653318e-01 1.000000000000000000e+00
4.793808495089109112e-01 1.000000000000000000e+00
4.849374067335235350e-01 1.000000000000000000e+00
4.905583706365048147e-01 1.000000000000000000e+00
4.962444877628915951e-01 1.000000000000000000e+00
5.019965133110081412e-01 1.000000000000000000e+00
5.078152112327672940e-01 1.000000000000000000e+00
5.137013543351340861e-01 1.000000000000000000e+00
5.196557243827659711e-01 1.000000000000000000e+00
5.256791122018421580e-01 1.000000000000000000e+00
5.317723177850969263e-01 1.000000000000000000e+00
5.379361503980700787e-01 1.000000000000000000e+00
5.441714286865890760e-01 1.000000000000000000e+00
5.504789807854970629e-01 1.000000000000000000e+00
5.568596444286411096e-01 1.000000000000000000e+00
5.633142670601354318e-01 1.000000000000000000e+00
5.698437059469139143e-01 1.000000000000000000e+00
5.764488282925875895e-01 1.000000000000000000e+00
5.831305113526221717e-01 1.000000000000000000e+00
5.898896425508496355e-01 1.000000000000000000e+00
5.967271195973313791e-01 1.000000000000000000e+00
6.036438506075867405e-01 1.000000000000000000e+00
6.106407542232039631e-01 1.000000000000000000e+00
6.177187597338491543e-01 1.000000000000000000e+00
6.248788072006891126e-01 1.000000000000000000e+00
6.321218475812451221e-01 1.000000000000000000e+00
6.394488428556941439e-01 1.000000000000000000e+00
6.468607661546326160e-01 1.000000000000000000e+00
6.543586018883233990e-01 1.000000000000000000e+00
6.619433458774393042e-01 1.000000000000000000e+00
6.696160054853220744e-01 1.000000000000000000e+00
6.773775997517750280e-01 1.000000000000000000e+00
6.852291595284062398e-01 1.000000000000000000e+00
6.931717276155405782e-01 1.000000000000000000e+00
7.012063589007182518e-01 1.000000000000000000e+00
7.093341204987995141e-01 1.000000000000000000e+00
7.175560918936926269e-01 1.000000000000000000e+00
7.258733650817251748e-01 1.000000000000000000e+00
7.342870447166763848e-01 1.000000000000000000e+00
7.427982482564916555e-01 1.000000000000000000e+00
7.514081061116968385e-01 1.000000000000000000e+00
7.601177617955328092e-01 1.000000000000000000e+00
7.689283720758310903e-01 1.000000000000000000e+00
7.778411071286488454e-01 1.000000000000000000e+00
7.868571506936850035e-01 1.000000000000000000e+00
7.959777002314983863e-01 1.000000000000000000e+00
8.052039670825476003e-01 1.000000000000000000e+00
8.145371766280743442e-01 1.000000000000000000e+00
8.239785684528517784e-01 1.000000000000000000e+00
8.335293965098193869e-01 1.000000000000000000e+00
8.431909292866257566e-01 1.000000000000000000e+00
8.529644499741022567e-01 1.000000000000000000e+00
8.628512566366893788e-01 1.000000000000000000e+00
8.728526623848377186e-01 1.000000000000000000e+00
8.829699955494089147e-01 1.000000000000000000e+00
8.932045998580966373e-01 1.000000000000000000e+00
9.035578346138927186e-01 1.000000000000000000e+00
9.140310748756229620e-01 1.000000000000000000e+00
9.246257116405740550e-01 1.000000000000000000e+00
9.353431520292383450e-01 1.000000000000000000e+00
9.461848194721999006e-01 1.000000000000000000e+00
9.571521538991862865e-01 1.000000000000000000e+00
9.682466119303121399e-01 1.000000000000000000e+00
9.794696670695393070e-01 1.000000000000000000e+00
9.908228099003795197e-01 1.000000000000000000e+00
1.002307548283865479e+00 1.000000000000000000e+00
1.013925407558815328e+00 1.000000000000000000e+00
1.025677930744421928e+00 1.000000000000000000e+00
1.037566678745186044e+00 1.000000000000000000e+00
1.049593230558227619e+00 1.000000000000000000e+00
1.061759183483000024e+00 1.000000000000000000e+00
1.074066153333433471e+00 1.000000000000000000e+00
1.086515774652538457e+00 1.000000000000000000e+00
1.099109700929497224e+00 1.000000000000000000e+00
1.111849604819270976e+00 1.000000000000000000e+00
1.124737178364751955e+00 1.000000000000000000e+00
1.137774133221491457e+00 1.000000000000000000e+00
1.150962200885032205e+00 1.000000000000000000e+00
1.164303132920876838e+00 1.000000000000000000e+00
1.177798701197119158e+00 1.000000000000000000e+00
1.191450698119775886e+00 1.000000000000000000e+00
1.205260936870842681e+00 1.000000000000000000e+00
1.219231251649110614e+00 1.000000000000000000e+00
1.233363497913775975e+00 1.000000000000000000e+00
1.247659552630869806e+00 1.000000000000000000e+00
1.262121314522547388e+00 1.000000000000000000e+00
1.276750704319265850e+00 1.000000000000000000e+00
1.291549665014884107e+00 1.000000000000000000e+00
1.306520162124721329e+00 1.000000000000000000e+00
1.321664183946605231e+00 1.000000000000000000e+00
1.336983741824946614e+00 1.000000000000000000e+00
1.352480870417875458e+00 1.000000000000000000e+00
1.368157627967471868e+00 1.000000000000000000e+00
1.384016096573131627e+00 1.000000000000000000e+00
1.400058382468097440e+00 1.000000000000000000e+00
1.416286616299198720e+00 1.000000000000000000e+00
1.432702953409831004e+00 1.000000000000000000e+00
1.449309574126216527e+00 1.000000000000000000e+00
1.466108684046984356e+00 1.000000000000000000e+00
1.483102514336104516e+00 1.000000000000000000e+00
1.500293322019218278e+00 1.000000000000000000e+00
1.517683390283405265e+00 1.000000000000000000e+00
1.535275028780422657e+00 1.000000000000000000e+00
1.553070573933460041e+00 1.000000000000000000e+00
1.571072389247450518e+00 1.000000000000000000e+00
1.589282865622978047e+00 1.000000000000000000e+00
1.607704421673823658e+00 1.000000000000000000e+00
1.626339504048192275e+00 1.000000000000000000e+00
1.645190587753662559e+00 1.000000000000000000e+00
1.664260176485903520e+00 1.000000000000000000e+00
1.683550802961202297e+00 1.000000000000000000e+00
1.703065029252844420e+00 1.000000000000000000e+00
1.722805447131394052e+00 1.000000000000000000e+00
1.742774678408919087e+00 1.000000000000000000e+00
1.762975375287205715e+00 1.000000000000000000e+00
1.783410220710007987e+00 1.000000000000000000e+00
1.804081928719382777e+00 1.000000000000000000e+00
1.824993244816152327e+00 1.000000000000000000e+00
1.846146946324547677e+00 1.000000000000000000e+00
1.867545842761076047e+00 1.000000000000000000e+00
1.889192776207666347e+00 1.000000000000000000e+00
1.911090621689137903e+00 1.000000000000000000e+00
1.933242287555045236e+00 1.000000000000000000e+00
1.955650715865949074e+00 1.000000000000000000e+00
1.978318882784164234e+00 1.000000000000000000e+00
2.001249798969037208e+00 1.000000000000000000e+00
2.024446509976803643e+00 1.000000000000000000e+00
2.047912096665085446e+00 1.000000000000000000e+00
2.071649675602068807e+00 1.000000000000000000e+00
2.095662399480433091e+00 1.000000000000000000e+00
2.119953457536071006e+00 1.000000000000000000e+00
2.144526075971667556e+00 1.000000000000000000e+00
2.169383518385184395e+00 1.000000000000000000e+00
2.194529086203313550e+00 1.000000000000000000e+00
2.219966119119954673e+00 1.000000000000000000e+00
2.245697995539774006e+00 1.000000000000000000e+00
2.271728133026905017e+00 1.000000000000000000e+00
2.298059988758851091e+00 1.000000000000000000e+00
2.324697059985648018e+00 1.000000000000000000e+00
2.351642884494348440e+00 1.000000000000000000e+00
2.378901041078893108e+00 1.000000000000000000e+00
2.406475150015424003e+00 1.000000000000000000e+00
2.434368873543110379e+00 1.000000000000000000e+00
2.462585916350546800e+00 1.000000000000000000e+00
2.491130026067788439e+00 1.000000000000000000e+00
2.520004993764092038e+00 1.000000000000000000e+00
2.549214654451422923e+00 1.000000000000000000e+00
2.578762887593800901e+00 1.000000000000000000e+00
2.608653617622548104e+00 1.000000000000000000e+00
2.638890814457510281e+00 1.000000000000000000e+00
2.669478494034320804e+00 1.000000000000000000e+00
2.700420718837772682e+00 1.000000000000000000e+00
2.731721598441376297e+00 1.000000000000000000e+00
2.763385290053169907e+00 1.000000000000000000e+00
2.795415999067856649e+00 1.000000000000000000e+00
2.827817979625341316e+00 1.000000000000000000e+00
2.860595535175741944e+00 1.000000000000000000e+00
2.893753019050950392e+00 1.000000000000000000e+00
2.927294835042816068e+00 1.000000000000000000e+00
2.961225437988034503e+00 1.000000000000000000e+00
2.995549334359813187e+00 1.000000000000000000e+00
3.030271082866396348e+00 1.113333029677871004e-36
3.065395295056526859e+00 9.446139393768182963e-37
3.100926635931926523e+00 7.964179115408694578e-37
3.136869824566876463e+00 6.851318194683479307e-37
3.173229634734976212e+00 5.882909659044486453e-37
3.210010895543171650e+00 5.042414474497457374e-37
3.247218492073128626e+00 4.312629943507239820e-37
3.284857366030043746e+00 3.684373427262547635e-37
3.322932516398971803e+00 3.143679264751474912e-37
3.361449000108764906e+00 2.675902228450827697e-37
3.400411932703705897e+00 2.271311352521845412e-37
3.439826489022924427e+00 1.926229541517918637e-37
3.479697903887691623e+00 1.631383417025067855e-37
3.520031472796679051e+00 1.327470589272838632e-37
3.560832552629277892e+00 1.122440997084475878e-37
3.602106562357069830e+00 9.676002336120110982e-38
3.643858983763544224e+00 8.013589237512605070e-38
3.686095362172157941e+00 6.646294045384073116e-38
3.728821307182833777e+00 5.599533315556578840e-38
3.772042493416997377e+00 4.752586754791047862e-38
3.815764661271248581e+00 4.064055419556270482e-38
3.859993617679767119e+00 3.378391741461536020e-38
3.904735236885560123e+00 2.683898614352531227e-38
3.949995461220642934e+00 2.269406073457207821e-38
3.995780301895269560e+00 1.918662883136572382e-38
4.042095839796307821e+00 1.723216561834205911e-38
4.088948226294862209e+00 1.540364796331835905e-38
4.136343684063275461e+00 1.378745254583228768e-38
4.184288507901582577e+00 1.240145730617569581e-38
4.232789065573550502e+00 1.110749999005604252e-38
4.281851798652413166e+00 9.937112739614390522e-39
4.331483223376400460e+00 8.882182920283237347e-39
4.381689931514192615e+00 7.917505436049344885e-39
4.432478591240398558e+00 7.053559011019468181e-39
4.483855948021188809e+00 6.279086196662941819e-39
4.535828825510188622e+00 5.581251519939778417e-39
4.588404126454759258e+00 4.952138981951939665e-39
4.641588833612779297e+00 4.390966096208004220e-39
4.695390010680060122e+00 3.890742426371087176e-39
4.749814803228502136e+00 3.440177357505744360e-39
4.804870439655131165e+00 3.041994143968935246e-39
4.860564232142136731e+00 2.686123636509386821e-39
4.916903577628028543e+00 2.369867022045333685e-39
4.973895958790064853e+00 2.092990502139685407e-39
5.031548945038053944e+00 1.893240701009171270e-39
5.089870193519682395e+00 1.687179764852657803e-39
5.148867450137495361e+00 1.511696457679829450e-39
5.208548550577662972e+00 1.384416177039918959e-39
5.268921421350674095e+00 1.229819889934045524e-39
5.329994080844090654e+00 1.135073537785540290e-39
5.391774640387502870e+00 1.002243572184312006e-39
5.454271305329833730e+00 9.269140801025789122e-40
5.517492376129125908e+00 8.134406253146432163e-40
5.581446249454963926e+00 7.506163189428785826e-40
5.646141419303670084e+00 6.593397088641228393e-40
5.711586478126432276e+00 6.057250985929489301e-40
5.777790117970504014e+00 5.314932788197183051e-40
5.844761131633634754e+00 4.812358473733245687e-40
5.912508413831877974e+00 4.290766387452052188e-40
5.981040962380941295e+00 3.853944060763530201e-40
6.050367879391221670e+00 3.508449674147892229e-40
6.120498372476699700e+00 3.246588379723025764e-40
6.191441755977844075e+00 2.975871375306859707e-40
6.263207452198689573e+00 2.733026711467978071e-40
6.335804992658251145e+00 2.487119800720712489e-40
6.409244019356453492e+00 2.294226236912155671e-40
6.483534286054723594e+00 2.087840725353191389e-40
6.558685659571431792e+00 1.916592062427247692e-40
6.634708121092347533e+00 1.729962659315430974e-40
6.711611767496282965e+00 1.593669375476593602e-40
6.789406812696109128e+00 1.436816484781376624e-40
6.868103588995303710e+00 1.318243722933100435e-40
6.947712548460236448e+00 1.196687224402026231e-40
7.028244264308349365e+00 1.115056762839448515e-40
7.109709432312435240e+00 1.050715676874320913e-40
7.192118872221189285e+00 9.807780631664262152e-41
7.275483529196228538e+00 9.164788381711535830e-41
7.359814475265767264e+00 8.545793520951595097e-41
7.445122910795139326e+00 7.967238406161875050e-41
7.531420165974371805e+00 7.417326044903840116e-41
7.618717702322995500e+00 6.895005255981409468e-41
7.707027114212299246e+00 6.416225153858115756e-41
7.796360130405233235e+00 5.958595495800811669e-41
7.886728615614152282e+00 5.488946192534213769e-41
7.978144572076624641e+00 5.149250501402231723e-41
8.070620141149502658e+00 4.874331485121643927e-41
8.164167604921468424e+00 4.620703140998757985e-41
8.258799387844268480e+00 4.477277590659149080e-41
8.354528058382866718e+00 4.310023428373009928e-41
8.451366330684717099e+00 4.137897444065479601e-41
8.549327066268380904e+00 3.980952307270765737e-41
8.648423275731722981e+00 3.771239493331532667e-41
8.748668120479909049e+00 3.570293575945860140e-41
8.850074914473434973e+00 3.392540472569517317e-41
8.952657125996395848e+00 3.226737800979813905e-41
9.056428379445289778e+00 3.105348530663408892e-41
9.161402457138516198e+00 3.033698156583574709e-41
9.267593301146877849e+00 2.921994732318004600e-41
9.375015015145285346e+00 2.784249134854530316e-41
9.483681866285921913e+00 2.669548139246214509e-41
9.593608287093141840e+00 2.572812146481449856e-41
9.704808877380301624e+00 2.479581560552625440e-41
9.817298406188836424e+00 2.389729356587917342e-41
9.931091813749794994e+00 2.301300629995970221e-41
1.004620421346813153e+01 2.266830673116026051e-41
1.016265089392995158e+01 2.223268171508842268e-41
1.028044732093309754e+01 2.173444786490522908e-41
1.039960913954120336e+01 2.125621411713109074e-41
1.052015217616159148e+01 2.078850318175707657e-41
1.064209244064724658e+01 2.032310812945847102e-41
1.076544612842315907e+01 1.911404311833873300e-41
1.089022962263730498e+01 1.785141067199050883e-41
1.101645949633656940e+01 1.667189048013791681e-41
1.114415251466788170e+01 1.561375485503570181e-41
1.127332563710487179e+01 1.473181419214800903e-41
1.140399601970033139e+01 1.391960516802135730e-41
1.153618101736478430e+01 1.317851000197265206e-41
1.166989818617147456e+01 1.250794451131235687e-41
1.180516528568805512e+01 1.189457527215382189e-41
1.194200028133532498e+01 1.134127494292058071e-41
1.208042134677328860e+01 1.084263615799774084e-41
1.222044686631488730e+01 1.037682265039596117e-41
1.236209543736769056e+01 9.958138943724165596e-42
1.250538587290391312e+01 9.556348273788016907e-42
1.265033720395903849e+01 9.160697115296605057e-42
1.279696868215941663e+01 8.776894766630690530e-42
1.294529978227916089e+01 8.406407864316247821e-42
1.309535020482667633e+01 8.036573061768069590e-42
1.324713987866117471e+01 7.683008916483324170e-42
1.340068896363950657e+01 7.393437399017245015e-42
1.355601785329368880e+01 7.127347137892000402e-42
1.371314717753945622e+01 6.871146436467189080e-42
1.387209780541621029e+01 6.635458995185552405e-42
1.403289084785873087e+01 6.407855877312276411e-42
1.419554766050101513e+01 6.189182331707192292e-42
1.436008984651260612e+01 6.000323561150821192e-42
1.452653925946781222e+01 5.817227690005789265e-42
1.469491800624817301e+01 5.639718867240424167e-42
1.486524844997857109e+01 5.490983849924353372e-42
1.503755321299738412e+01 5.346558348037975958e-42
1.521185517986104863e+01 5.205931568960701958e-42
1.538817750038346333e+01 5.065666997027791842e-42
1.556654359271061949e+01 4.928638018150853897e-42
1.574697714643086677e+01 4.795315745826690770e-42
1.592950212572123014e+01 4.674528072249299288e-42
1.611414277253019733e+01 4.565906641880351129e-42
1.630092360979741173e+01 4.459809234247683188e-42
1.648986944471064930e+01 4.356177198947159978e-42
1.668100537200059108e+01 4.263863208087656415e-42
1.687435677727375705e+01 4.174066920618140438e-42
1.706994934038407763e+01 4.086161728817054430e-42
1.726780903884355922e+01 4.000107806507460287e-42
1.746796215127245588e+01 3.934982701699681451e-42
1.767043526088946592e+01 3.872376270504459904e-42
1.787525525904235479e+01 3.810765921255304638e-42
1.808244934877951593e+01 3.750135806071541809e-42
1.829204504846293844e+01 3.690470329215975040e-42
1.850407019542302223e+01 3.635704678055840199e-42
1.871855294965579120e+01 3.583095862388332273e-42
1.893552179756295217e+01 3.531248298728623714e-42
1.915500555573527919e+01 3.480150971724782562e-42
1.937703337477988796e+01 3.429793025417584221e-42
1.960163474319185539e+01 3.385890604750573671e-42
1.982883949127071332e+01 3.345727215878050070e-42
2.005867779508233895e+01 3.306040244584891348e-42
2.029118018046678174e+01 3.266824039612062458e-42
2.052637752709252084e+01 3.228073016735901328e-42
2.076430107255774615e+01 3.193904495500561545e-42
2.100498241653915343e+01 3.163610201848818815e-42
2.124845352498882889e+01 3.133603250611035684e-42
2.149474673437980599e+01 3.103880916334666505e-42
2.174389475600079891e+01 3.074440499418022098e-42
2.199593068030074861e+01 3.048296494738315466e-42
2.225088798128369305e+01 3.026269349094200057e-42
2.250880052095461892e+01 3.004401372725749487e-42
2.276970255381679920e+01 2.982691415467723753e-42
2.303362873142131306e+01 2.961138335465987276e-42
2.330061410696924540e+01 2.942194918622993741e-42
2.357069413996727647e+01 2.928289040635694422e-42
2.384390470093720538e+01 2.914448886860449567e-42
2.412028207618006803e+01 2.900674146660798880e-42
2.439986297259550341e+01 2.886964510868464100e-42
2.468268452255692580e+01 2.874164973610951949e-42
2.496878428884326695e+01 2.862775384542055670e-42
2.525820026962784581e+01 2.851430929534779081e-42
2.555097090352506939e+01 2.840131429734341212e-42
2.584713507469563609e+01 2.828876706994577617e-42
2.614673211801092023e+01 2.818536088793518385e-42
2.644980182427719839e+01 2.814250538451203141e-42
2.675638444552045314e+01 2.809971504236820223e-42
2.706652070033241131e+01 2.805698976242675184e-42
2.738025177927857712e+01 2.801432944576138492e-42
2.769761935036891032e+01 2.797281438352135148e-42
2.801866556459195223e+01 2.797705903405962074e-42
2.834343306151309250e+01 2.798130432869006669e-42
2.867196497493769769e+01 2.798555026750951425e-42
2.900430493863991543e+01 2.798979685061663000e-42
2.934049709215787161e+01 2.799404407810826116e-42
2.968058608665602449e+01 2.801257869663293177e-42
3.002461709085549302e+01 2.803236614184236465e-42
3.037263579703311578e+01 2.805216756445119914e-42
3.072468842709003667e+01 2.807198297433183536e-42
3.108082173869063780e+01 2.811233502018133864e-42
3.144108303147264749e+01 2.822300767916312987e-42
3.180552015332919780e+01 2.833411603434106559e-42
3.217418150676371624e+01 2.844566180096468195e-42
3.254711605531848306e+01 2.855764670103564402e-42
3.292437333007768530e+01 2.867007246333526160e-42
3.330600343624588788e+01 2.878778200651771314e-42
3.369205705980267140e+01 2.890791877682457601e-42
3.408258547423452001e+01 2.902855690022547889e-42
3.447764054734464167e+01 2.914969846895969296e-42
3.487727474814177242e+01 2.927134558399921389e-42
3.528154115380883127e+01 2.940933772529289982e-42
3.569049345675229290e+01 2.955809617399124929e-42
3.610418597173337218e+01 2.970760707336632641e-42
3.652267364308175246e+01 2.985787422946666235e-42
3.694601205199302285e+01 3.000890146759402412e-42
3.737425742391064176e+01 3.018404074543185209e-42
3.780746663599349233e+01 3.038291465813856390e-42
3.824569722466998911e+01 3.058309889352452625e-42
3.868900739327975202e+01 3.078460208492781845e-42
3.913745601980384237e+01 3.098743292256757979e-42
3.959110266468458406e+01 3.120274837510074184e-42
4.005000757873611406e+01 3.143601569772126330e-42
4.051423171114647204e+01 3.167102689377128331e-42
4.098383671757261482e+01 3.190779500020026192e-42
4.145888496832910874e+01 3.214633315142213022e-42
4.193943955667186430e+01 3.240314801495210846e-42
4.242556430717777260e+01 3.270033916319202812e-42
4.291732378422157268e+01 3.300025605210847451e-42
4.341478330055092272e+01 3.330292368130956221e-42
4.391800892596086214e+01 3.360836727969165707e-42
4.442706749606882966e+01 3.391064234849169398e-42
4.494202662119142389e+01 3.419152536573819842e-42
4.546295469532399380e+01 3.447473494668014699e-42
4.598992090522438048e+01 3.476029036232469225e-42
4.652299523960189020e+01 3.504821104330136701e-42
4.706224849841281355e+01 3.534071092089205830e-42
4.760775230226368393e+01 3.565627664432958306e-42
4.815957910192350511e+01 3.597466013015033776e-42
4.871780218794631168e+01 3.629588653883301748e-42
4.928249570040513561e+01 3.661998125552088693e-42
4.985373463873893485e+01 3.694696989202726017e-42
5.043159487171358535e+01 3.726797688359366860e-42
5.101615314749833630e+01 3.759171876690101877e-42
5.160748710385907856e+01 3.791827295223677831e-42
5.220567527846975509e+01 3.824766386969018658e-42
5.281079711934330589e+01 3.857991616156888822e-42
5.342293299538351903e+01 3.891783196428627312e-42
5.404216420705915169e+01 3.925904991328872904e-42
5.466857299720180663e+01 3.960325954201343868e-42
5.530224256192899901e+01 3.995048708046196979e-42
5.594325706169377810e+01 4.030075898861332566e-42
5.659170163246242424e+01 4.066436820552765361e-42
5.724766239702178439e+01 4.103404217396932873e-42
5.791122647641758192e+01 4.140707679570464058e-42
5.858248200152535645e+01 4.178350262195309844e-42
5.926151812475552560e+01 4.216335048167100058e-42
5.994842503189408944e+01 4.256300000522639715e-42
6.064329395408061885e+01 4.297401890992212404e-42
6.134621717992506262e+01 4.338900690843235882e-42
6.205728806776500761e+01 4.380800232917688854e-42
6.277660105806499757e+01 4.423104387070512028e-42
6.350425168595962333e+01 4.466858626525541201e-42
6.424033659394190465e+01 4.511800134014812121e-42
6.498495354469888241e+01 4.557193802466543076e-42
6.573820143409585626e+01 4.603044181116930608e-42
6.650018030431118632e+01 4.649355864972562138e-42
6.727099135712336420e+01 4.696854862135055164e-42
6.805073696735206568e+01 4.745630386416386482e-42
6.883952069645496863e+01 4.794912430877444047e-42
6.963744730628222612e+01 4.844706255588648235e-42
7.044462277299037112e+01 4.895017175244778635e-42
7.126115430111745752e+01 4.945403113184175236e-42
7.208715033782135606e+01 4.995559365470710710e-42
7.292272058728312345e+01 5.046224302203358527e-42
7.376797602527730646e+01 5.097403082457087544e-42
7.462302891391107096e+01 5.149100917630177253e-42
7.548799281653431592e+01 5.201779065479566916e-42
7.636298261282242095e+01 5.256219022191734035e-42
7.724811451403400042e+01 5.311228727993494918e-42
7.814350607844542651e+01 5.366814145674768517e-42
7.904927622696420997e+01 5.422981300429898074e-42
7.996554525892345566e+01 5.479886150397405569e-42
8.089243486805938232e+01 5.538123664051884625e-42
8.183006815867389605e+01 5.596980097133441706e-42
8.277856966198471866e+01 5.656462027211044867e-42
8.373806535266488993e+01 5.716576101756527288e-42
8.470868266557401682e+01 5.777329038888035482e-42
8.569055051268347256e+01 5.838727628120452048e-42
8.668379930019773383e+01 5.900778731124356131e-42
8.768856094587427208e+01 5.963489282492470772e-42
8.870496889654403105e+01 6.026866290515221471e-42
8.973315814583520478e+01 6.090916837963573905e-42
9.077326525210223451e+01 6.155648082880775119e-42
9.182542835656282421e+01 6.221067259381903416e-42
9.288978720164497815e+01 6.287181678462929642e-42
9.396648314954690306e+01 6.353998728817365411e-42
9.505565920101190613e+01 6.421525877662197149e-42
9.615746001432096079e+01 6.491563051734465706e-42
9.727203192450537017e+01 6.562654151572081838e-42
9.839952296278225674e+01 6.634523791868528203e-42
9.954008287621518036e+01 6.707180498659160623e-42
1.006938631476027126e+02 6.780632891350996033e-42
1.018610170155975254e+02 6.854889683744387810e-42
1.030416994950587508e+02 6.929959685067635740e-42
1.042360673976401131e+02 7.005851801021153256e-42
1.054442793526168458e+02 7.082575034834867540e-42
1.066664958279538808e+02 7.160138488335496793e-42
1.079028791516183645e+02 7.238931786645922878e-42
1.091535935331391016e+02 7.318793664662285942e-42
1.104188050854160252e+02 7.399536600788796605e-42
1.116986818467822644e+02 7.481170315100064464e-42
1.129933938033221636e+02 7.563704634904862334e-42
1.143031129114478688e+02 7.647149495929523339e-42
1.156280131207375348e+02 7.731514943514405203e-42
1.169682703970384665e+02 7.816811133822312902e-42
1.183240627458378071e+02 7.903048335062125807e-42
1.196955702359042846e+02 7.990236928724035262e-42
1.210829750232039430e+02 8.078387410829670580e-42
1.224864613750930715e+02 8.167510393196040313e-42
1.239062156947915696e+02 8.257616604712097199e-42
1.253424265461399472e+02 8.348716892631367839e-42
1.267952846786433980e+02 8.440822223876850455e-42
1.282649830528060022e+02 8.533231233949003955e-42
1.297517168657586808e+02 8.625299616581849546e-42
1.312556835771842714e+02 8.718361361148697293e-42
1.327770829355428930e+02 8.812427185421244399e-42
1.343161170046015229e+02 8.907507922810007162e-42
1.358729901902709116e+02 9.004143623427556709e-42
1.374479092677536585e+02 9.103479801870697493e-42
1.390410834090069727e+02 9.203911884239894404e-42
1.406527242105236439e+02 9.305451960847246126e-42
1.422830457214352009e+02 9.408112255388941528e-42
1.439322644719406412e+02 9.511905126415720465e-42
1.456005995020648527e+02 9.616843068821861587e-42
1.472882723907501656e+02 9.722938715348109079e-42
1.489955072852853561e+02 9.830204838103699921e-42
1.507225309310755677e+02 9.938654350102633400e-42
1.524695727017573006e+02 1.004842510160577656e-41
1.542368646296627333e+02 1.016253708951658888e-41
1.560246414366367844e+02 1.027794495669736670e-41
1.578331405652116359e+02 1.039466341942036911e-41
1.596626022101425235e+02 1.051270736107888082e-41
1.615132693503091161e+02 1.063209183408506770e-41
1.633853877809862070e+02 1.074960884837647530e-41
1.652792061464895426e+02 1.086820147721659757e-41
1.671949759731990071e+02 1.098810245241719221e-41
1.691329517029648741e+02 1.110932620801398773e-41
1.710933907269015037e+02 1.123188733728240924e-41
1.730765534195725763e+02 1.135807340535265731e-41
1.750827031735725257e+02 1.148613810709079090e-41
1.771121064345088598e+02 1.161564676567299715e-41
1.791650327363901454e+02 1.174661566202124485e-41
1.812417547374237756e+02 1.187906126062781035e-41
1.833425482562290654e+02 1.201300021162581905e-41
1.854676923084699354e+02 1.214844935288220374e-41
1.876174691439121318e+02 1.228542571211423805e-41
1.897921642839101537e+02 1.242394650903094513e-41
1.919920665593284639e+02 1.256402915749664134e-41
1.942174681489026398e+02 1.270441503362127667e-41
1.964686646180446417e+02 1.284560233890486159e-41
1.987459549580983662e+02 1.298835869361872554e-41
2.010496416260499188e+02 1.313270153499754245e-41
2.033800305846982042e+02 1.327864849405964552e-41
2.057374313432913766e+02 1.342734481654635793e-41
2.081221569986339262e+02 1.357874099507899501e-41
2.105345242766705951e+02 1.373184419783648321e-41
2.129748535745520996e+02 1.388667367188106063e-41
2.154434690031884543e+02 1.404324888128991680e-41
2.179406984302955834e+02 1.420158950960163377e-41
2.204668735239409898e+02 1.436171546229158844e-41
2.230223297965938514e+02 1.452364686927294881e-41
2.256074066496861406e+02 1.468740408742817602e-41
2.282224474186898533e+02 1.485300770316793020e-41
2.308677994187169702e+02 1.501932946896312335e-41
2.335438139906479478e+02 1.518502682504964343e-41
2.362508465477947652e+02 1.535255219974850119e-41
2.389892566231050353e+02 1.552192576026141368e-41
2.417594079169130907e+02 1.569316789628095997e-41
2.445616683452446409e+02 1.586794237068536725e-41
2.473964100886814208e+02 1.605071268463481007e-41
2.502640096417919153e+02 1.623558818568922021e-41
2.531648478631355488e+02 1.642259312183861349e-41
2.560993100258459663e+02 1.661175202036647492e-41
2.590677858688009110e+02 1.680278663428463258e-41
2.620706696483852625e+02 1.699360254482697894e-41
2.651083601908538867e+02 1.718658540020464238e-41
2.681812609453015739e+02 1.738175980869009762e-41
2.712897800372467145e+02 1.757915065801243902e-41
2.744343303228365585e+02 1.777879692328666348e-41
2.776153294436800820e+02 1.798213667823566630e-41
2.808331998823172739e+02 1.818780207175971393e-41
2.840883690183304111e+02 1.839581970266524132e-41
2.873812691851066461e+02 1.860621647397469399e-41
2.907123377272578182e+02 1.881901959640592238e-41
2.940820170587063558e+02 1.903563893953869342e-41
2.974907547214440342e+02 1.925489545206769957e-41
3.009390034449721156e+02 1.947667740744834933e-41
3.044272212064302607e+02 1.970101389426517251e-41
3.079558712914226817e+02 1.992793433615115036e-41
3.115254223555488124e+02 2.015487318443929892e-41
3.151363484866479325e+02 2.038375608120280906e-41
3.187891292677645652e+02 2.061523821934836618e-41
3.224842498408441998e+02 2.084934911639718609e-41
3.262222009711670125e+02 2.108611862507755190e-41
3.300034791125285096e+02 2.132677415811312459e-41
3.338285864731760739e+02 2.157069285800464408e-41
3.376980310825091465e+02 2.181740130620576195e-41
3.416123268585528194e+02 2.206693140964134304e-41
3.455719936762139355e+02 2.231931544016231148e-41
3.495775574363275382e+02 2.257350480802697073e-41
3.536295501355043029e+02 2.282985418434332872e-41
3.577285099367873613e+02 2.308911471704840920e-41
3.618749812411280118e+02 2.335131946583458296e-41
3.660695147596902643e+02 2.361650186582650966e-41
3.703126675869926885e+02 2.388659012970070511e-41
3.746050032748992749e+02 2.416172092329739997e-41
3.789470919074667563e+02 2.444002073152383504e-41
3.833395101766601556e+02 2.472152605576068864e-41
3.877828414589457111e+02 2.500627381781885919e-41
3.922776758927719243e+02 2.529271222032441166e-41
3.968246104569481645e+02 2.557994147684304063e-41
4.014242490499322003e+02 2.587043256803884976e-41
4.060772025700365475e+02 2.616422253597875110e-41
4.107840889965646625e+02 2.646134884338828793e-41
4.155455334718875520e+02 2.676308968950425017e-41
4.203621683844713743e+02 2.707135261298476003e-41
4.252346334528681950e+02 2.738316617396995691e-41
4.301635758106795038e+02 2.769857126945304915e-41
4.351496500925049986e+02 2.801760926748746561e-41
4.401935185208874373e+02 2.833905258567981733e-41
4.452958509942655496e+02 2.865858145183558568e-41
4.504573251759458685e+02 2.898171307415260063e-41
4.556786265841063823e+02 2.930848807447501334e-41
4.609604486828433778e+02 2.963894753266837806e-41
4.663034929742731265e+02 2.997433606365545083e-41
4.717084690917017156e+02 3.032687225330999321e-41
4.771760948938745628e+02 3.068355471545418940e-41
4.827070965603182913e+02 3.104443221550860833e-41
4.883022086877879815e+02 3.140955409243699977e-41
4.939621743878320785e+02 3.177897026549186868e-41
4.996877453854883697e+02 3.214263240967888349e-41
5.054796821191240497e+02 3.251025430365750764e-41
5.113387538414326059e+02 3.288208076480442959e-41
5.172657387216019060e+02 3.325815988161862687e-41
5.232614239486662200e+02 3.363854029259712413e-41
5.293266058360561601e+02 3.402805473675737865e-41
5.354620899273608075e+02 3.442275375355092843e-41
5.416686911033151546e+02 3.482203097250922451e-41
5.479472336900287246e+02 3.522593949722301877e-41
5.542985515684669053e+02 3.563453304724350649e-41
5.607234882852033024e+02 3.604786596522695353e-41
5.672228971644543662e+02 3.646599322416225613e-41
5.737976414214133456e+02 3.688897043468290653e-41
5.804485942768977793e+02 3.731685385246076443e-41
5.871766390733255321e+02 3.774970038569161617e-41
5.939826693920356320e+02 3.818756760266152006e-41
6.008675891719686888e+02 3.863051373940398617e-41
6.078323128297230369e+02 3.907859770744527817e-41
6.148777653810022912e+02 3.953187910163964210e-41
6.220048825634711420e+02 3.999041820809535414e-41
6.292146109610343956e+02 4.045058928329597564e-41
6.365079081295571086e+02 4.091323098778806850e-41
6.438857427240419611e+02 4.138116402055318861e-41
6.513490946272802375e+02 4.185444889960046023e-41
6.588989550799949484e+02 4.233314683509591556e-41
6.665363268124913247e+02 4.282371321642997170e-41
6.742622241778342413e+02 4.332737437016223504e-41
6.820776732865684835e+02 4.383695921753889419e-41
6.899837121430018669e+02 4.435253742870505809e-41
6.979813907830659900e+02 4.487417949321721261e-41
7.060717714137772418e+02 4.539403413514364782e-41
7.142559285543126180e+02 4.590586155822300407e-41
7.225349491787213765e+02 4.642345994473341144e-41
7.309099328602910646e+02 4.694689436352073192e-41
7.393819919175865607e+02 4.747623061709368311e-41
7.479522515621821412e+02 4.801754019831020197e-41
7.566218500481055571e+02 4.858228734140445153e-41
7.653919388230148115e+02 4.915367662681410703e-41
7.742636826811269657e+02 4.973178617455365919e-41
7.832382599179196632e+02 5.031669502342554942e-41
7.923168624866253822e+02 5.090655842433179699e-41
8.015006961565404708e+02 5.149291092347430846e-41
8.107909806731686331e+02 5.208601715462881009e-41
8.201889499202203524e+02 5.268595490870803972e-41
8.296958520834906494e+02 5.329280287263688554e-41
8.393129498166364328e+02 5.390664063967288926e-41
8.490415204088747032e+02 5.452754871984556067e-41
8.588828559546249153e+02 5.515560855051592105e-41
8.688382635251184638e+02 5.579090250705774346e-41
8.789090653419954151e+02 5.643351391366176443e-41
8.890965989529157696e+02 5.708352705426435568e-41
8.994022174092044679e+02 5.774542758120465893e-41
9.098272894455558344e+02 5.841522970968202642e-41
9.203731996618221274e+02 5.909280102283955838e-41
9.310413487069075700e+02 5.977823163718683743e-41
9.418331534647951457e+02 6.047161271451795175e-41
9.527500472427290106e+02 6.116844347369302014e-41
9.637934799615785550e+02 6.187247542002012557e-41
9.749649183484086734e+02 6.258461058024705075e-41
9.862658461312820464e+02 6.330494222013619994e-41
9.976977642363201539e+02 6.403534648141137947e-41
1.009262190987048371e+03 6.477666201902495672e-41
1.020960662306047539e+03 6.552655951576742701e-41
1.032794731918952493e+03 6.628513832207560805e-41
1.044765971560805156e+03 6.705249893853271067e-41
1.056875971184805167e+03 6.782874302918320215e-41
1.069126339173477163e+03 6.861397343500178914e-41
1.081518702552289142e+03 6.940829418751833497e-41
1.094054707205743625e+03 7.021181052260052616e-41
1.106736018095974487e+03 7.102462889439607247e-41
1.119564319483879444e+03 7.184685698943634701e-41
1.132541315152812558e+03 7.267860374090323040e-41
1.145668728634872650e+03 7.351997934306120820e-41
1.158948303439811752e+03 7.437109526585647541e-41
1.172381803286599734e+03 7.523206426968505648e-41
1.185971012337670572e+03 7.610300042033195973e-41
1.199717735435885515e+03 7.698401910408316055e-41
1.213623798344241777e+03 7.787523704301263613e-41
1.227691047988360424e+03 7.877677231044500213e-41
1.241921352701784599e+03 7.968874434660369249e-41
1.256316602474121510e+03 8.061127397442732876e-41
1.270878709202059554e+03 8.154448341558207306e-41
1.285609606943296512e+03 8.248849630665297816e-41
1.300511252173409957e+03 8.344343771552399027e-41
1.315585624045705117e+03 8.440943415794764453e-41
1.330834724654076126e+03 8.538661361430651259e-41
1.346260579298911125e+03 8.637510554656875769e-41
1.361865236756082822e+03 8.737504091543994841e-41
1.377650769549054985e+03 8.838655219771341502e-41
1.393619274224143510e+03 8.940977340382150370e-41
1.409772871628967778e+03 9.044484009558998173e-41
1.426113707194129802e+03 9.149188940419800004e-41
1.442643951218158918e+03 9.255106004834596829e-41
1.459365799155757713e+03 9.362249235263378938e-41
1.476281471909391030e+03 9.470632826615169662e-41
1.493393216124253286e+03 9.580271138128656862e-41
1.510703304486655497e+03 9.691178695274415019e-41
1.528214036025870882e+03 9.803370191679953667e-41
1.545927736419478606e+03 9.916860491075457137e-41
1.563846758302247736e+03 1.003166462926364552e-40
1.581973481578601422e+03 1.014779781611163812e-40
1.600310313738701780e+03 1.026527543756604089e-40
1.618859690178199116e+03 1.038411305769135367e-40
1.637624074521688954e+03 1.050432642073198883e-40
1.656605958949915248e+03 1.062593145319814395e-40
1.675807864530768711e+03 1.074894426597583861e-40
1.695232341554121376e+03 1.087338115646136793e-40
1.714881969870540843e+03 1.099925861072046873e-40
1.734759359233932628e+03 1.112659330567248377e-40
1.754867149648152008e+03 1.125540211129980325e-40
1.775208011717636055e+03 1.138570209288290403e-40
1.795784647002096790e+03 1.151751051326122887e-40
1.816599788375328671e+03 1.165084483512027922e-40
1.837656200388172465e+03 1.178572272330496204e-40
1.858956679635688261e+03 1.192216204716069775e-40
1.880504055128583559e+03 1.206018088289968734e-40
1.902301188668945770e+03 1.219979751599652087e-40
1.924350975230332324e+03 1.234103044361053972e-40
1.946656343342263199e+03 1.248389837703643920e-40
1.969220255479173375e+03 1.262842024418324391e-40
1.992045708453871384e+03 1.277461519208197209e-40
2.015135733815558524e+03 1.292250258942234360e-40
2.038493398252464203e+03 1.307210202911884575e-40
2.062121803999144504e+03 1.322343333090650759e-40
2.086024089248504879e+03 1.337651654396671702e-40
2.110203428568596337e+03 1.353137194958346227e-40
2.134663033324245589e+03 1.368802006383028099e-40
2.159406152103567820e+03 1.384648164028836150e-40
2.184436071149428244e+03 1.400677767279607370e-40
2.209756114795903159e+03 1.416892939823035351e-40
2.235369645909796418e+03 1.433295829932027150e-40
2.261280066337279550e+03 1.449888610749294648e-40
2.287490817355704166e+03 1.466673480575359268e-40
2.314005380130653975e+03 1.483652663159651513e-40
2.340827276178294142e+03 1.500828407995221248e-40
2.367960067833078483e+03 1.518202990616737746e-40
2.395407358720879529e+03 1.535778712901965084e-40
2.423172794237600556e+03 1.553557903376727541e-40
2.451260062033339636e+03 1.571542917523404585e-40
2.479672892502160266e+03 1.589736138092998261e-40
2.508415059277541332e+03 1.608139975420813142e-40
2.537490379733571899e+03 1.626756867745789233e-40
2.566902715491951767e+03 1.645589281533534113e-40
2.596655972934872352e+03 1.664639711803093254e-40
2.626754103723838398e+03 1.683910682457502781e-40
2.657201105324506898e+03 1.703404746618170947e-40
2.688001021537607357e+03 1.723124486963127691e-40
2.719157943036018878e+03 1.743072516069193457e-40
2.750676007908067277e+03 1.763251476758077061e-40
2.782559402207125913e+03 1.783664042446626911e-40
2.814812360507581161e+03 1.804312917500846722e-40
2.847439166467247560e+03 1.825200837594299495e-40
2.880444153396297679e+03 1.846330570070514564e-40
2.913831704832788546e+03 1.867704914309622232e-40
2.947606255124858762e+03 1.889326702099228415e-40
2.981772290019673619e+03 1.911198798009585401e-40
3.016334347259197330e+03 1.933324099773107628e-40
3.051297017182871059e+03 1.955705538668275334e-40
3.086664943337274508e+03 1.978346079907988457e-40
3.122442823092857907e+03 2.001248723032414439e-40
3.158635408267819003e+03 2.024416502306380484e-40
3.195247505759213709e+03 2.047852487121371474e-40
3.232283978181380917e+03 2.071559782402180002e-40
3.269749744511767858e+03 2.095541529018260756e-40
3.307649780744242435e+03 2.119800904199852037e-40
3.345989120549974814e+03 2.144341121958876656e-40
3.384772855945982883e+03 2.169165433514890568e-40
3.424006137971425687e+03 2.194277127725613484e-40
3.463694177371734440e+03 2.219679531522793110e-40
3.503842245290675692e+03 2.245376010352939709e-40
3.544455673970435782e+03 2.271369968623199338e-40
3.585539857459817085e+03 2.297664850152387788e-40
3.627100252330648345e+03 2.324264138627245991e-40
3.669142378402494160e+03 2.351171358063976840e-40
3.711671819475766824e+03 2.378390073275126650e-40
3.754694224073336954e+03 2.405923890341870789e-40
3.798215306190736101e+03 2.433776457091765880e-40
3.842240846055060956e+03 2.461951463582032616e-40
3.886776690892667830e+03 2.490452642588437683e-40
3.931828755705770163e+03 2.519283770099827829e-40
3.977403024058036863e+03 2.548448665818395592e-40
4.023505548869293307e+03 2.577951193665733790e-40
4.070142453219438721e+03 2.607795262294704468e-40
4.117319931161679051e+03 2.637984825607449782e-40
4.165044248545184928e+03 2.668523883278971012e-40
4.213321743847289326e+03 2.699416481287195766e-40
4.262158829015324955e+03 2.730666712448969341e-40
4.311561990318228709e+03 2.762278716962293254e-40
4.361537789208005961e+03 2.794256682954839070e-40
4.412092863191190190e+03 2.826604847038815840e-40
4.463233926710397100e+03 2.859327494872259256e-40
4.514967772036101451e+03 2.892428961726816339e-40
4.567301270168746669e+03 2.925913633062108445e-40
4.620241371751312727e+03 2.959785945106738256e-40
4.673795107992463272e+03 2.994050385446025592e-40
4.727969591600390231e+03 3.028711493616547874e-40
4.782772017727485036e+03 3.063773861707560727e-40
4.838209664925957441e+03 3.099242134969383510e-40
4.894289896114531984e+03 3.135121012428825663e-40
4.951020159556351246e+03 3.171415247511741533e-40
5.008407989848212310e+03 3.208129648672734494e-40
5.066461008921268331e+03 3.245269080032417769e-40
5.125186927053332511e+03 3.282838462021524791e-40
5.184593543892912749e+03 3.320842772033004085e-40
5.244688749495118827e+03 3.359287045081396795e-40
5.305480525369574025e+03 3.398176374469905106e-40
5.366976945540475754e+03 3.437515912465177645e-40
5.429186177618942565e+03 3.477310870979911390e-40
5.492116483887789400e+03 3.517566522263352861e-40
5.555776222398877508e+03 3.558288199599793219e-40
5.620173848083188204e+03 3.599481298015152297e-40
5.685317913873753241e+03 3.641151274991738429e-40
5.751217071841613688e+03 3.683303651191287256e-40
5.817880074344935565e+03 3.725944011186364754e-40
5.885315775191450484e+03 3.769078004200247036e-40
5.953533130814370452e+03 3.812711344855354017e-40
6.022541201461927812e+03 3.856849813930356833e-40
6.092349152400711318e+03 3.901499259125980237e-40
6.162966255132942024e+03 3.946665595839994244e-40
6.234401888627863627e+03 3.992354807950534527e-40
6.306665540567405515e+03 4.038572948609134080e-40
6.379766808606282211e+03 4.085326141042612177e-40
6.453715401646702048e+03 4.132620579364312463e-40
6.528521141127846931e+03 4.180462529394734208e-40
6.604193962330305112e+03 4.228858329491658709e-40
6.680743915695614305e+03 4.277814391389892352e-40
6.758181168161110691e+03 4.327337201050723405e-40
6.836516004510238417e+03 4.377433319521221419e-40
6.915758828738525153e+03 4.428109383803476303e-40
6.995920165435374656e+03 4.479372107733906749e-40
7.077010661181889191e+03 4.531228282872741617e-40
7.159041085964888225e+03 4.583684779403806401e-40
7.242022334607315315e+03 4.636748547044718378e-40
7.325965428215230531e+03 4.690426615967625819e-40
7.410881515641569422e+03 4.744726097730599781e-40
7.496781874966876785e+03 4.799654186219733903e-40
7.583677914997190783e+03 4.855218158602542779e-40
7.671581176779302041e+03 4.911425376291612397e-40
7.760503335133571454e+03 4.968283285920187805e-40
7.850456200204509514e+03 5.025799420328668642e-40
7.941451719029339984e+03 5.083981399562598988e-40
8.033501977124734367e+03 5.142836931882210274e-40
8.126619200091945459e+03 5.202373814783655081e-40
8.220815755240540966e+03 5.262599936032060719e-40
8.316104153230960947e+03 5.323523274706542871e-40
8.412497049736119152e+03 5.385151902257313889e-40
8.510007247122246554e+03 5.447493983575036638e-40
8.608647696149244439e+03 5.510557778072548692e-40
8.708431497690724427e+03 5.574351640779115104e-40
8.809371904473990071e+03 5.638884023447347619e-40
8.911482322840201959e+03 5.704163475672939577e-40
9.014776314524917325e+03 5.770198646027358443e-40
9.119267598459298824e+03 5.836998283203562844e-40
9.224970052592174397e+03 5.904571237175456186e-40
9.331897715733239238e+03 5.972926460369806053e-40
9.440064789417603606e+03 6.042073008852693823e-40
9.549485639791966605e+03 6.112020043529212289e-40
9.660174799522645117e+03 6.182776831357152712e-40
9.772146969725725285e+03 6.254352746574740042e-40
9.885417021919573017e+03 6.326757271942583512e-40
1.000000000000000000e+04 6.400000000000004931e-40
