1.000000000000000056e-01 1.000000000000000000e+00
1.011591112223829692e-01 1.000000000000000000e+00
1.023316578330244891e-01 1.000000000000000000e+00
1.035177955630176283e-01 1.000000000000000000e+00
1.047176819485520216e-01 1.000000000000000000e+00
1.059314763518370006e-01 1.000000000000000000e+00
1.071593399822671072e-01 1.000000000000000000e+00
1.084014359178330916e-01 1.000000000000000000e+00
1.096579291267809897e-01 1.000000000000000000e+00
1.109289864895222771e-01 1.000000000000000000e+00
1.122147768207980290e-01 1.000000000000000000e+00
1.135154708920999012e-01 1.000000000000000000e+00
1.148312414543511129e-01 1.000000000000000000e+00
1.161622632608501904e-01 1.000000000000000000e+00
1.175087130904807486e-01 1.000000000000000000e+00
1.188707697711903349e-01 1.000000000000000000e+00
1.202486142037412220e-01 1.000000000000000000e+00
1.216424293857368000e-01 1.000000000000000000e+00
1.230524004359261625e-01 1.000000000000000000e+00
1.244787146187906202e-01 1.000000000000000000e+00
1.259215613694150970e-01 1.000000000000000000e+00
1.273811323186478384e-01 1.000000000000000000e+00
1.288576213185518016e-01 1.000000000000000000e+00
1.303512244681508947e-01 1.000000000000000000e+00
1.318621401394748371e-01 1.000000000000000000e+00
1.333905690039058622e-01 1.000000000000000000e+00
1.349367140588306480e-01 1.000000000000000000e+00
1.365007806546013891e-01 1.000000000000000000e+00
1.380829765218092309e-01 1.000000000000000000e+00
1.396835117988739772e-01 1.000000000000000000e+00
1.413025990599533765e-01 1.000000000000000000e+00
1.429404533431760937e-01 1.000000000000000000e+00
1.445972921792019472e-01 1.000000000000000000e+00
1.462733356201129931e-01 1.000000000000000000e+00
1.479688062686396188e-01 1.000000000000000000e+00
1.496839293077255606e-01 1.000000000000000000e+00
1.514189325304352018e-01 1.000000000000000000e+00
1.531740463702079835e-01 1.000000000000000000e+00
1.549495039314631728e-01 1.000000000000000000e+00
1.567455410205594868e-01 1.000000000000000000e+00
1.585623961771137069e-01 1.000000000000000000e+00
1.604003107056820310e-01 1.000000000000000000e+00
1.622595287078087423e-01 1.000000000000000000e+00
1.641402971144466927e-01 1.000000000000000000e+00
1.660428657187530133e-01 1.000000000000000000e+00
1.679674872092653537e-01 1.000000000000000000e+00
1.699144172034626477e-01 1.000000000000000000e+00
1.718839142817145949e-01 1.000000000000000000e+00
1.738762400216250781e-01 1.000000000000000000e+00
1.758916590327733176e-01 1.000000000000000000e+00
1.779304389918577867e-01 1.000000000000000000e+00
1.799928506782476900e-01 1.000000000000000000e+00
1.820791680099462795e-01 1.000000000000000000e+00
1.841896680799711417e-01 1.000000000000000000e+00
1.863246311931560373e-01 1.000000000000000000e+00
1.884843409033795936e-01 1.000000000000000000e+00
1.906690840512252350e-01 1.000000000000000000e+00
1.928791508020778200e-01 1.000000000000000000e+00
1.951148346846616755e-01 1.000000000000000000e+00
1.973764326300255778e-01 1.000000000000000000e+00
1.996642450109794020e-01 1.000000000000000000e+00
2.019785756819878764e-01 1.000000000000000000e+00
2.043197320195271061e-01 1.000000000000000000e+00
2.066880249629082511e-01 1.000000000000000000e+00
2.090837690555750472e-01 1.000000000000000000e+00
2.115072824868795276e-01 1.000000000000000000e+00
2.139588871343422183e-01 1.000000000000000000e+00
2.164389086064020806e-01 1.000000000000000000e+00
2.189476762856621128e-01 1.000000000000000000e+00
2.214855233726359951e-01 1.000000000000000000e+00
2.240527869300018848e-01 1.000000000000000000e+00
2.266498079273693289e-01 1.000000000000000000e+00
2.292769312865649278e-01 1.000000000000000000e+00
2.319345059274428023e-01 1.000000000000000000e+00
2.346228848142263013e-01 1.000000000000000000e+00
2.373424250023866700e-01 1.000000000000000000e+00
2.400934876860652545e-01 1.000000000000000000e+00
2.428764382460451010e-01 1.000000000000000000e+00
2.456916462982790816e-01 1.000000000000000000e+00
2.485394857429799043e-01 1.000000000000000000e+00
2.514203348142797223e-01 1.000000000000000000e+00
2.543345761304649510e-01 1.000000000000000000e+00
2.572825967447933682e-01 1.000000000000000000e+00
2.602647881969005761e-01 1.000000000000000000e+00
2.632815465648021269e-01 1.000000000000000000e+00
2.663332725174982207e-01 1.000000000000000000e+00
2.694203713681883605e-01 1.000000000000000000e+00
2.725432531281029025e-01 1.000000000000000000e+00
2.757023325609583853e-01 1.000000000000000000e+00
2.788980292380440762e-01 1.000000000000000000e+00
2.821307675939472293e-01 1.000000000000000000e+00
2.854009769829238818e-01 1.000000000000000000e+00
2.887090917359236286e-01 1.000000000000000000e+00
2.920555512182746449e-01 1.000000000000000000e+00
2.954407998880381192e-01 1.000000000000000000e+00
2.988652873550384226e-01 1.000000000000000000e+00
3.023294684405777866e-01 1.000000000000000000e+00
3.058338032378433158e-01 1.000000000000000000e+00
3.093787571730138297e-01 1.000000000000000000e+00
3.129648010670751934e-01 1.000000000000000000e+00
3.165924111983522415e-01 1.000000000000000000e+00
3.202620693657651785e-01 1.000000000000000000e+00
3.239742629528197249e-01 1.000000000000000000e+00
3.277294849923383935e-01 1.000000000000000000e+00
3.315282342319424980e-01 1.000000000000000000e+00
3.353710152002930545e-01 1.000000000000000000e+00
3.392583382740993470e-01 1.000000000000000000e+00
3.431907197459044268e-01 1.000000000000000000e+00
3.471686818926561502e-01 1.000000000000000000e+00
3.511927530450729695e-01 1.000000000000000000e+00
3.552634676578141359e-01 1.000000000000000000e+00
3.593813663804627523e-01 1.000000000000000000e+00
3.635469961293319452e-01 1.000000000000000000e+00
3.677609101601032604e-01 1.000000000000000000e+00
3.720236681413067736e-01 1.000000000000000000e+00
3.763358362286534642e-01 1.000000000000000000e+00
3.806979871402286220e-01 1.000000000000000000e+00
3.851107002325570572e-01 1.000000000000000000e+00
3.895745615775503268e-01 1.000000000000000000e+00
3.940901640403449702e-01 1.000000000000000000e+00
3.986581073580440782e-01 1.000000000000000000e+00
4.032789982193707434e-01 1.000000000000000000e+00
4.079534503452451055e-01 1.000000000000000000e+00
4.126820845702953711e-01 1.000000000000000000e+00
4.174655289253136892e-01 1.000000000000000000e+00
4.223044187206674294e-01 1.000000000000000000e+00
4.271993966306778523e-01 1.000000000000000000e+00
4.321511127789764428e-01 1.000000000000000000e+00
4.371602248248504519e-01 1.000000000000000000e+00
4.422273980505899149e-01 1.000000000000000000e+00
4.473533054498465278e-01 1.000000000000000000e+00
4.525386278170169252e-01 1.000000000000000000e+00
4.577840538376618529e-01 1.000000000000000000e+00
4.630902801799739454e-01 1.000000000000000000e+00
4.684580115873047679e-01 1.000000000000000000e+00
4.738879609717653318e-01 1.000000000000000000e+00
4.793808495089109112e-01 1.000000000000000000e+00
4.849374067335235350e-01 1.000000000000000000e+00
4.905583706365048147e-01 1.000000000000000000e+00
4.962444877628915951e-01 1.000000000000000000e+00
5.019965133110081412e-01 1.000000000000000000e+00
5.078152112327672940e-01 1.000000000000000000e+00
5.137013543351340861e-01 1.000000000000000000e+00
5.196557243827659711e-01 1.000000000000000000e+00
5.256791122018421580e-01 1.000000000000000000e+00
5.317723177850969263e-01 1.000000000000000000e+00
5.379361503980700787e-01 1.000000000000000000e+00
5.441714286865890760e-01 1.000000000000000000e+00
5.504789807854970629e-01 1.000000000000000000e+00
5.568596444286411096e-01 1.000000000000000000e+00
5.633142670601354318e-01 1.000000000000000000e+00
5.698437059469139143e-01 1.000000000000000000e+00
5.764488282925875895e-01 1.000000000000000000e+00
5.831305113526221717e-01 1.000000000000000000e+00
5.898896425508496355e-01 1.000000000000000000e+00
5.967271195973313791e-01 1.000000000000000000e+00
6.036438506075867405e-01 1.000000000000000000e+00
6.106407542232039631e-01 1.000000000000000000e+00
6.177187597338491543e-01 1.000000000000000000e+00
6.248788072006891126e-01 1.000000000000000000e+00
6.321218475812451221e-01 1.000000000000000000e+00
6.394488428556941439e-01 1.000000000000000000e+00
6.468607661546326160e-01 1.000000000000000000e+00
6.543586018883233990e-01 1.000000000000000000e+00
6.619433458774393042e-01 1.000000000000000000e+00
6.696160054853220744e-01 1.000000000000000000e+00
6.773775997517750280e-01 1.000000000000000000e+00
6.852291595284062398e-01 1.000000000000000000e+00
6.931717276155405782e-01 1.000000000000000000e+00
7.012063589007182518e-01 1.000000000000000000e+00
7.093341204987995141e-01 1.000000000000000000e+00
7.175560918936926269e-01 1.000000000000000000e+00
7.258733650817251748e-01 1.000000000000000000e+00
7.342870447166763848e-01 1.000000000000000000e+00
7.427982482564916555e-01 1.000000000000000000e+00
7.514081061116968385e-01 1.000000000000000000e+00
7.601177617955328092e-01 1.000000000000000000e+00
7.689283720758310903e-01 1.000000000000000000e+00
7.778411071286488454e-01 1.000000000000000000e+00
7.868571506936850035e-01 1.000000000000000000e+00
7.959777002314983863e-01 1.000000000000000000e+00
8.052039670825476003e-01 1.000000000000000000e+00
8.145371766280743442e-01 1.000000000000000000e+00
8.239785684528517784e-01 1.000000000000000000e+00
8.335293965098193869e-01 1.000000000000000000e+00
8.431909292866257566e-01 1.000000000000000000e+00
8.529644499741022567e-01 1.000000000000000000e+00
8.628512566366893788e-01 1.000000000000000000e+00
8.728526623848377186e-01 1.000000000000000000e+00
8.829699955494089147e-01 1.000000000000000000e+00
8.932045998580966373e-01 1.000000000000000000e+00
9.035578346138927186e-01 1.000000000000000000e+00
9.140310748756229620e-01 1.000000000000000000e+00
9.246257116405740550e-01 1.000000000000000000e+00
9.353431520292383450e-01 1.000000000000000000e+00
9.461848194721999006e-01 1.000000000000000000e+00
9.571521538991862865e-01 1.000000000000000000e+00
9.682466119303121399e-01 1.000000000000000000e+00
9.794696670695393070e-01 1.000000000000000000e+00
9.908228099003795197e-01 1.000000000000000000e+00
1.002307548283865479e+00 1.000000000000000000e+00
1.013925407558815328e+00 1.000000000000000000e+00
1.025677930744421928e+00 1.000000000000000000e+00
1.037566678745186044e+00 1.000000000000000000e+00
1.049593230558227619e+00 1.000000000000000000e+00
1.061759183483000024e+00 1.000000000000000000e+00
1.074066153333433471e+00 1.000000000000000000e+00
1.086515774652538457e+00 1.000000000000000000e+00
1.099109700929497224e+00 1.000000000000000000e+00
1.111849604819270976e+00 1.000000000000000000e+00
1.124737178364751955e+00 1.000000000000000000e+00
1.137774133221491457e+00 1.000000000000000000e+00
1.150962200885032205e+00 1.000000000000000000e+00
1.164303132920876838e+00 1.000000000000000000e+00
1.177798701197119158e+00 1.000000000000000000e+00
1.191450698119775886e+00 1.000000000000000000e+00
1.205260936870842681e+00 1.000000000000000000e+00
1.219231251649110614e+00 1.000000000000000000e+00
1.233363497913775975e+00 1.000000000000000000e+00
1.247659552630869806e+00 1.000000000000000000e+00
1.262121314522547388e+00 1.000000000000000000e+00
1.276750704319265850e+00 1.000000000000000000e+00
1.291549665014884107e+00 1.000000000000000000e+00
1.306520162124721329e+00 1.000000000000000000e+00
1.321664183946605231e+00 1.000000000000000000e+00
1.336983741824946614e+00 1.000000000000000000e+00
1.352480870417875458e+00 1.000000000000000000e+00
1.368157627967471868e+00 1.000000000000000000e+00
1.384016096573131627e+00 1.000000000000000000e+00
1.400058382468097440e+00 1.000000000000000000e+00
1.416286616299198720e+00 1.000000000000000000e+00
1.432702953409831004e+00 1.000000000000000000e+00
1.449309574126216527e+00 1.000000000000000000e+00
1.466108684046984356e+00 1.000000000000000000e+00
1.483102514336104516e+00 1.000000000000000000e+00
1.500293322019218278e+00 1.000000000000000000e+00
1.517683390283405265e+00 1.000000000000000000e+00
1.535275028780422657e+00 1.000000000000000000e+00
1.553070573933460041e+00 1.000000000000000000e+00
1.571072389247450518e+00 1.000000000000000000e+00
1.589282865622978047e+00 1.000000000000000000e+00
1.607704421673823658e+00 1.000000000000000000e+00
1.626339504048192275e+00 1.000000000000000000e+00
1.645190587753662559e+00 1.000000000000000000e+00
1.664260176485903520e+00 1.000000000000000000e+00
1.683550802961202297e+00 1.000000000000000000e+00
1.703065029252844420e+00 1.000000000000000000e+00
1.722805447131394052e+00 1.000000000000000000e+00
1.742774678408919087e+00 1.000000000000000000e+00
1.762975375287205715e+00 1.000000000000000000e+00
1.783410220710007987e+00 1.000000000000000000e+00
1.804081928719382777e+00 1.000000000000000000e+00
1.824993244816152327e+00 1.000000000000000000e+00
1.846146946324547677e+00 1.000000000000000000e+00
1.867545842761076047e+00 1.000000000000000000e+00
1.889192776207666347e+00 1.000000000000000000e+00
1.911090621689137903e+00 1.000000000000000000e+00
1.933242287555045236e+00 1.000000000000000000e+00
1.955650715865949074e+00 1.000000000000000000e+00
1.978318882784164234e+00 1.000000000000000000e+00
2.001249798969037208e+00 1.000000000000000000e+00
2.024446509976803643e+00 1.000000000000000000e+00
2.047912096665085446e+00 1.000000000000000000e+00
2.071649675602068807e+00 1.000000000000000000e+00
2.095662399480433091e+00 1.000000000000000000e+00
2.119953457536071006e+00 1.000000000000000000e+00
2.144526075971667556e+00 1.000000000000000000e+00
2.169383518385184395e+00 1.000000000000000000e+00
2.194529086203313550e+00 1.000000000000000000e+00
2.219966119119954673e+00 1.000000000000000000e+00
2.245697995539774006e+00 1.000000000000000000e+00
2.271728133026905017e+00 1.000000000000000000e+00
2.298059988758851091e+00 1.000000000000000000e+00
2.324697059985648018e+00 1.000000000000000000e+00
2.351642884494348440e+00 1.000000000000000000e+00
2.378901041078893108e+00 1.000000000000000000e+00
2.406475150015424003e+00 1.000000000000000000e+00
2.434368873543110379e+00 1.000000000000000000e+00
2.462585916350546800e+00 1.000000000000000000e+00
2.491130026067788439e+00 1.000000000000000000e+00
2.520004993764092038e+00 1.000000000000000000e+00
2.549214654451422923e+00 1.000000000000000000e+00
2.578762887593800901e+00 1.000000000000000000e+00
2.608653617622548104e+00 1.000000000000000000e+00
2.638890814457510281e+00 1.000000000000000000e+00
2.669478494034320804e+00 1.000000000000000000e+00
2.700420718837772682e+00 1.000000000000000000e+00
2.731721598441376297e+00 1.000000000000000000e+00
2.763385290053169907e+00 1.000000000000000000e+00
2.795415999067856649e+00 1.000000000000000000e+00
2.827817979625341316e+00 1.000000000000000000e+00
2.860595535175741944e+00 1.000000000000000000e+00
2.893753019050950392e+00 1.000000000000000000e+00
2.927294835042816068e+00 1.000000000000000000e+00
2.961225437988034503e+00 1.000000000000000000e+00
2.995549334359813187e+00 1.000000000000000000e+00
3.030271082866396348e+00 1.113333029677871004e-36
3.065395295056526859e+00 9.446139393768182963e-37
3.100926635931926523e+00 7.964179115408694578e-37
3.136869824566876463e+00 6.851318194683479307e-37
3.173229634734976212e+00 5.882909659044486453e-37
3.210010895543171650e+00 5.042414474497457374e-37
3.247218492073128626e+00 4.312629943507239820e-37
3.284857366030043746e+00 3.684373427262547635e-37
3.322932516398971803e+00 3.143679264751474912e-37
3.361449000108764906e+00 2.675902228450827697e-37
3.400411932703705897e+00 2.271311352521845412e-37
3.439826489022924427e+00 1.926229541517918637e-37
3.479697903887691623e+00 1.631383417025067855e-37
3.520031472796679051e+00 1.327470589272838632e-37
3.560832552629277892e+00 1.122440997084475878e-37
3.602106562357069830e+00 9.676002336120110982e-38
3.643858983763544224e+00 8.013589237512605070e-38
3.686095362172157941e+00 6.646294045384073116e-38
3.728821307182833777e+00 5.599533315556578840e-38
3.772042493416997377e+00 4.752586754791047862e-38
3.815764661271248581e+00 4.064055419556270482e-38
3.859993617679767119e+00 3.378391741461536020e-38
3.904735236885560123e+00 2.683898614352531227e-38
3.949995461220642934e+00 2.269406073457207821e-38
3.995780301895269560e+00 1.918662883136572382e-38
4.042095839796307821e+00 1.723216561834205911e-38
4.088948226294862209e+00 1.540364796331835905e-38
4.136343684063275461e+00 1.378745254583228768e-38
4.184288507901582577e+00 1.240145730617569581e-38
4.232789065573550502e+00 1.110749999005604252e-38
4.281851798652413166e+00 9.937112739614390522e-39
4.331483223376400460e+00 8.882182920283237347e-39
4.381689931514192615e+00 7.917505436049344885e-39
4.432478591240398558e+00 7.053559011019468181e-39
4.483855948021188809e+00 6.279086196662941819e-39
4.535828825510188622e+00 5.581251519939778417e-39
4.588404126454759258e+00 4.952138981951939665e-39
4.641588833612779297e+00 4.390966096208004220e-39
4.695390010680060122e+00 3.890742426371087176e-39
4.749814803228502136e+00 3.440177357505744360e-39
4.804870439655131165e+00 3.041994143968935246e-39
4.860564232142136731e+00 2.686123636509386821e-39
4.916903577628028543e+00 2.369867022045333685e-39
4.973895958790064853e+00 2.092990502139685407e-39
5.031548945038053944e+00 1.893240701009171270e-39
5.089870193519682395e+00 1.687179764852657803e-39
5.148867450137495361e+00 1.511696457679829450e-39
5.208548550577662972e+00 1.384416177039918959e-39
5.268921421350674095e+00 1.229819889934045524e-39
5.329994080844090654e+00 1.135073537785540290e-39
5.391774640387502870e+00 1.002243572184312006e-39
5.454271305329833730e+00 9.269140801025789122e-40
5.517492376129125908e+00 8.134406253146432163e-40
5.581446249454963926e+00 7.506163189428785826e-40
5.646141419303670084e+00 6.593397088641228393e-40
5.711586478126432276e+00 6.057250985929489301e-40
5.777790117970504014e+00 5.314932788197183051e-40
5.844761131633634754e+00 4.812358473733245687e-40
5.912508413831877974e+00 4.290766387452052188e-40
5.981040962380941295e+00 3.853944060763530201e-40
6.050367879391221670e+00 3.508449674147892229e-40
6.120498372476699700e+00 3.246588379723025764e-40
6.191441755977844075e+00 2.975871375306859707e-40
6.263207452198689573e+00 2.733026711467978071e-40
6.335804992658251145e+00 2.487119800720712489e-40
6.409244019356453492e+00 2.294226236912155671e-40
6.483534286054723594e+00 2.087840725353191389e-40
6.558685659571431792e+00 1.916592062427247692e-40
6.634708121092347533e+00 1.729962659315430974e-40
6.711611767496282965e+00 1.593669375476593602e-40
6.789406812696109128e+00 1.436816484781376624e-40
6.868103588995303710e+00 1.318243722933100435e-40
6.947712548460236448e+00 1.196687224402026231e-40
7.028244264308349365e+00 1.115056762839448515e-40
7.109709432312435240e+00 1.050715676874320913e-40
7.192118872221189285e+00 9.807780631664262152e-41
7.275483529196228538e+00 9.164788381711535830e-41
7.359814475265767264e+00 8.545793520951595097e-41
7.445122910795139326e+00 7.967238406161875050e-41
7.531420165974371805e+00 7.417326044903840116e-41
7.618717702322995500e+00 6.895005255981409468e-41
7.707027114212299246e+00 6.416225153858115756e-41
7.796360130405233235e+00 5.958595495800811669e-41
7.886728615614152282e+00 5.488946192534213769e-41
7.978144572076624641e+00 5.149250501402231723e-41
8.070620141149502658e+00 4.874331485121643927e-41
8.164167604921468424e+00 4.620703140998757985e-41
8.258799387844268480e+00 4.477277590659149080e-41
8.354528058382866718e+00 4.310023428373009928e-41
8.451366330684717099e+00 4.137897444065479601e-41
8.549327066268380904e+00 3.980952307270765737e-41
8.648423275731722981e+00 3.771239493331532667e-41
8.748668120479909049e+00 3.570293575945860140e-41
8.850074914473434973e+00 3.392540472569517317e-41
8.952657125996395848e+00 3.226737800979813905e-41
9.056428379445289778e+00 3.105348530663408892e-41
9.161402457138516198e+00 3.033698156583574709e-41
9.267593301146877849e+00 2.921994732318004600e-41
9.375015015145285346e+00 2.784249134854530316e-41
9.483681866285921913e+00 2.669548139246214509e-41
9.593608287093141840e+00 2.572812146481449856e-41
9.704808877380301624e+00 2.479581560552625440e-41
9.817298406188836424e+00 2.389729356587917342e-41
9.931091813749794994e+00 2.301300629995970221e-41
1.004620421346813153e+01 2.266830673116026051e-41
1.016265089392995158e+01 2.223268171508842268e-41
1.028044732093309754e+01 2.173444786490522908e-41
1.039960913954120336e+01 2.125621411713109074e-41
1.052015217616159148e+01 2.078850318175707657e-41
1.064209244064724658e+01 2.032310812945847102e-41
1.076544612842315907e+01 1.967661533569557661e-41
1.089022962263730498e+01 1.919858769394257132e-41
1.101645949633656940e+01 1.874450652455016485e-41
1.114415251466788170e+01 1.825091669325863262e-41
1.127332563710487179e+01 1.775899104781076609e-41
1.140399601970033139e+01 1.726516664863915833e-41
1.153618101736478430e+01 1.680696531732027405e-41
1.166989818617147456e+01 1.633283772392697182e-41
1.180516528568805512e+01 1.586560779024329939e-41
1.194200028133532498e+01 3.365948968940864917e-41
1.208042134677328860e+01 3.183706561968865638e-41
1.222044686631488730e+01 3.019671906626240934e-41
1.236209543736769056e+01 2.863771179002727375e-41
1.250538587290391312e+01 2.700288247768178777e-41
1.265033720395903849e+01 2.552280662025180155e-41
1.279696868215941663e+01 2.453051029319305744e-41
1.294529978227916089e+01 2.357679326563474976e-41
1.309535020482667633e+01 2.266944877673365162e-41
1.324713987866117471e+01 2.180758857923299231e-41
1.340068896363950657e+01 2.097849508053228127e-41
1.355601785329368880e+01 2.009734922292480793e-41
1.371314717753945622e+01 1.919422195012883276e-41
1.387209780541621029e+01 1.833167907788313014e-41
1.403289084785873087e+01 1.753166547441332273e-41
1.419554766050101513e+01 1.676929582690202804e-41
1.436008984651260612e+01 1.607008883227436265e-41
1.452653925946781222e+01 1.544152316412294631e-41
1.469491800624817301e+01 1.483754322186902065e-41
1.486524844997857109e+01 1.423437374705522460e-41
1.503755321299738412e+01 1.363936272427893043e-41
1.521185517986104863e+01 1.306922375583509554e-41
1.538817750038346333e+01 1.255563909351794883e-41
1.556654359271061949e+01 1.207078336051137528e-41
1.574697714643086677e+01 1.160465109351703452e-41
1.592950212572123014e+01 1.124933306323485472e-41
1.611414277253019733e+01 1.091459368398824407e-41
1.630092360979741173e+01 1.058981493541961373e-41
1.648986944471064930e+01 1.026459962901740492e-41
1.668100537200059108e+01 9.944916930819411664e-42
1.687435677727375705e+01 9.635190493091455555e-42
1.706994934038407763e+01 9.335110236110405250e-42
1.726780903884355922e+01 9.044375737336815026e-42
1.746796215127245588e+01 8.774159815238888299e-42
1.767043526088946592e+01 8.545605127278500431e-42
1.787525525904235479e+01 8.323003971791722198e-42
1.808244934877951593e+01 8.106201267518874760e-42
1.829204504846293844e+01 7.895045972851902741e-42
1.850407019542302223e+01 7.689390980607045462e-42
1.871855294965579120e+01 7.503826713678592076e-42
1.893552179756295217e+01 7.325970228265149543e-42
1.915500555573527919e+01 7.152329315866732218e-42
1.937703337477988796e+01 6.982804058531049440e-42
1.960163474319185539e+01 6.817296906571214976e-42
1.982883949127071332e+01 6.656450771897392950e-42
2.005867779508233895e+01 6.499591820431896962e-42
2.029118018046678174e+01 6.346429242829487117e-42
2.052637752709252084e+01 6.196875934212975008e-42
2.076430107255774615e+01 6.056108387754371705e-42
2.100498241653915343e+01 5.948593395271923112e-42
2.124845352498882889e+01 5.842987132433724252e-42
2.149474673437980599e+01 5.739255713278659521e-42
2.174389475600079891e+01 5.637365853428206555e-42
2.199593068030074861e+01 5.524884297064710473e-42
2.225088798128369305e+01 5.403600717386830683e-42
2.250880052095461892e+01 5.284979583817880571e-42
2.276970255381679920e+01 5.177683293892923574e-42
2.303362873142131306e+01 5.099746724812646364e-42
2.330061410696924540e+01 5.022983288281359835e-42
2.357069413996727647e+01 4.948535767537407996e-42
2.384390470093720538e+01 4.886700873578271354e-42
2.412028207618006803e+01 4.825638643350499458e-42
2.439986297259550341e+01 4.766478675383335074e-42
2.468268452255692580e+01 4.718893029560451889e-42
2.496878428884326695e+01 4.671782450100439482e-42
2.525820026962784581e+01 4.625142194227656641e-42
2.555097090352506939e+01 4.583502925436022997e-42
2.584713507469563609e+01 4.543167124291627028e-42
2.614673211801092023e+01 4.503186286781035338e-42
2.644980182427719839e+01 4.465817230591840070e-42
2.675638444552045314e+01 4.440472143014656881e-42
2.706652070033241131e+01 4.415270897746909892e-42
2.738025177927857712e+01 4.390212678432915857e-42
2.769761935036891032e+01 4.377013652937586014e-42
2.801866556459195223e+01 4.375911608983077149e-42
2.834343306151309250e+01 4.374809842501058841e-42
2.867196497493769769e+01 4.373708353421668275e-42
2.900430493863991543e+01 4.373969481133344438e-42
2.934049709215787161e+01 4.374520223881672865e-42
2.968058608665602449e+01 4.375071035975995407e-42
3.002461709085549302e+01 4.376657879020258159e-42
3.037263579703311578e+01 4.383827350145364227e-42
3.072468842709003667e+01 4.391008565692271905e-42
3.108082173869063780e+01 4.398201544899700764e-42
3.144108303147264749e+01 4.412514339365923561e-42
3.180552015332919780e+01 4.434348724232573976e-42
3.217418150676371624e+01 4.456291151889688137e-42
3.254711605531848306e+01 4.478342156964012187e-42
3.292437333007768530e+01 4.496224332507192755e-42
3.330600343624588788e+01 4.513239466986611954e-42
3.369205705980267140e+01 4.530318992114705433e-42
3.408258547423452001e+01 4.547987258776306708e-42
3.447764054734464167e+01 4.568648292846618900e-42
3.487727474814177242e+01 4.589403187850180362e-42
3.528154115380883127e+01 4.610252370187543582e-42
3.569049345675229290e+01 4.629783899242263854e-42
3.610418597173337218e+01 4.647889624722404868e-42
3.652267364308175246e+01 4.666066156378957266e-42
3.694601205199302285e+01 4.684313771113934315e-42
3.737425742391064176e+01 4.718226975438437177e-42
3.780746663599349233e+01 4.755923582358437566e-42
3.824569722466998911e+01 4.793921368975955083e-42
3.868900739327975202e+01 4.830488802458456076e-42
3.913745601980384237e+01 4.857323269506016781e-42
3.959110266468458406e+01 4.884306808138498414e-42
4.005000757873611406e+01 4.911440246482556099e-42
4.051423171114647204e+01 4.941712419792453605e-42
4.098383671757261482e+01 4.975425165774636724e-42
4.145888496832910874e+01 5.009367902728676389e-42
4.193943955667186430e+01 5.043542199670766249e-42
4.242556430717777260e+01 5.080027522455218432e-42
4.291732378422157268e+01 5.117260386783191406e-42
4.341478330055092272e+01 5.154766140614210563e-42
4.391800892596086214e+01 5.193787180211044709e-42
4.442706749606882966e+01 5.240521038529435165e-42
4.494202662119142389e+01 5.287675409556007401e-42
4.546295469532399380e+01 5.335254077077340197e-42
4.598992090522438048e+01 5.382929906898823992e-42
4.652299523960189020e+01 5.429325472530197932e-42
4.706224849841281355e+01 5.476120922341192130e-42
4.760775230226368393e+01 5.523319702940621293e-42
4.815957910192350511e+01 5.563393143401765638e-42
4.871780218794631168e+01 5.599790511706294135e-42
4.928249570040513561e+01 5.636426002391510783e-42
4.985373463873893485e+01 5.676081668559254664e-42
5.043159487171358535e+01 5.728431862622650578e-42
5.101615314749833630e+01 5.781264879692825320e-42
5.160748710385907856e+01 5.834585172820336032e-42
5.220567527846975509e+01 5.891301694747436009e-42
5.281079711934330589e+01 5.951850213189338728e-42
5.342293299538351903e+01 6.013021025866860900e-42
5.404216420705915169e+01 6.074734403363111505e-42
5.466857299720180663e+01 6.134678477542456119e-42
5.530224256192899901e+01 6.195214065982343664e-42
5.594325706169377810e+01 6.256347005608900962e-42
5.659170163246242424e+01 6.319080458475822543e-42
5.724766239702178439e+01 6.388843475576107279e-42
5.791122647641758192e+01 6.459376680457180338e-42
5.858248200152535645e+01 6.530688576037095622e-42
5.926151812475552560e+01 6.594074968147189039e-42
5.994842503189408944e+01 6.648090242665970649e-42
6.064329395408061885e+01 6.702547982564075748e-42
6.134621717992506262e+01 6.757451812290470607e-42
6.205728806776500761e+01 6.833015285415282254e-42
6.277660105806499757e+01 6.914543555746322632e-42
6.350425168595962333e+01 6.997044582406203339e-42
6.424033659394190465e+01 7.080177185323910586e-42
6.498495354469888241e+01 7.161948769840262622e-42
6.573820143409585626e+01 7.244664764624787381e-42
6.650018030431118632e+01 7.328336077021031332e-42
6.727099135712336420e+01 7.406305380262600472e-42
6.805073696735206568e+01 7.477322681458735216e-42
6.883952069645496863e+01 7.549020950669192685e-42
6.963744730628222612e+01 7.621406717534587263e-42
7.044462277299037112e+01 7.694486574306333121e-42
7.126115430111745752e+01 7.768267176447371139e-42
7.208715033782135606e+01 7.842755243238678115e-42
7.292272058728312345e+01 7.918339741614329968e-42
7.376797602527730646e+01 7.997286962304211080e-42
7.462302891391107096e+01 8.077021300477933903e-42
7.548799281653431592e+01 8.157550603833601894e-42
7.636298261282242095e+01 8.239457285630931767e-42
7.724811451403400042e+01 8.322868287122559904e-42
7.814350607844542651e+01 8.407123688303226615e-42
7.904927622696420997e+01 8.492232037335909967e-42
7.996554525892345566e+01 8.596352579634029433e-42
8.089243486805938232e+01 8.706590237511504828e-42
8.183006815867389605e+01 8.818241557881500166e-42
8.277856966198471866e+01 8.928098588144865875e-42
8.373806535266488993e+01 9.016210282204701741e-42
8.470868266557401682e+01 9.105191553426138246e-42
8.569055051268347256e+01 9.195050983694637643e-42
8.668379930019773383e+01 9.292201233949908019e-42
8.768856094587427208e+01 9.398116369489478281e-42
8.870496889654403105e+01 9.505238755674238410e-42
8.973315814583520478e+01 9.613582153088509200e-42
9.077326525210223451e+01 9.718567418075914445e-42
9.182542835656282421e+01 9.824272517662867989e-42
9.288978720164497815e+01 9.931127330741490380e-42
9.396648314954690306e+01 1.003837008244516709e-41
9.505565920101190613e+01 1.014100767501470157e-41
9.615746001432096079e+01 1.024469468848825367e-41
9.727203192450537017e+01 1.034944185269921962e-41
9.839952296278225674e+01 1.046001569406691051e-41
9.954008287621518036e+01 1.057761331191307327e-41
1.006938631476027126e+02 1.069653303099975079e-41
1.018610170155975254e+02 1.081678971516245777e-41
1.030416994950587508e+02 1.093668207738523700e-41
1.042360673976401131e+02 1.105742368588329323e-41
1.054442793526168458e+02 1.117949828878673974e-41
1.066664958279538808e+02 1.130390600249782267e-41
1.079028791516183645e+02 1.143733868474599403e-41
1.091535935331391016e+02 1.157234642261546909e-41
1.104188050854160252e+02 1.170894780825450603e-41
1.116986818467822644e+02 1.183488377136965267e-41
1.129933938033221636e+02 1.194686138401264872e-41
1.143031129114478688e+02 1.205989849043464089e-41
1.156280131207375348e+02 1.217400511520271328e-41
1.169682703970384665e+02 1.231865966111372756e-41
1.183240627458378071e+02 1.247348996832296926e-41
1.196955702359042846e+02 1.263026630088621926e-41
1.210829750232039430e+02 1.278646832493276559e-41
1.224864613750930715e+02 1.292404386045295677e-41
1.239062156947915696e+02 1.306309963488609009e-41
1.253424265461399472e+02 1.320365157480828912e-41
1.267952846786433980e+02 1.336092434007403698e-41
1.282649830528060022e+02 1.353942739843216192e-41
1.297517168657586808e+02 1.372031527246861708e-41
1.312556835771842714e+02 1.390361982351861845e-41
1.327770829355428930e+02 1.407672153784654289e-41
1.343161170046015229e+02 1.424826567326771003e-41
1.358729901902709116e+02 1.442190030897463678e-41
1.374479092677536585e+02 1.459382933733250875e-41
1.390410834090069727e+02 1.473562127991087000e-41
1.406527242105236439e+02 1.487879085645461660e-41
1.422830457214352009e+02 1.502335145189456882e-41
1.439322644719406412e+02 1.518123379038174358e-41
1.456005995020648527e+02 1.535617192182511595e-41
1.472882723907501656e+02 1.553312592037490547e-41
1.489955072852853561e+02 1.571211901550177214e-41
1.507225309310755677e+02 1.591047187543020036e-41
1.524695727017573006e+02 1.611653316212692141e-41
1.542368646296627333e+02 1.632526321026626706e-41
1.560246414366367844e+02 1.652934624145008154e-41
1.578331405652116359e+02 1.667131811414329323e-41
1.596626022101425235e+02 1.681450939456969892e-41
1.615132693503091161e+02 1.695893055631981147e-41
1.633853877809862070e+02 1.712134081848242832e-41
1.652792061464895426e+02 1.732558311358690418e-41
1.671949759731990071e+02 1.753226183674639130e-41
1.691329517029648741e+02 1.774140605236992603e-41
1.710933907269015037e+02 1.795304517157984708e-41
1.730765534195725763e+02 1.816720895634601942e-41
1.750827031735725257e+02 1.838392752367201340e-41
1.771121064345088598e+02 1.860323134983122785e-41
1.791650327363901454e+02 1.876840990311213443e-41
1.812417547374237756e+02 1.893267022340034586e-41
1.833425482562290654e+02 1.909836814298229379e-41
1.854676923084699354e+02 1.927374769238488956e-41
1.876174691439121318e+02 1.945715600319234846e-41
1.897921642839101537e+02 1.964230962108850012e-41
1.919920665593284639e+02 1.982922515435440590e-41
1.942174681489026398e+02 2.002362142983019133e-41
1.964686646180446417e+02 2.022011381112014412e-41
1.987459549580983662e+02 2.041853437788045688e-41
2.010496416260499188e+02 2.062245464467999888e-41
2.033800305846982042e+02 2.086272024718163078e-41
2.057374313432913766e+02 2.110578510713020567e-41
2.081221569986339262e+02 2.135168183777680757e-41
2.105345242766705951e+02 2.159208410792322015e-41
2.129748535745520996e+02 2.182384119369725723e-41
2.154434690031884543e+02 2.205808582752538653e-41
2.179406984302955834e+02 2.229484470932619231e-41
2.204668735239409898e+02 2.250790853069051058e-41
2.230223297965938514e+02 2.271458967893394787e-41
2.256074066496861406e+02 2.292316869774019612e-41
2.282224474186898533e+02 2.313366301449853967e-41
2.308677994187169702e+02 2.339741551261590019e-41
2.335438139906479478e+02 2.367678227328581791e-41
2.362508465477947652e+02 2.395948469241447337e-41
2.389892566231050353e+02 2.419785321781960949e-41
2.417594079169130907e+02 2.442126217656621997e-41
2.445616683452446409e+02 2.464673377956473572e-41
2.473964100886814208e+02 2.487428707037246954e-41
2.502640096417919153e+02 2.514012530577760807e-41
2.531648478631355488e+02 2.542641958277771400e-41
2.560993100258459663e+02 2.571597416226381162e-41
2.590677858688009110e+02 2.600460210816368433e-41
2.620706696483852625e+02 2.625140273942040602e-41
2.651083601908538867e+02 2.650054566960355005e-41
2.681812609453015739e+02 2.675205312865643903e-41
2.712897800372467145e+02 2.701009559549566032e-41
2.744343303228365585e+02 2.727402871090557173e-41
2.776153294436800820e+02 2.754054088751042914e-41
2.808331998823172739e+02 2.780965732698452058e-41
2.840883690183304111e+02 2.809164691548581194e-41
2.873812691851066461e+02 2.838157019896183039e-41
2.907123377272578182e+02 2.867448567120369859e-41
2.940820170587063558e+02 2.896995824157504155e-41
2.974907547214440342e+02 2.926323159033242708e-41
3.009390034449721156e+02 2.955947385110459869e-41
3.044272212064302607e+02 2.985871507926049844e-41
3.079558712914226817e+02 3.017121442857346262e-41
3.115254223555488124e+02 3.050160044837605772e-41
3.151363484866479325e+02 3.083560431797848007e-41
3.187891292677645652e+02 3.117326565418165774e-41
3.224842498408441998e+02 3.150574224149429299e-41
3.262222009711670125e+02 3.183871353066817196e-41
3.300034791125285096e+02 3.217520385705641643e-41
3.338285864731760739e+02 3.251669188743301398e-41
3.376980310825091465e+02 3.287897065056841659e-41
3.416123268585528194e+02 3.324528567614629549e-41
3.455719936762139355e+02 3.361568193344490862e-41
3.495775574363275382e+02 3.401514994597495270e-41
3.536295501355043029e+02 3.445569034100078853e-41
3.577285099367873613e+02 3.490193630663142544e-41
3.618749812411280118e+02 3.535396173742124622e-41
3.660695147596902643e+02 3.576935295274115663e-41
3.703126675869926885e+02 3.617470190448222624e-41
3.746050032748992749e+02 3.658464439116571077e-41
3.789470919074667563e+02 3.700009563409093269e-41
3.833395101766601556e+02 3.743117187711403022e-41
3.877828414589457111e+02 3.786727045113631043e-41
3.922776758927719243e+02 3.830844986972611419e-41
3.968246104569481645e+02 3.875576004723941998e-41
4.014242490499322003e+02 3.920975926319015385e-41
4.060772025700365475e+02 3.966907679280207478e-41
4.107840889965646625e+02 4.013377493675459910e-41
4.155455334718875520e+02 4.061335034184397565e-41
4.203621683844713743e+02 4.110204548091245580e-41
4.252346334528681950e+02 4.159662102474781362e-41
4.301635758106795038e+02 4.209974447791720021e-41
4.351496500925049986e+02 4.264389243668748840e-41
4.401935185208874373e+02 4.319507362106700537e-41
4.452958509942655496e+02 4.375337893696113594e-41
4.504573251759458685e+02 4.427989732697259326e-41
4.556786265841063823e+02 4.475408467951817772e-41
4.609604486828433778e+02 4.523335003944156111e-41
4.663034929742731265e+02 4.571774778642786907e-41
4.717084690917017156e+02 4.620417885311084907e-41
4.771760948938745628e+02 4.666276189044764488e-41
4.827070965603182913e+02 4.712589642956018943e-41
4.883022086877879815e+02 4.759362764475080787e-41
4.939621743878320785e+02 4.806600115868243865e-41
4.996877453854883697e+02 4.854306304682941120e-41
5.054796821191240497e+02 4.904290489385665566e-41
5.113387538414326059e+02 4.961136670826376129e-41
5.172657387216019060e+02 5.018641762735661217e-41
5.232614239486662200e+02 5.076813402618707679e-41
5.293266058360561601e+02 5.135659316507967500e-41
5.354620899273608075e+02 5.195187319988946873e-41
5.416686911033151546e+02 5.255405319238734922e-41
5.479472336900287246e+02 5.316321312075720247e-41
5.542985515684669053e+02 5.377943389021994104e-41
5.607234882852033024e+02 5.440279734377528689e-41
5.672228971644543662e+02 5.503338627307703754e-41
5.737976414214133456e+02 5.567128442942541049e-41
5.804485942768977793e+02 5.631657653489232020e-41
5.871766390733255321e+02 5.696934829356992234e-41
5.939826693920356320e+02 5.762968640295890136e-41
6.008675891719686888e+02 5.829767856547947460e-41
6.078323128297230369e+02 5.897341350012141605e-41
6.148777653810022912e+02 5.965698095422340340e-41
6.220048825634711420e+02 6.034847171539842995e-41
6.292146109610343956e+02 6.104797762358797924e-41
6.365079081295571086e+02 6.175559158326159145e-41
6.438857427240419611e+02 6.247140757575192182e-41
6.513490946272802375e+02 6.319552067174280708e-41
6.588989550799949484e+02 6.392802704389206935e-41
6.665363268124913247e+02 6.466902397960663488e-41
6.742622241778342413e+02 6.541860989395952716e-41
6.820776732865684835e+02 6.617688434276708689e-41
6.899837121430018669e+02 6.694394803580722004e-41
6.979813907830659900e+02 6.771990285019732219e-41
7.060717714137772418e+02 6.850485184392053119e-41
7.142559285543126180e+02 6.929889926951995541e-41
7.225349491787213765e+02 7.010215058794054719e-41
7.309099328602910646e+02 7.091471248253805477e-41
7.393819919175865607e+02 7.173669287324348023e-41
7.479522515621821412e+02 7.256820093090335370e-41
7.566218500481055571e+02 7.340934709177457574e-41
7.653919388230148115e+02 7.426024307219432130e-41
7.742636826811269657e+02 7.512100188341268896e-41
7.832382599179196632e+02 7.599173784660954723e-41
7.923168624866253822e+02 7.687256660807312680e-41
8.015006961565404708e+02 7.776360515456208609e-41
8.107909806731686331e+02 7.866497182883787698e-41
8.201889499202203524e+02 7.957678634539002505e-41
8.296958520834906494e+02 8.049916980633083327e-41
8.393129498166364328e+02 8.143224471748213356e-41
8.490415204088747032e+02 8.237613500464050535e-41
8.588828559546249153e+02 8.333096603004429948e-41
8.688382635251184638e+02 8.429686460901834404e-41
8.789090653419954151e+02 8.527395902681950723e-41
8.890965989529157696e+02 8.626237905566927145e-41
8.994022174092044679e+02 8.726225597199771691e-41
9.098272894455558344e+02 8.827372257387334404e-41
9.203731996618221274e+02 8.929691319864341842e-41
9.310413487069075700e+02 9.033196374077010547e-41
9.418331534647951457e+02 9.137901166988792511e-41
9.527500472427290106e+02 9.243819604905586443e-41
9.637934799615785550e+02 9.350965755322999464e-41
9.749649183484086734e+02 9.459353848794097238e-41
9.862658461312820464e+02 9.568998280820346468e-41
9.976977642363201539e+02 9.679913613762930610e-41
1.009262190987048371e+03 9.792114578777153953e-41
1.020960662306047539e+03 9.905616077768318026e-41
1.032794731918952493e+03 1.002043318537186195e-40
1.044765971560805156e+03 1.013658115095485478e-40
1.056875971184805167e+03 1.025407540064165398e-40
1.069126339173477163e+03 1.037293153936206180e-40
1.081518702552289142e+03 1.049316535292486726e-40
1.094054707205743625e+03 1.061479281011377800e-40
1.106736018095974487e+03 1.073783006480863973e-40
1.119564319483879444e+03 1.086229345813020596e-40
1.132541315152812558e+03 1.098819952061152073e-40
1.145668728634872650e+03 1.111556497439271496e-40
1.158948303439811752e+03 1.124440673544230983e-40
1.172381803286599734e+03 1.137474191580316130e-40
1.185971012337670572e+03 1.150658782586629016e-40
1.199717735435885515e+03 1.163996197666921048e-40
1.213623798344241777e+03 1.177488208222203956e-40
1.227691047988360424e+03 1.191136606185938898e-40
1.241921352701784599e+03 1.204943204262146852e-40
1.256316602474121510e+03 1.218909836166085508e-40
1.270878709202059554e+03 1.233038356867831537e-40
1.285609606943296512e+03 1.247330642838568216e-40
1.300511252173409957e+03 1.261788592299926492e-40
1.315585624045705117e+03 1.276414125476017930e-40
1.330834724654076126e+03 1.291209184848507848e-40
1.346260579298911125e+03 1.306175735414521245e-40
1.361865236756082822e+03 1.321315764947748984e-40
1.377650769549054985e+03 1.336631284262368221e-40
1.393619274224143510e+03 1.352124327480151661e-40
1.409772871628967778e+03 1.367796952300538699e-40
1.426113707194129802e+03 1.383651240274060965e-40
1.442643951218158918e+03 1.399689297078713037e-40
1.459365799155757713e+03 1.415913252799663280e-40
1.476281471909391030e+03 1.432325262212066055e-40
1.493393216124253286e+03 1.448927505067386569e-40
1.510703304486655497e+03 1.465722186382810363e-40
1.528214036025870882e+03 1.482711536734148734e-40
1.545927736419478606e+03 1.499897812551995181e-40
1.563846758302247736e+03 1.517283296421556012e-40
1.581973481578601422e+03 1.534870297385714234e-40
1.600310313738701780e+03 1.552661151251754138e-40
1.618859690178199116e+03 1.570658220901487409e-40
1.637624074521688954e+03 1.588863896605230792e-40
1.656605958949915248e+03 1.607280596339166925e-40
1.675807864530768711e+03 1.625910766106538177e-40
1.695232341554121376e+03 1.644756880262405343e-40
1.714881969870540843e+03 1.663821441842436121e-40
1.734759359233932628e+03 1.683106982895239073e-40
1.754867149648152008e+03 1.702616064818710235e-40
1.775208011717636055e+03 1.722351278700112215e-40
1.795784647002096790e+03 1.742315245660374738e-40
1.816599788375328671e+03 1.762510617202106470e-40
1.837656200388172465e+03 1.782940075561809337e-40
1.858956679635688261e+03 1.803606334066002524e-40
1.880504055128583559e+03 1.824512137491764099e-40
1.902301188668945770e+03 1.845660262431163155e-40
1.924350975230332324e+03 1.867053517660088777e-40
1.946656343342263199e+03 1.888694744511175063e-40
1.969220255479173375e+03 1.910586817251353819e-40
1.992045708453871384e+03 1.932732643463475977e-40
2.015135733815558524e+03 1.955135164432544365e-40
2.038493398252464203e+03 1.977797355536229933e-40
2.062121803999144504e+03 2.000722226640235876e-40
2.086024089248504879e+03 2.023912822497924814e-40
2.110203428568596337e+03 2.047372223154771434e-40
2.134663033324245589e+03 2.071103544357301697e-40
2.159406152103567820e+03 2.095109937967110346e-40
2.184436071149428244e+03 2.119394592379339297e-40
2.209756114795903159e+03 2.143960732946212303e-40
2.235369645909796418e+03 2.168811622405267444e-40
2.261280066337279550e+03 2.193950561312904068e-40
2.287490817355704166e+03 2.219380888482607144e-40
2.314005380130653975e+03 2.245105981428459570e-40
2.340827276178294142e+03 2.271129256813579034e-40
2.367960067833078483e+03 2.297454170904118932e-40
2.395407358720879529e+03 2.324084220028164890e-40
2.423172794237600556e+03 2.351022941040172084e-40
2.451260062033339636e+03 2.378273911790557147e-40
2.479672892502160266e+03 2.405840751601117986e-40
2.508415059277541332e+03 2.433727121745579632e-40
2.537490379733571899e+03 2.461936725935941089e-40
2.566902715491951767e+03 2.490473310814222277e-40
2.596655972934872352e+03 2.519340666450312548e-40
2.626754103723838398e+03 2.548542626845185849e-40
2.657201105324506898e+03 2.578083070440193805e-40
2.688001021537607357e+03 2.607965920632010936e-40
2.719157943036018878e+03 2.638195146293969372e-40
2.750676007908067277e+03 2.668774762303014708e-40
2.782559402207125913e+03 2.699708830073026479e-40
2.814812360507581161e+03 2.731001458094055866e-40
2.847439166467247560e+03 2.762656802478255503e-40
2.880444153396297679e+03 2.794679067511696336e-40
2.913831704832788546e+03 2.827072506212846819e-40
2.947606255124858762e+03 2.859841420897251960e-40
2.981772290019673619e+03 2.892990163749216882e-40
3.016334347259197330e+03 2.926523137399657601e-40
3.051297017182871059e+03 2.960444795510927775e-40
3.086664943337274508e+03 2.994759643368135261e-40
3.122442823092857907e+03 3.029472238477799252e-40
3.158635408267819003e+03 3.064587191172959691e-40
3.195247505759213709e+03 3.100109165225594646e-40
3.232283978181380917e+03 3.136042878465834988e-40
3.269749744511767858e+03 3.172393103408861410e-40
3.307649780744242435e+03 3.209164667888564096e-40
3.345989120549974814e+03 3.246362455698849648e-40
3.384772855945982883e+03 3.283991407242068747e-40
3.424006137971425687e+03 3.322056520185490734e-40
3.463694177371734440e+03 3.360562850124852448e-40
3.503842245290675692e+03 3.399515511255924206e-40
3.544455673970435782e+03 3.438919677053527684e-40
3.585539857459817085e+03 3.478780580958977149e-40
3.627100252330648345e+03 3.519103517074937930e-40
3.669142378402494160e+03 3.559893840868671116e-40
3.711671819475766824e+03 3.601156969883085795e-40
3.754694224073336954e+03 3.642898384456612270e-40
3.798215306190736101e+03 3.685123628450842022e-40
3.842240846055060956e+03 3.727838309986947885e-40
3.886776690892667830e+03 3.771048102190282860e-40
3.931828755705770163e+03 3.814758743944215104e-40
3.977403024058036863e+03 3.858976040652092626e-40
4.023505548869293307e+03 3.903705865008409476e-40
4.070142453219438721e+03 3.948954157778528245e-40
4.117319931161679051e+03 3.994726928588081216e-40
4.165044248545184928e+03 4.041030256720883784e-40
4.213321743847289326e+03 4.087870291926477587e-40
4.262158829015324955e+03 4.135253255236640219e-40
4.311561990318228709e+03 4.183185439792027933e-40
4.361537789208005961e+03 4.231673211677731091e-40
4.412092863191190190e+03 4.280723010768914466e-40
4.463233926710397100e+03 4.330341351585849099e-40
4.514967772036101451e+03 4.380534824159553477e-40
4.567301270168746669e+03 4.431310094906762640e-40
4.620241371751312727e+03 4.482673907515472350e-40
4.673795107992463272e+03 4.534633083840298965e-40
4.727969591600390231e+03 4.587194524808964123e-40
4.782772017727485036e+03 4.640365211338542926e-40
4.838209664925957441e+03 4.694152205262781486e-40
4.894289896114531984e+03 4.748562650269700790e-40
4.951020159556351246e+03 4.803603772850843346e-40
5.008407989848212310e+03 4.859282883260749876e-40
5.066461008921268331e+03 4.915607376488020050e-40
5.125186927053332511e+03 4.972584733237157925e-40
5.184593543892912749e+03 5.030222520922591960e-40
5.244688749495118827e+03 5.088528394673420196e-40
5.305480525369574025e+03 5.147510098350287602e-40
5.366976945540475754e+03 5.207175465573541591e-40
5.429186177618942565e+03 5.267532420764155122e-40
5.492116483887789400e+03 5.328588980195872493e-40
5.555776222398877508e+03 5.390353253060051761e-40
5.620173848083188204e+03 5.452833442542334267e-40
5.685317913873753241e+03 5.516037846912671463e-40
5.751217071841613688e+03 5.579974860627105439e-40
5.817880074344935565e+03 5.644652975442852923e-40
5.885315775191450484e+03 5.710080781545762065e-40
5.953533130814370452e+03 5.776266968691768453e-40
6.022541201461927812e+03 5.843220327360652137e-40
6.092349152400711318e+03 5.910949749923724554e-40
6.162966255132942024e+03 5.979464231824484489e-40
6.234401888627863627e+03 6.048772872773913562e-40
6.306665540567405515e+03 6.118884877958668159e-40
6.379766808606282211e+03 6.189809559263756727e-40
6.453715401646702048e+03 6.261556336509393288e-40
6.528521141127846931e+03 6.334134738701680530e-40
6.604193962330305112e+03 6.407554405298803533e-40
6.680743915695614305e+03 6.481825087490996793e-40
6.758181168161110691e+03 6.556956649495313078e-40
6.836516004510238417e+03 6.632959069866372755e-40
6.915758828738525153e+03 6.709842442821235511e-40
6.995920165435374656e+03 6.787616979580164444e-40
7.077010661181889191e+03 6.866293009722935073e-40
7.159041085964888225e+03 6.945880982560302620e-40
7.242022334607315315e+03 7.026391468522495447e-40
7.325965428215230531e+03 7.107835160562786843e-40
7.410881515641569422e+03 7.190222875577323783e-40
7.496781874966876785e+03 7.273565555842458194e-40
7.583677914997190783e+03 7.357874270467580707e-40
7.671581176779302041e+03 7.443160216865368820e-40
7.760503335133571454e+03 7.529434722239093018e-40
7.850456200204509514e+03 7.616709245086536322e-40
7.941451719029339984e+03 7.704995376722584360e-40
8.033501977124734367e+03 7.794304842818360357e-40
8.126619200091945459e+03 7.884649504958175827e-40
8.220815755240540966e+03 7.976041362215677085e-40
8.316104153230960947e+03 8.068492552746993440e-40
8.412497049736119152e+03 8.162015355402984952e-40
8.510007247122246554e+03 8.256622191360183558e-40
8.608647696149244439e+03 8.352325625769969157e-40
8.708431497690724427e+03 8.449138369428202527e-40
8.809371904473990071e+03 8.547073280462876241e-40
8.911482322840201959e+03 8.646143366042124528e-40
9.014776314524917325e+03 8.746361784101203831e-40
9.119267598459298824e+03 8.847741845090900829e-40
9.224970052592174397e+03 8.950297013744787170e-40
9.331897715733239238e+03 9.054040910867821744e-40
9.440064789417603606e+03 9.158987315144799658e-40
9.549485639791966605e+03 9.265150164971238481e-40
9.660174799522645117e+03 9.372543560304014951e-40
9.772146969725725285e+03 9.481181764534349213e-40
9.885417021919573017e+03 9.591079206381555848e-40
1.000000000000000000e+04 9.702250481810323511e-40
