# #See https://arxiv.org/pdf/2312.04303
4.999999999999999445e-01 1.265535510457953112e-38
5.212796947468925080e-01 6.691586951413231137e-39
5.434650403108268746e-01 3.875916366131117878e-39
5.665945806376720961e-01 2.349590159563999487e-39
5.907085000800986752e-01 1.409299527253793992e-39
6.158486932122971824e-01 8.314236516046405744e-40
6.420588376159579447e-01 5.365519365310126163e-40
6.693844697639824703e-01 3.345980991699427614e-40
6.978730641337600460e-01 2.162765959797189721e-40
7.275741156874500071e-01 1.484503381151684542e-40
7.585392258625885953e-01 9.940075792899331860e-41
7.908221922223886979e-01 7.087415570382650925e-41
8.244791019215103045e-01 5.129796390137443457e-41
8.595684291496757945e-01 3.714633079230303162e-41
8.961511367224178626e-01 2.672078838709572088e-41
9.342907819954856530e-01 1.993722368529922371e-41
9.740536272868844936e-01 1.507104442432645662e-41
1.015508754998421415e+00 1.187463782703211293e-41
1.058728187636750029e+00 8.732568166771995113e-42
1.103787012942431645e+00 7.152557576912863524e-42
1.150763514344430583e+00 5.584952411145391502e-42
1.199739306966651986e+00 4.290272306325857920e-42
1.250799479422849636e+00 3.488308065583410904e-42
1.304032741646232951e+00 2.851435372234607695e-42
1.359531579010603508e+00 2.283221523020036596e-42
1.417392413010816421e+00 1.850892768059226838e-42
1.477715768781679540e+00 1.545258036989162554e-42
1.540606449746367401e+00 1.268035749169829724e-42
1.606173719697763902e+00 1.087378136274342189e-42
1.674531492629062646e+00 9.232888717506406567e-43
1.745798530643472235e+00 7.625336384721830401e-43
1.820098650286805508e+00 6.954120479349615063e-43
1.897560937661474156e+00 5.845149423825521789e-43
1.978319972695605333e+00 5.001023256307394468e-43
2.062516062956891716e+00 4.426223144247967116e-43
2.150295487417462681e+00 3.864941824857418269e-43
2.241810750593190349e+00 3.342520130602133974e-43
2.337220847499041465e+00 2.915216466955697966e-43
2.436691539880747381e+00 2.501459033945337818e-43
2.540395644202748215e+00 2.174434261892611830e-43
2.648513331892688338e+00 1.883921739931341690e-43
2.761232442364192075e+00 1.632494140424321308e-43
2.878748809361644678e+00 1.428098608474902986e-43
3.001266601194037875e+00 1.209122493334373701e-43
3.128998675448949829e+00 1.041290114436516998e-43
3.262166948802919020e+00 9.209956485878297142e-44
3.401002782570775373e+00 7.874326637259506176e-44
3.545747384663652024e+00 7.066270861300662667e-44
3.696652228654122130e+00 6.217475081488460930e-44
3.853979490676489927e+00 5.529958796608249103e-44
4.018002504921250662e+00 4.704041045503092410e-44
4.189006238515198710e+00 4.352224919221857983e-44
4.367287786612062739e+00 3.680781962158649886e-44
4.553156888553935744e+00 3.306781182876619623e-44
4.746936466000214239e+00 3.070384319673959701e-44
4.948963183958977829e+00 2.731916463150229208e-44
5.159588035695492181e+00 2.317788350351938370e-44
5.379176952534129974e+00 2.109682223157861349e-44
5.608111439613021609e+00 2.012312421349252374e-44
5.846789238696064928e+00 1.925103854541800631e-44
6.095625019193814609e+00 1.733919957400107949e-44
6.355051098593746062e+00 1.580430242213660315e-44
6.625518193551704016e+00 1.511113795438089100e-44
6.907496202949229946e+00 1.475880109913367515e-44
7.201475024277388393e+00 1.424669220813766312e-44
7.507965404765391426e+00 1.355743994452775984e-44
7.827499828732665144e+00 1.337136426918239711e-44
8.160633442706236806e+00 1.341760182167994002e-44
8.507945019910378548e+00 1.343156269264638798e-44
8.870037965804453250e+00 1.340643153611268699e-44
9.247541366415806152e+00 1.352847965713121378e-44
9.641111081288984863e+00 1.358665640321126414e-44
1.005143088295041132e+01 1.364132016351591632e-44
1.047921364486775886e+01 1.368848050657807978e-44
1.092520257996827482e+01 1.395765889115310165e-44
1.139017253186767320e+01 1.454628466128793558e-44
1.187493132105284310e+01 1.496208326256738118e-44
1.238032114835747954e+01 1.510826095281163891e-44
1.290722005816857099e+01 1.517642761407706446e-44
1.345654346390616141e+01 1.534158947060174121e-44
1.402924573842662070e+01 1.578305108126643572e-44
1.462632187211234402e+01 1.599693144663872450e-44
1.524880920152904373e+01 1.600449669426825207e-44
1.589778921165333259e+01 1.617353559541406163e-44
1.657438941480218375e+01 1.663261761567513040e-44
1.727978530952845304e+01 1.682252231084390850e-44
1.801520242288565754e+01 1.758360713362412667e-44
1.878191843961063157e+01 1.809772419102786605e-44
1.958126542192252728e+01 1.866131176005022987e-44
2.041463212379531456e+01 1.941303275917521640e-44
2.128346640372430087e+01 1.990704270971654805e-44
2.218927774017829435e+01 2.045575183972952674e-44
2.313363985410831702e+01 2.131991876208527948e-44
2.411819344306826451e+01 2.191542934985858665e-44
2.514464903169826471e+01 2.262020641955526850e-44
2.621478994352288794e+01 2.316310018051565297e-44
2.733047539922704061e+01 2.399178235120051317e-44
2.849364374679305811e+01 2.500333767066410850e-44
2.970631582910997537e+01 2.592207036538065051e-44
3.097059849490646499e+01 2.679898520255867901e-44
3.228868825910689111e+01 2.813323528865714355e-44
3.366287511896962314e+01 2.910055976177383850e-44
3.509554653263850099e+01 2.966113774839066151e-44
3.658919156701831810e+01 3.153298204076819796e-44
3.814640522218178376e+01 3.275206148449165634e-44
3.976989293982045126e+01 3.381349719562005531e-44
4.146247530357240407e+01 3.481235937183134949e-44
4.322709293939359299e+01 3.584162466809042935e-44
4.506681162448528966e+01 3.705709930922366515e-44
4.698482761365480798e+01 3.868040021220344229e-44
4.898447319236279895e+01 3.967396839002954615e-44
5.106922246610433547e+01 4.151030712182068055e-44
5.324269739618413411e+01 4.338568633188121666e-44
5.550867409236808214e+01 4.542231097466650006e-44
5.787108937334874526e+01 4.679122741576079776e-44
6.033404760641887776e+01 4.901617389096555338e-44
6.290182783823689761e+01 5.050623840660107951e-44
6.557889122907558033e+01 5.284595805713149869e-44
6.836988880346436304e+01 5.457416558807272461e-44
7.127966953069778810e+01 5.687007575625885139e-44
7.431328874924319905e+01 5.877332996095196255e-44
7.747601694968619768e+01 6.123177621332558943e-44
8.077334893147515515e+01 6.378490373196128662e-44
8.421101334936722083e+01 6.579338871987802420e-44
8.779498266616927538e+01 6.907011833733841640e-44
9.153148352905907359e+01 7.204796411984249339e-44
9.542700758751610124e+01 7.436441190036322550e-44
9.948832277165978155e+01 7.826062375589762283e-44
1.037224850505820513e+02 8.106257789942381911e-44
1.081368506911133096e+02 8.394496138437474651e-44
1.127390890383078954e+02 8.789082606522151313e-44
1.175371958398635286e+02 9.133124860547810813e-44
1.225395071376198359e+02 9.434348434956283043e-44
1.277547137502659922e+02 9.936465113694363292e-44
1.331918763724308974e+02 1.028034958187232751e-43
1.388604413163735103e+02 1.063913018745953191e-43
1.447702569236356567e+02 1.120685414265495811e-43
1.509315906751643297e+02 1.164729324813165399e-43
1.573551470296248453e+02 1.207070689326147306e-43
1.640520860209108207e+02 1.261387341221923939e-43
1.710340426471430533e+02 1.308840082149228217e-43
1.783131470848591107e+02 1.374234733710725992e-43
1.859020457635066066e+02 1.434833472584027666e-43
1.938139233368467842e+02 1.493828802738187401e-43
2.020625255894586587e+02 1.549838455371877692e-43
2.106621833181187640e+02 1.609358294413459448e-43
2.196278372295653014e+02 1.674172188114145018e-43
2.289750638978964901e+02 1.756148901367125086e-43
2.387201028266909191e+02 1.832694878416323317e-43
2.488798846628889976e+02 1.903454125911719974e-43
2.594720606114257748e+02 1.976956427634288451e-43
2.705150331017418921e+02 2.053077886872592527e-43
2.820279877594436471e+02 2.149086550968337471e-43
2.940309267386457464e+02 2.248382764163518633e-43
3.065447034729349411e+02 2.347957970861259638e-43
3.195910589052970749e+02 2.439620476084782731e-43
3.331926592599781429e+02 2.535600402155233605e-43
3.473731354218943466e+02 2.635976625052525303e-43
3.621571239919913978e+02 2.750525677429568477e-43
3.775703100899163474e+02 2.880083564225013248e-43
3.936394719783231722e+02 3.016628717091977752e-43
4.103925275863757065e+02 3.135485672256249963e-43
4.278585830132640240e+02 3.259833234892056867e-43
4.460679830959836636e+02 3.388277769912640370e-43
4.650523641292737125e+02 3.526504803448456205e-43
4.848447088292580816e+02 3.670404274283579900e-43
5.054794036363222745e+02 3.834220255976600925e-43
5.269922984567679123e+02 4.012302160305041629e-43
5.494207689470133573e+02 4.202074568424981660e-43
5.728037814486053776e+02 4.366132753509676939e-43
5.971819606867908306e+02 4.544999993354318469e-43
6.225976603503208935e+02 4.726868887266193198e-43
6.490950366750909097e+02 4.917238653718128467e-43
6.767201251594274254e+02 5.113041481896389117e-43
7.055209205443719611e+02 5.338536162694945673e-43
7.355474601978352212e+02 5.542676042546055500e-43
7.668519110475577918e+02 5.824440268078559505e-43
7.994886602138858507e+02 6.081243740592364324e-43
8.335144094997913271e+02 6.347653365204808099e-43
8.689882739023770455e+02 6.541503261943933831e-43
9.059718843169222282e+02 6.810823566591464610e-43
9.445294946119826136e+02 7.088356880694608297e-43
9.847280932615440179e+02 7.399455877768594545e-43
1.026637519728132474e+03 7.749694800686260041e-43
1.070330585799177697e+03 8.080397568755562904e-43
1.115883202087318296e+03 8.417730694686847459e-43
1.163374509914522150e+03 8.758923076257498786e-43
1.212887018809118445e+03 9.113260719165938034e-43
1.264506749854568852e+03 9.484167518746306389e-43
1.318323385139152379e+03 9.865088971153735787e-43
1.374430423566057925e+03 1.029171698448167353e-42
1.432925343294710729e+03 1.069308382618691621e-42
1.493909771095509313e+03 1.121265402088101451e-42
1.557489658912131517e+03 1.172232280328318006e-42
1.623775467938318570e+03 1.223919317376085979e-42
1.692882360528762092e+03 1.276312659215982652e-42
1.764930400277660510e+03 1.329438298965694521e-42
1.840044760612503296e+03 1.383559339325903441e-42
1.918355942265405474e+03 1.439823160144695358e-42
2.000000000000000227e+03 1.498450655732267171e-42
