# #See https://arxiv.org/pdf/2312.04303
4.999999999999999445e-01 2.662974542261503426e-39
5.212796947468925080e-01 1.644826191007515315e-39
5.434650403108268746e-01 1.059974903506446447e-39
5.665945806376720961e-01 7.575625107126385585e-40
5.907085000800986752e-01 4.550705087569945011e-40
6.158486932122971824e-01 3.355551033939161657e-40
6.420588376159579447e-01 2.360818006182772230e-40
6.693844697639824703e-01 1.720321854085865096e-40
6.978730641337600460e-01 1.407206652021928234e-40
7.275741156874500071e-01 1.000276434254661986e-40
7.585392258625885953e-01 7.409251185997773205e-41
7.908221922223886979e-01 6.195150702815872204e-41
8.244791019215103045e-01 4.388402151679599710e-41
8.595684291496757945e-01 3.677174540071408567e-41
8.961511367224178626e-01 2.982347435233232589e-41
9.342907819954856530e-01 2.333284636911274358e-41
9.740536272868844936e-01 1.875099521866036585e-41
1.015508754998421415e+00 1.487087741528455788e-41
1.058728187636750029e+00 1.179767084920668083e-41
1.103787012942431645e+00 9.694713337328148441e-42
1.150763514344430583e+00 7.783379608873939786e-42
1.199739306966651986e+00 6.401582571702513144e-42
1.250799479422849636e+00 5.379005834320008821e-42
1.304032741646232951e+00 4.420571736964011775e-42
1.359531579010603508e+00 3.890233838435188817e-42
1.417392413010816421e+00 3.294872779566021814e-42
1.477715768781679540e+00 2.835561249420612905e-42
1.540606449746367401e+00 2.463041506231389323e-42
1.606173719697763902e+00 2.160875541036681795e-42
1.674531492629062646e+00 1.869052282293508094e-42
1.745798530643472235e+00 1.572112544971545585e-42
1.820098650286805508e+00 1.421693887716584431e-42
1.897560937661474156e+00 1.191005677278068206e-42
1.978319972695605333e+00 1.022120908711747764e-42
2.062516062956891716e+00 8.757002691177573452e-43
2.150295487417462681e+00 7.589686058068740923e-43
2.241810750593190349e+00 6.426527150783895264e-43
2.337220847499041465e+00 5.476058816706694398e-43
2.436691539880747381e+00 4.739809399446014695e-43
2.540395644202748215e+00 4.024164044387754881e-43
2.648513331892688338e+00 3.465666729225430635e-43
2.761232442364192075e+00 3.061522818179084446e-43
2.878748809361644678e+00 2.653394637026222395e-43
3.001266601194037875e+00 2.310962031649904100e-43
3.128998675448949829e+00 1.971025705037943721e-43
3.262166948802919020e+00 1.826770783624650840e-43
3.401002782570775373e+00 1.609013833926885574e-43
3.545747384663652024e+00 1.410984746506816309e-43
3.696652228654122130e+00 1.259783946720320008e-43
3.853979490676489927e+00 1.127279311103922872e-43
4.018002504921250662e+00 9.982649126563421727e-44
4.189006238515198710e+00 9.177313456427183735e-44
4.367287786612062739e+00 8.958820213375451259e-44
4.553156888553935744e+00 7.694988374700000345e-44
4.746936466000214239e+00 7.103259859482005998e-44
4.948963183958977829e+00 6.986424979079470639e-44
5.159588035695492181e+00 6.685779788566169792e-44
5.379176952534129974e+00 6.518648168662183416e-44
5.608111439613021609e+00 6.215639101870966916e-44
5.846789238696064928e+00 5.966208959511771879e-44
6.095625019193814609e+00 5.862859477172358991e-44
6.355051098593746062e+00 5.849733535925874128e-44
6.625518193551704016e+00 5.803608866117149779e-44
6.907496202949229946e+00 5.770130685439516213e-44
7.201475024277388393e+00 5.675441041739066799e-44
7.507965404765391426e+00 5.786790395811098714e-44
7.827499828732665144e+00 5.841247091566853841e-44
8.160633442706236806e+00 5.915947221865481205e-44
8.507945019910378548e+00 6.175266408410309845e-44
8.870037965804453250e+00 6.221313193128105182e-44
9.247541366415806152e+00 6.349453895403442440e-44
9.641111081288984863e+00 6.383101830413372862e-44
1.005143088295041132e+01 6.457608497476398160e-44
1.047921364486775886e+01 6.549997835854858792e-44
1.092520257996827482e+01 6.661185763269080002e-44
1.139017253186767320e+01 6.874723470664227721e-44
1.187493132105284310e+01 6.985786350239398071e-44
1.238032114835747954e+01 7.079369639781718496e-44
1.290722005816857099e+01 7.346516766747726335e-44
1.345654346390616141e+01 7.448753392928939895e-44
1.402924573842662070e+01 7.625801956425716840e-44
1.462632187211234402e+01 7.856919321676410257e-44
1.524880920152904373e+01 8.163590428797520376e-44
1.589778921165333259e+01 8.447515909486272345e-44
1.657438941480218375e+01 8.669299797910728944e-44
1.727978530952845304e+01 9.041880016873293345e-44
1.801520242288565754e+01 9.338029815925115956e-44
1.878191843961063157e+01 9.725549530931099698e-44
1.958126542192252728e+01 9.946615769604905092e-44
2.041463212379531456e+01 1.030321777547121934e-43
2.128346640372430087e+01 1.052392586918677690e-43
2.218927774017829435e+01 1.089150599822372708e-43
2.313363985410831702e+01 1.126912392065739461e-43
2.411819344306826451e+01 1.150276080532073034e-43
2.514464903169826471e+01 1.209656897233230671e-43
2.621478994352288794e+01 1.248882831281656140e-43
2.733047539922704061e+01 1.284736638409574989e-43
2.849364374679305811e+01 1.325734489015413054e-43
2.970631582910997537e+01 1.370774589102623145e-43
3.097059849490646499e+01 1.436733121602914874e-43
3.228868825910689111e+01 1.479876265221998639e-43
3.366287511896962314e+01 1.541600884152968503e-43
3.509554653263850099e+01 1.606017264474177192e-43
3.658919156701831810e+01 1.668977875723090317e-43
3.814640522218178376e+01 1.721531352257513744e-43
3.976989293982045126e+01 1.789569942703092732e-43
4.146247530357240407e+01 1.869811719685139415e-43
4.322709293939359299e+01 1.926820375519200204e-43
4.506681162448528966e+01 2.007450208774965811e-43
4.698482761365480798e+01 2.086484823872152274e-43
4.898447319236279895e+01 2.158145662724651393e-43
5.106922246610433547e+01 2.253595527003196717e-43
5.324269739618413411e+01 2.323842090389822233e-43
5.550867409236808214e+01 2.430215289101267847e-43
5.787108937334874526e+01 2.505919270580728723e-43
6.033404760641887776e+01 2.624987450964257846e-43
6.290182783823689761e+01 2.711114015329853000e-43
6.557889122907558033e+01 2.839041066749166275e-43
6.836988880346436304e+01 2.960582141987022827e-43
7.127966953069778810e+01 3.060821089149275890e-43
7.431328874924319905e+01 3.204952606745964103e-43
7.747601694968619768e+01 3.327442005448849027e-43
8.077334893147515515e+01 3.454426080192664328e-43
8.421101334936722083e+01 3.623292172179398748e-43
8.779498266616927538e+01 3.732100211616047456e-43
9.153148352905907359e+01 3.899468201676283753e-43
9.542700758751610124e+01 4.063864697823163718e-43
9.948832277165978155e+01 4.213622701306162303e-43
1.037224850505820513e+02 4.385435393997763761e-43
1.081368506911133096e+02 4.587334664397641140e-43
1.127390890383078954e+02 4.767633103326386184e-43
1.175371958398635286e+02 4.944762654478515537e-43
1.225395071376198359e+02 5.148145996208080571e-43
1.277547137502659922e+02 5.415397247105873146e-43
1.331918763724308974e+02 5.619114303023457623e-43
1.388604413163735103e+02 5.832833359640615342e-43
1.447702569236356567e+02 6.107570399706626710e-43
1.509315906751643297e+02 6.364922045903917006e-43
1.573551470296248453e+02 6.609916720297041251e-43
1.640520860209108207e+02 6.920654515816914831e-43
1.710340426471430533e+02 7.230092267684347544e-43
1.783131470848591107e+02 7.539173409553974143e-43
1.859020457635066066e+02 7.783218473831217766e-43
1.938139233368467842e+02 8.090030478305872294e-43
2.020625255894586587e+02 8.461398130015272105e-43
2.106621833181187640e+02 8.844866718595238792e-43
2.196278372295653014e+02 9.251908626279181200e-43
2.289750638978964901e+02 9.614604062490689831e-43
2.387201028266909191e+02 9.959887632241218254e-43
2.488798846628889976e+02 1.035482298549125222e-42
2.594720606114257748e+02 1.078692035224870948e-42
2.705150331017418921e+02 1.130944692900292852e-42
2.820279877594436471e+02 1.181207247618308178e-42
2.940309267386457464e+02 1.229937806180690922e-42
3.065447034729349411e+02 1.278933596849774330e-42
3.195910589052970749e+02 1.330267766469048162e-42
3.331926592599781429e+02 1.384210148384304076e-42
3.473731354218943466e+02 1.442054494870007594e-42
3.621571239919913978e+02 1.503916802259378118e-42
3.775703100899163474e+02 1.575094024699483931e-42
3.936394719783231722e+02 1.640406272660321069e-42
4.103925275863757065e+02 1.707879991129444656e-42
4.278585830132640240e+02 1.776522553357652869e-42
4.460679830959836636e+02 1.847974033758584923e-42
4.650523641292737125e+02 1.923509836023686455e-42
4.848447088292580816e+02 2.005626430176412115e-42
5.054794036363222745e+02 2.091173446771874162e-42
5.269922984567679123e+02 2.188749324964553365e-42
5.494207689470133573e+02 2.292556947629222124e-42
5.728037814486053776e+02 2.382581990595769972e-42
5.971819606867908306e+02 2.481911158540423226e-42
6.225976603503208935e+02 2.582412579919607872e-42
6.490950366750909097e+02 2.687063088518071054e-42
6.767201251594274254e+02 2.796054511118163597e-42
7.055209205443719611e+02 2.913770053338556758e-42
7.355474601978352212e+02 3.028429389671188531e-42
7.668519110475577918e+02 3.168569681067338485e-42
7.994886602138858507e+02 3.309181612818628489e-42
8.335144094997913271e+02 3.457780859136183915e-42
8.689882739023770455e+02 3.615336248729201617e-42
9.059718843169222282e+02 3.761010884363194639e-42
9.445294946119826136e+02 3.917621701619970167e-42
9.847280932615440179e+02 4.077344935121564211e-42
1.026637519728132474e+03 4.243556475908833799e-42
1.070330585799177697e+03 4.416782273767932050e-42
1.115883202087318296e+03 4.600686077379026452e-42
1.163374509914522150e+03 4.785970473447442585e-42
1.212887018809118445e+03 5.001304164692716405e-42
1.264506749854568852e+03 5.217173677537615263e-42
1.318323385139152379e+03 5.455405431873839728e-42
1.374430423566057925e+03 5.718263485182502544e-42
1.432925343294710729e+03 5.938443248351321843e-42
1.493909771095509313e+03 6.197316828383152658e-42
1.557489658912131517e+03 6.448602144917138195e-42
1.623775467938318570e+03 6.715107797492490535e-42
1.692882360528762092e+03 6.990315715718247695e-42
1.764930400277660510e+03 7.276865160811759923e-42
1.840044760612503296e+03 7.581771434787453358e-42
1.918355942265405474e+03 7.885979252349072134e-42
2.000000000000000227e+03 8.240359650591103800e-42
