# #See https://arxiv.org/pdf/2312.04303
5.011870000000000047e+00 1.371972884432606456e-41
5.128609999999999225e+00 1.161645676766178518e-41
5.248069999999999347e+00 9.344989636889011210e-42
5.370319999999999538e+00 7.795351495082854752e-42
5.495409999999999684e+00 6.829254387830130444e-42
5.623409999999999798e+00 5.733972449686613714e-42
5.754399999999999515e+00 4.946419999295735253e-42
5.888440000000000119e+00 4.322505074695974549e-42
6.025599999999999845e+00 3.739149125509064090e-42
6.165949999999999598e+00 3.317930458015786185e-42
6.309569999999999901e+00 2.902939741168515734e-42
6.456540000000000390e+00 2.673590881975131766e-42
6.606929999999999303e+00 2.427446514918324982e-42
6.760829999999999451e+00 2.165625963608367755e-42
6.918310000000000848e+00 2.024400521891056663e-42
7.079460000000000086e+00 1.847800944487242554e-42
7.244360000000000355e+00 1.739433095204467430e-42
7.413100000000000023e+00 1.507683073097467960e-42
7.585780000000000634e+00 1.425810491503258472e-42
7.762469999999999537e+00 1.318269262022882227e-42
7.943280000000000562e+00 1.245373481768781629e-42
8.128309999999999036e+00 1.188031992645195495e-42
8.317639999999999034e+00 1.135677858297885341e-42
8.511380000000000834e+00 1.028945640934476827e-42
8.709640000000000271e+00 1.004360303127084205e-42
8.912510000000001043e+00 9.578808025300692246e-43
9.120110000000000383e+00 9.273731219580078469e-43
9.332539999999999836e+00 8.609742830471884660e-43
9.549929999999999808e+00 8.107128700252387941e-43
9.772370000000000445e+00 7.796034475342680332e-43
1.000000000000000000e+01 7.640776500111328641e-43
1.023289999999999900e+01 7.141492843351140475e-43
1.047129999999999939e+01 7.219142953776803219e-43
1.071519999999999939e+01 6.976848970586631206e-43
1.096480000000000032e+01 6.827437773150947847e-43
1.122020000000000017e+01 6.372397716152845878e-43
1.148150000000000048e+01 6.018264080403239322e-43
1.174900000000000055e+01 6.147919283103785457e-43
1.202259999999999884e+01 5.958421234109480803e-43
1.230269999999999975e+01 5.870980260735449092e-43
1.258929999999999971e+01 5.836262918938688254e-43
1.288250000000000028e+01 5.510133085829276038e-43
1.318259999999999899e+01 5.273793357027210195e-43
1.348959999999999937e+01 5.412291037930387497e-43
1.380379999999999896e+01 5.288294445365719927e-43
1.412539999999999907e+01 5.207444721178711515e-43
1.445439999999999969e+01 5.180101601016784278e-43
1.479110000000000014e+01 4.875072687010262097e-43
1.513560000000000016e+01 4.938521755481161344e-43
1.548820000000000086e+01 5.035238037580018656e-43
1.584889999999999866e+01 4.860173705177156782e-43
1.621809999999999974e+01 4.761547856259216904e-43
1.659590000000000032e+01 4.671602946493103318e-43
1.698240000000000194e+01 4.629777734539632885e-43
1.737800000000000011e+01 4.617223924743865622e-43
1.778280000000000172e+01 4.646321390427668749e-43
1.819700000000000273e+01 4.691384606748421103e-43
1.862089999999999890e+01 4.773529288033750985e-43
1.905460000000000065e+01 4.592402531760777855e-43
1.949840000000000018e+01 4.456306323711369968e-43
1.995260000000000034e+01 4.547767478573699714e-43
2.041739999999999711e+01 4.537244717363224279e-43
2.089299999999999713e+01 4.478842314347736604e-43
2.137959999999999994e+01 4.427003472561116283e-43
2.187760000000000105e+01 4.411269010448461710e-43
2.238719999999999999e+01 4.423165003186458181e-43
2.290869999999999962e+01 4.463979998686297348e-43
2.344229999999999947e+01 4.510795149006646980e-43
2.398829999999999885e+01 4.580161865301971964e-43
2.454710000000000036e+01 4.680129430787529522e-43
2.511890000000000001e+01 4.511838901246906218e-43
2.570400000000000063e+01 4.663427676994188819e-43
2.630269999999999797e+01 4.519752222883131073e-43
2.691529999999999845e+01 4.698106147699704715e-43
2.754229999999999734e+01 4.605244456844132311e-43
2.818379999999999797e+01 4.764120826571301559e-43
2.884029999999999916e+01 4.769321113995523010e-43
2.951210000000000022e+01 4.726294710154365971e-43
3.019950000000000045e+01 5.010448499791785029e-43
3.090299999999999869e+01 4.697575079335811192e-43
3.162279999999999802e+01 4.699444024391988828e-43
3.235940000000000083e+01 5.032610703936458702e-43
3.311310000000000286e+01 5.040339024480706119e-43
3.388439999999999941e+01 4.817900087068353961e-43
3.467370000000000374e+01 4.886453884457609046e-43
3.548129999999999740e+01 5.283841329547993251e-43
3.630780000000000030e+01 5.407882169217754600e-43
3.715350000000000108e+01 5.189009967590329275e-43
3.801890000000000214e+01 5.330627077103808331e-43
3.890449999999999875e+01 5.144591603510553169e-43
3.981069999999999709e+01 5.303361438014020359e-43
4.073800000000000665e+01 5.479842295303067984e-43
4.168690000000000140e+01 5.692294842440643362e-43
4.265800000000000125e+01 5.553587529318193300e-43
4.365160000000000196e+01 5.703692902235341367e-43
4.466839999999999833e+01 5.658015476277328370e-43
4.570880000000000365e+01 5.871663763873220158e-43
4.677350000000000563e+01 5.822549994473455339e-43
4.786299999999999955e+01 5.750196019719336254e-43
4.897789999999999822e+01 6.054080378918394824e-43
5.011870000000000402e+01 5.997053239689779358e-43
5.128610000000000468e+01 6.338932814392859544e-43
5.248069999999999879e+01 6.298135366195283946e-43
5.370320000000000249e+01 6.271697493337521990e-43
5.495409999999999684e+01 6.662793356290390915e-43
5.623410000000000508e+01 6.659709187544294846e-43
5.754399999999999693e+01 6.666217486310261615e-43
5.888440000000000651e+01 6.680436973210227654e-43
6.025600000000000023e+01 7.155224214021937058e-43
6.165950000000000131e+01 7.190766064922014377e-43
6.309570000000000789e+01 7.212765874536660219e-43
6.456539999999999679e+01 7.258412048557237807e-43
6.606929999999999836e+01 7.386210519199334671e-43
6.760829999999999984e+01 7.459290636729983762e-43
6.918309999999999604e+01 7.571170875633382396e-43
7.079460000000000264e+01 7.670011755851599878e-43
7.244360000000000355e+01 7.806551220093928717e-43
7.413100000000000023e+01 7.934498405491634444e-43
7.585779999999999745e+01 8.074096582782119297e-43
7.762470000000000425e+01 8.238330742643808047e-43
7.943280000000000030e+01 8.413654486123859462e-43
8.128309999999999036e+01 8.600430223119093524e-43
8.317640000000000100e+01 8.795117819164778460e-43
8.511379999999999768e+01 9.017871109551959924e-43
8.709640000000000271e+01 9.241630445353015978e-43
8.912510000000000332e+01 9.484681201874854786e-43
9.120109999999999673e+01 9.711110917922380975e-43
9.332540000000000191e+01 9.408785976128641390e-43
9.549929999999999097e+01 9.692610476245084146e-43
9.772369999999999379e+01 9.979189104876910129e-43
1.000000000000000000e+02 1.029381954802547867e-42
1.023290000000000077e+02 9.983510098418076490e-43
1.047129999999999939e+02 1.030051304046390125e-42
1.071520000000000010e+02 1.064835854072072556e-42
1.096479999999999961e+02 1.104023523144423489e-42
1.122019999999999982e+02 1.130186431864324188e-42
1.148149999999999977e+02 1.112565287730642684e-42
1.174899999999999949e+02 1.152471980006248099e-42
1.202259999999999991e+02 1.198349984942126338e-42
1.230270000000000010e+02 1.168900429415712774e-42
1.258930000000000007e+02 1.214827870461402587e-42
1.288249999999999886e+02 1.263590080031282944e-42
1.318259999999999934e+02 1.317361055230147201e-42
1.348959999999999866e+02 1.287636975298008700e-42
1.380379999999999825e+02 1.329989811024068184e-42
1.412539999999999907e+02 1.315540521669396806e-42
1.445440000000000111e+02 1.371582382113480351e-42
1.479109999999999729e+02 1.430986652173106764e-42
1.513559999999999945e+02 1.406841510872058767e-42
1.548820000000000050e+02 1.470485588215908613e-42
1.584890000000000043e+02 1.538648472874657692e-42
1.621809999999999832e+02 1.512241021348075297e-42
1.659590000000000032e+02 1.584270158789645171e-42
1.698240000000000123e+02 1.557699156314615905e-42
1.737800000000000011e+02 1.631918088975951999e-42
1.778280000000000030e+02 1.609962438165226343e-42
1.819699999999999989e+02 1.687825176799888280e-42
1.862090000000000032e+02 1.665122431888803725e-42
1.905459999999999923e+02 1.751036443942058220e-42
1.949839999999999804e+02 1.838338416581775203e-42
1.995260000000000105e+02 1.814055268515267695e-42
2.041740000000000066e+02 1.886771382011283556e-42
2.089300000000000068e+02 1.886494709883431702e-42
2.137960000000000207e+02 1.985536651379366432e-42
2.187760000000000105e+02 1.963255725524283027e-42
2.238719999999999857e+02 2.055602433595750234e-42
2.290870000000000175e+02 2.182025264489431252e-42
2.344230000000000018e+02 2.152825327534751810e-42
2.398830000000000098e+02 2.137355060871494050e-42
2.454710000000000036e+02 2.258116012342449310e-42
2.511889999999999930e+02 2.235706768966818601e-42
2.570399999999999636e+02 2.360221912353376186e-42
2.630269999999999868e+02 2.340091139498943898e-42
2.691529999999999632e+02 2.475923997893695412e-42
2.754230000000000018e+02 2.455125885414948440e-42
2.818379999999999654e+02 2.436435430309676714e-42
2.884030000000000200e+02 2.575415995162082262e-42
2.951210000000000377e+02 2.559601628083651457e-42
3.019950000000000045e+02 2.708792437841688107e-42
3.090300000000000296e+02 2.690513755899237482e-42
3.162280000000000086e+02 2.845786328293305122e-42
3.235939999999999941e+02 2.832363831808808080e-42
3.311310000000000286e+02 2.981849741059380817e-42
3.388439999999999941e+02 2.984418800598243715e-42
3.467370000000000232e+02 2.969165784479053167e-42
3.548129999999999882e+02 3.149153326088580112e-42
3.630780000000000314e+02 3.134867829667526476e-42
3.715350000000000250e+02 3.311033762570752876e-42
3.801890000000000214e+02 3.530053796553069265e-42
3.890449999999999591e+02 3.299971865383712529e-42
3.981069999999999709e+02 3.500949091107460652e-42
4.073799999999999955e+02 3.720210516094807591e-42
4.168689999999999714e+02 3.687405841414639919e-42
4.265800000000000409e+02 3.695939677147109871e-42
4.365160000000000196e+02 3.925221732870398390e-42
4.466840000000000259e+02 3.913947837377871598e-42
4.570880000000000223e+02 3.905560694442388675e-42
4.677350000000000136e+02 4.152885488306599043e-42
4.786299999999999955e+02 4.145591371594555104e-42
4.897789999999999964e+02 4.134188281960707925e-42
5.011870000000000687e+02 4.389768484890984003e-42
5.128609999999999900e+02 4.672167056362743318e-42
5.248070000000000164e+02 4.669986664559687591e-42
5.370319999999999254e+02 4.666652711147943051e-42
5.495409999999999400e+02 4.663670898532361635e-42
5.623410000000000082e+02 4.963593502707358283e-42
5.754399999999999409e+02 4.953618495241038341e-42
5.888440000000000509e+02 4.951190777920970205e-42
6.025599999999999454e+02 5.245920036755618974e-42
6.165950000000000273e+02 5.270427356690637917e-42
6.309569999999999936e+02 5.612835831221801976e-42
6.456539999999999964e+02 5.619388736581153160e-42
6.606929999999999836e+02 5.615746593631746964e-42
6.760829999999999700e+02 5.618627697641184200e-42
6.918310000000000173e+02 5.972166727362049041e-42
7.079459999999999127e+02 5.987368836168315447e-42
7.244359999999999218e+02 6.384990315403518479e-42
7.413100000000000591e+02 6.388717706972321639e-42
7.585779999999999745e+02 6.394800161861099705e-42
7.762470000000000709e+02 6.401739675704197331e-42
7.943280000000000882e+02 6.826834075836318206e-42
8.128310000000000173e+02 6.835434318873131508e-42
8.317639999999998963e+02 7.251734412866453533e-42
8.511379999999999200e+02 7.294283125037521640e-42
8.709639999999999418e+02 7.769138721739534066e-42
8.912509999999999764e+02 7.792603491036323968e-42
9.120109999999999673e+02 7.804760561001548468e-42
9.332540000000000191e+02 7.820182240787848241e-42
9.549929999999999382e+02 7.832568534962462324e-42
9.772369999999999663e+02 8.358716781789875676e-42
1.000000000000000000e+03 8.374959571449792383e-42
1.023290000000000077e+03 8.864524500947899149e-42
1.047129999999999882e+03 8.949528797129760932e-42
1.071519999999999982e+03 8.981383902981183021e-42
1.096479999999999791e+03 9.576520342293465122e-42
1.122019999999999982e+03 9.608927193436081643e-42
1.148150000000000091e+03 1.025107746273206221e-41
1.174900000000000091e+03 1.029029711007416133e-41
1.202260000000000218e+03 1.031163244309427496e-41
1.230269999999999982e+03 1.033973491875919953e-41
1.258930000000000064e+03 1.105079718220841315e-41
1.288250000000000000e+03 1.108162186765277495e-41
1.318259999999999991e+03 1.111147206854282528e-41
1.348960000000000036e+03 1.114120939433651232e-41
1.380379999999999882e+03 1.184938256041780589e-41
1.412539999999999964e+03 1.193881569980453561e-41
1.445440000000000055e+03 1.197309768656466254e-41
1.479109999999999900e+03 1.267810965694762296e-41
1.513559999999999945e+03 1.281982233672834065e-41
1.548820000000000164e+03 1.287846379968081779e-41
1.584889999999999873e+03 1.363182136137841343e-41
