# #See https://arxiv.org/pdf/2312.04303
5.011870000000000047e+00 1.000000000000000008e-35
5.128609999999999225e+00 3.163827071076278785e-36
5.248069999999999347e+00 9.715872355765066212e-37
5.370319999999999538e+00 4.059504542052123693e-37
5.495409999999999684e+00 2.038833997840599600e-37
5.623409999999999798e+00 1.150896511905031876e-37
5.754399999999999515e+00 7.118072285655978689e-38
5.888440000000000119e+00 4.691942798586239414e-38
6.025599999999999845e+00 3.258940511196424964e-38
6.165949999999999598e+00 2.354530771578500541e-38
6.309569999999999901e+00 1.755086675221402865e-38
6.456540000000000390e+00 1.347273279952420532e-38
6.606929999999999303e+00 1.059727321484469390e-38
6.760829999999999451e+00 8.492592179574540917e-39
6.918310000000000848e+00 6.931930638523091880e-39
7.079460000000000086e+00 5.755712451867672461e-39
7.244360000000000355e+00 4.820605256291709415e-39
7.413100000000000023e+00 4.111607652138543088e-39
7.585780000000000634e+00 3.529650897355015215e-39
7.762469999999999537e+00 3.058312350665232873e-39
7.943280000000000562e+00 2.677957993743740037e-39
8.128309999999999036e+00 2.365677445686364123e-39
8.317639999999999034e+00 2.103491830643292026e-39
8.511380000000000834e+00 1.882298171366070981e-39
8.709640000000000271e+00 1.693230713093465441e-39
8.912510000000001043e+00 1.535341183048301188e-39
9.120110000000000383e+00 1.401531426657596702e-39
9.332539999999999836e+00 1.282892456101184944e-39
9.549929999999999808e+00 1.179629415014122836e-39
9.772370000000000445e+00 1.089130728001677471e-39
1.000000000000000000e+01 1.012357536945654431e-39
1.023289999999999900e+01 9.410253207999745039e-40
1.047129999999999939e+01 8.813226567639922991e-40
1.071519999999999939e+01 8.262031628854167083e-40
1.096480000000000032e+01 7.769251162586830093e-40
1.122020000000000017e+01 7.343461656737715282e-40
1.148150000000000048e+01 6.950633896219131770e-40
1.174900000000000055e+01 6.602740919091484079e-40
1.202259999999999884e+01 6.287023919181237739e-40
1.230269999999999975e+01 5.988193272080461594e-40
1.258929999999999971e+01 5.742175233990750761e-40
1.288250000000000028e+01 5.498227631222482842e-40
1.318259999999999899e+01 5.285736779455662014e-40
1.348959999999999937e+01 5.099270021367683003e-40
1.380379999999999896e+01 4.919517888151626707e-40
1.412539999999999907e+01 4.747137525266085119e-40
1.445439999999999969e+01 4.607906772779956094e-40
1.479110000000000014e+01 4.474299464575125416e-40
1.513560000000000016e+01 4.341880972922657668e-40
1.548820000000000086e+01 4.222636314279939935e-40
1.584889999999999866e+01 4.124578620560207031e-40
1.621809999999999974e+01 4.032014173386515272e-40
1.659590000000000032e+01 3.941869659361767363e-40
1.698240000000000194e+01 3.855891681922225270e-40
1.737800000000000011e+01 3.775398128211643817e-40
1.778280000000000172e+01 3.715969827594063914e-40
1.819700000000000273e+01 3.655198441391179363e-40
1.862089999999999890e+01 3.598288445007072583e-40
1.905460000000000065e+01 3.545756355112995355e-40
1.949840000000000018e+01 3.497440419201399639e-40
1.995260000000000034e+01 3.450432258809571577e-40
2.041739999999999711e+01 3.409973812632463546e-40
2.089299999999999713e+01 3.370007492124614477e-40
2.137959999999999994e+01 3.341740127161377877e-40
2.187760000000000105e+01 3.317289098457936673e-40
2.238719999999999999e+01 3.290875956580746183e-40
2.290869999999999962e+01 3.270624347030125985e-40
2.344229999999999947e+01 3.251915731551420143e-40
2.398829999999999885e+01 3.238171348811128764e-40
2.454710000000000036e+01 3.221667737291734256e-40
2.511890000000000001e+01 3.210639660250560837e-40
2.570400000000000063e+01 3.202238096484645535e-40
2.630269999999999797e+01 3.195503067465120973e-40
2.691529999999999845e+01 3.191361222992535348e-40
2.754229999999999734e+01 3.188589525124481508e-40
2.818379999999999797e+01 3.188924811236773590e-40
2.884029999999999916e+01 3.190131824858446910e-40
2.951210000000000022e+01 3.193037995876003642e-40
3.019950000000000045e+01 3.198234500314155485e-40
3.090299999999999869e+01 3.205661648023870135e-40
3.162279999999999802e+01 3.215271006084590813e-40
3.235940000000000083e+01 3.224823372380980222e-40
3.311310000000000286e+01 3.238492033947136042e-40
3.388439999999999941e+01 3.252449157519300113e-40
3.467370000000000374e+01 3.267178936271856482e-40
3.548129999999999740e+01 3.283585692096778702e-40
3.630780000000000030e+01 3.301647951522306192e-40
3.715350000000000108e+01 3.322134449775535020e-40
3.801890000000000214e+01 3.341473608395746282e-40
3.890449999999999875e+01 3.362874432095079374e-40
3.981069999999999709e+01 3.388060579414319106e-40
4.073800000000000665e+01 3.420278433237450653e-40
4.168690000000000140e+01 3.449634973350159480e-40
4.265800000000000125e+01 3.480544376676167866e-40
4.365160000000000196e+01 3.515834494106912676e-40
4.466839999999999833e+01 3.548839635929397582e-40
4.570880000000000365e+01 3.585035025259226033e-40
4.677350000000000563e+01 3.619765557339418315e-40
4.786299999999999955e+01 3.657177524809379774e-40
4.897789999999999822e+01 3.694303099862400974e-40
5.011870000000000402e+01 3.734733781623417077e-40
5.128610000000000468e+01 3.771588450870836519e-40
5.248069999999999879e+01 3.817280863635236277e-40
5.370320000000000249e+01 3.868169064016753520e-40
5.495409999999999684e+01 3.918961366644037683e-40
5.623410000000000508e+01 3.969301539393590027e-40
5.754399999999999693e+01 4.022395461741943364e-40
5.888440000000000651e+01 4.072036521461821152e-40
6.025600000000000023e+01 4.125589462642180381e-40
6.165950000000000131e+01 4.179604278728663362e-40
6.309570000000000789e+01 4.230902102878239214e-40
6.456539999999999679e+01 4.294540251616973185e-40
6.606929999999999836e+01 4.358598774544920785e-40
6.760829999999999984e+01 4.426184259122000521e-40
6.918309999999999604e+01 4.493657716876333030e-40
7.079460000000000264e+01 4.558433611549915587e-40
7.244360000000000355e+01 4.626109920258079813e-40
7.413100000000000023e+01 4.693255971841647705e-40
7.585779999999999745e+01 4.758471391496916780e-40
7.762470000000000425e+01 4.840115098744761771e-40
7.943280000000000030e+01 4.918628021897514656e-40
8.128309999999999036e+01 5.003509344205281182e-40
8.317640000000000100e+01 5.085916111624625449e-40
8.511379999999999768e+01 5.172389173817734793e-40
8.709640000000000271e+01 5.248304713768556170e-40
8.912510000000000332e+01 5.329256167692527321e-40
9.120109999999999673e+01 5.426235185625455171e-40
9.332540000000000191e+01 5.520447109353407224e-40
9.549929999999999097e+01 5.620432844575784097e-40
9.772369999999999379e+01 5.719737143458553449e-40
1.000000000000000000e+02 5.816719285211857829e-40
1.023290000000000077e+02 5.913929890769194505e-40
1.047129999999999939e+02 6.008319600483523593e-40
1.071520000000000010e+02 6.127090153725323991e-40
1.096479999999999961e+02 6.246694136550500757e-40
1.122019999999999982e+02 6.361928726863014588e-40
1.148149999999999977e+02 6.474018061956662296e-40
1.174899999999999949e+02 6.587410459356290967e-40
1.202259999999999991e+02 6.701418563235681639e-40
1.230270000000000010e+02 6.835358810859435821e-40
1.258930000000000007e+02 6.962042373859977972e-40
1.288249999999999886e+02 7.100041542629440954e-40
1.318259999999999934e+02 7.235730227986225045e-40
1.348959999999999866e+02 7.369371146016970550e-40
1.380379999999999825e+02 7.501819497270070737e-40
1.412539999999999907e+02 7.637545149381150727e-40
1.445440000000000111e+02 7.801632734711477945e-40
1.479109999999999729e+02 7.961168165592738486e-40
1.513559999999999945e+02 8.115276131577825222e-40
1.548820000000000050e+02 8.270307486258697622e-40
1.584890000000000043e+02 8.423719870219206196e-40
1.621809999999999832e+02 8.580758402371814996e-40
1.659590000000000032e+02 8.768290643839793703e-40
1.698240000000000123e+02 8.951562866121314421e-40
1.737800000000000011e+02 9.130245097907324086e-40
1.778280000000000030e+02 9.307533180278453352e-40
1.819699999999999989e+02 9.482428246392435525e-40
1.862090000000000032e+02 9.683786791279279619e-40
1.905459999999999923e+02 9.887183505080055869e-40
1.949839999999999804e+02 1.009430405717826564e-39
1.995260000000000105e+02 1.029731215746168151e-39
2.041740000000000066e+02 1.049937574484091649e-39
2.089300000000000068e+02 1.069791287286073044e-39
2.137960000000000207e+02 1.093796578884171486e-39
2.187760000000000105e+02 1.117865541071735963e-39
2.238719999999999857e+02 1.141311058346765708e-39
2.290870000000000175e+02 1.164925013110650495e-39
2.344230000000000018e+02 1.187529144099031110e-39
2.398830000000000098e+02 1.210642939617309762e-39
2.454710000000000036e+02 1.238539824828128156e-39
2.511889999999999930e+02 1.265534918924306242e-39
2.570399999999999636e+02 1.292283116992987593e-39
2.630269999999999868e+02 1.318544974030892676e-39
2.691529999999999632e+02 1.344657125107126985e-39
2.754230000000000018e+02 1.374641284860559971e-39
2.818379999999999654e+02 1.405884826554404682e-39
2.884030000000000200e+02 1.436341853258314437e-39
2.951210000000000377e+02 1.467410039486701701e-39
3.019950000000000045e+02 1.496008652122398853e-39
3.090300000000000296e+02 1.525806370914773927e-39
3.162280000000000086e+02 1.561864642981066886e-39
3.235939999999999941e+02 1.596831482898354412e-39
3.311310000000000286e+02 1.630871384985383147e-39
3.388439999999999941e+02 1.664607652412513566e-39
3.467370000000000232e+02 1.698195991146974896e-39
3.548129999999999882e+02 1.737884666785142833e-39
3.630780000000000314e+02 1.777696680447796116e-39
3.715350000000000250e+02 1.816801998790996737e-39
3.801890000000000214e+02 1.855119166466582332e-39
3.890449999999999591e+02 1.893107521176760025e-39
3.981069999999999709e+02 1.934312718569775523e-39
4.073799999999999955e+02 1.979019323445121881e-39
4.168689999999999714e+02 2.025477207054146698e-39
4.265800000000000409e+02 2.068886586591041991e-39
4.365160000000000196e+02 2.111514354538425114e-39
4.466840000000000259e+02 2.154629715701403369e-39
4.570880000000000223e+02 2.206671103767782957e-39
4.677350000000000136e+02 2.257307090153584356e-39
4.786299999999999955e+02 2.306791372617383638e-39
4.897789999999999964e+02 2.355924909928909072e-39
5.011870000000000687e+02 2.404145939757536141e-39
5.128609999999999900e+02 2.461453298603745374e-39
5.248070000000000164e+02 2.518981437654355939e-39
5.370319999999999254e+02 2.575573236921239804e-39
5.495409999999999400e+02 2.631128234584219003e-39
5.623410000000000082e+02 2.685604638570644301e-39
5.754399999999999409e+02 2.747823108528533522e-39
5.888440000000000509e+02 2.813512993105032754e-39
6.025599999999999454e+02 2.876879797900984975e-39
6.165950000000000273e+02 2.940521196431227107e-39
6.309569999999999936e+02 3.001816526771701740e-39
6.456539999999999964e+02 3.065508627790793593e-39
6.606929999999999836e+02 3.138841883676799989e-39
6.760829999999999700e+02 3.214153717235335711e-39
6.918310000000000173e+02 3.286098291020672140e-39
7.079459999999999127e+02 3.355500381278492077e-39
7.244359999999999218e+02 3.425692877753897871e-39
7.413100000000000591e+02 3.509939939220505081e-39
7.585779999999999745e+02 3.591887914442186419e-39
7.762470000000000709e+02 3.671946285951510582e-39
7.943280000000000882e+02 3.750737796746030289e-39
8.128310000000000173e+02 3.828655348517322270e-39
8.317639999999998963e+02 3.923931957948419241e-39
8.511379999999999200e+02 4.016809337154094784e-39
8.709639999999999418e+02 4.107709330686628463e-39
8.912509999999999764e+02 4.196626854601358621e-39
9.120109999999999673e+02 4.284562001138737735e-39
9.332540000000000191e+02 4.388720675532138035e-39
9.549929999999999382e+02 4.493487540690579891e-39
9.772369999999999663e+02 4.596288247836454530e-39
1.000000000000000000e+03 4.697244605045363611e-39
1.023290000000000077e+03 4.796467750658435205e-39
1.047129999999999882e+03 4.910923092821933700e-39
1.071519999999999982e+03 5.029263631246342587e-39
1.096479999999999791e+03 5.145011012092441906e-39
1.122019999999999982e+03 5.258692254450475574e-39
1.148150000000000091e+03 5.370572589691476056e-39
1.174900000000000091e+03 5.497216060292870974e-39
1.202260000000000218e+03 5.630442883472840802e-39
1.230269999999999982e+03 5.760549312491632786e-39
1.258930000000000064e+03 5.889137065875133202e-39
1.288250000000000000e+03 6.014929560416872410e-39
1.318259999999999991e+03 6.145680092734605988e-39
1.348960000000000036e+03 6.297873513243094654e-39
1.380379999999999882e+03 6.450683190676202096e-39
1.412539999999999964e+03 6.598477397747241691e-39
1.445440000000000055e+03 6.737242730122294897e-39
1.479109999999999900e+03 6.881812189027685849e-39
1.513559999999999945e+03 7.050985314182881326e-39
1.548820000000000164e+03 7.219873115794776349e-39
1.584889999999999873e+03 7.386143871234217305e-39
