# All limits as of 2024 
#  Mass [eV] 	 kinetic mixing
1.000000000000000021e-02 2.871122064871448266e-11
1.020960662306046561e-02 2.812049563059144679e-11
1.042360673976401760e-02 2.754192460798487025e-11
1.064209244064724148e-02 2.697525751597032043e-11
1.086515774652538346e-02 2.642024943463638787e-11
1.109289864895222737e-02 2.587666048322795989e-11
1.132541315152811416e-02 2.534425571646640418e-11
1.156280131207376022e-02 2.482280502300399145e-11
1.180516528568804902e-02 2.431208302596709134e-11
1.205260936870842549e-02 2.381186898554561598e-11
1.230524004359261590e-02 2.332194670358720051e-11
1.256316602474120796e-02 2.284210443015331695e-11
1.282649830528060503e-02 2.237213477199896434e-11
1.309535020482666991e-02 2.191183460293486042e-11
1.336983741824946531e-02 2.146100497603393253e-11
1.365007806546013856e-02 2.101945103764455855e-11
1.393619274224142807e-02 2.058698194317209045e-11
1.422830457214352591e-02 2.016341077459401593e-11
1.452653925946781159e-02 1.974855445967180330e-11
1.483102514336104467e-02 1.934223369282500122e-11
1.514189325304352018e-02 1.894427285763327848e-11
1.545927736419477720e-02 1.855449995093332602e-11
1.578331405652117284e-02 1.817274650847668447e-11
1.611414277253019750e-02 1.779884753211791383e-11
1.645190587753662601e-02 1.743264141850043837e-11
1.679674872092653051e-02 1.707396988920970653e-11
1.714881969870540174e-02 1.672267792236373863e-11
1.750827031735724404e-02 1.637861368561048919e-11
1.787525525904235316e-02 1.604162847050450693e-11
1.824993244816152521e-02 1.571157662823335335e-11
1.863246311931559748e-02 1.538831550666651496e-11
1.902301188668944695e-02 1.507170538869977738e-11
1.942174681489025612e-02 1.476160943186753478e-11
1.982883949127071249e-02 1.445789360919819990e-11
2.024446509976803726e-02 1.416042665128615777e-11
2.066880249629082095e-02 1.386907998955565257e-11
2.110203428568595621e-02 1.358372770069194285e-11
2.154434690031883232e-02 1.330424645221604832e-11
2.199593068030074663e-02 1.303051544917872062e-11
2.245697995539773853e-02 1.276241638195173208e-11
2.292769312865648723e-02 1.249983337509306306e-11
2.340827276178293267e-02 1.224265293726417580e-11
2.389892566231050300e-02 1.199076391217797787e-11
2.439986297259550199e-02 1.174405743055552116e-11
2.491130026067788633e-02 1.150242686307167278e-11
2.543345761304649510e-02 1.126576777426866318e-11
2.596655972934871007e-02 1.103397787741786447e-11
2.651083601908538895e-02 1.080695699031048760e-11
2.706652070033241375e-02 1.058460699195742706e-11
2.763385290053169824e-02 1.036683178018045081e-11
2.821307675939472084e-02 1.015353723007570866e-11
2.880444153396296419e-02 9.944631153331837931e-12
2.940820170587063812e-02 9.740023258385306564e-12
3.002461709085549324e-02 9.539625111395132089e-12
3.065395295056526706e-02 9.343350098020938299e-12
3.129648010670751934e-02 9.151113385987227727e-12
3.195247505759211959e-02 8.962831888417903068e-12
3.262222009711669701e-02 8.778424227925159532e-12
3.330600343624588733e-02 8.597810701437390392e-12
3.400411932703706341e-02 8.420913245750411877e-12
3.471686818926561502e-02 8.247655403787808041e-12
3.544455673970435539e-02 8.077962291555283398e-12
3.618749812411280187e-02 7.911760565774920860e-12
3.694601205199302130e-02 7.748978392185523629e-12
3.772042493416997294e-02 7.589545414494840039e-12
3.851107002325571127e-02 7.433392723970908207e-12
3.931828755705769896e-02 7.280452829658891395e-12
4.014242490499322219e-02 7.130659629210706380e-12
4.098383671757261509e-02 6.983948380314944229e-12
4.184288507901580412e-02 6.840255672714349419e-12
4.271993966306778662e-02 6.699519400799303424e-12
4.361537789208005944e-02 6.561678736765048859e-12
4.452958509942655380e-02 6.426674104321204508e-12
4.546295469532399269e-02 6.294447152942320287e-12
4.641588833612777382e-02 6.164940732647966740e-12
4.738879609717653457e-02 6.038098869301973264e-12
4.838209664925956915e-02 5.913866740419749105e-12
4.939621743878321036e-02 5.792190651473384520e-12
5.043159487171358646e-02 5.673018012684251309e-12
5.148867450137492585e-02 5.556297316293195962e-12
5.256791122018421997e-02 5.441978114298165769e-12
5.366976945540476163e-02 5.330010996650109155e-12
5.479472336900287344e-02 5.220347569897367037e-12
5.594325706169377826e-02 5.112940436269461071e-12
5.711586478126431943e-02 5.007743173191323588e-12
5.831305113526221579e-02 4.904710313218809641e-12
5.953533130814370189e-02 4.803797324387241181e-12
6.078323128297229844e-02 4.704960590964167896e-12
6.205728806776500406e-02 4.608157394598153696e-12
6.335804992658250478e-02 4.513345895855406699e-12
6.468607661546327270e-02 4.420485116136377541e-12
6.604193962330305590e-02 4.329534919964234337e-12
6.742622241778342684e-02 4.240455997637931236e-12
6.883952069645496441e-02 4.153209848242093922e-12
7.028244264308348976e-02 4.067758763006472146e-12
7.175560918936928212e-02 3.984065809007850666e-12
7.325965428215229502e-02 3.902094813207123443e-12
7.479522515621821188e-02 3.821810346814964527e-12
7.636298261282241373e-02 3.743177709979088023e-12
7.796360130405233235e-02 3.666162916786567737e-12
7.959777002314985528e-02 3.590732680574799003e-12
8.126619200091945994e-02 3.516854399544539350e-12
8.296958520834907258e-02 3.444496142669102848e-12
8.470868266557401993e-02 3.373626635893394432e-12
8.648423275731721704e-02 3.304215248616897788e-12
8.829699955494091368e-02 3.236231980454837868e-12
9.014776314524917955e-02 3.169647448271594873e-12
9.203731996618221001e-02 3.104432873481034644e-12
9.396648314954690606e-02 3.040560069608067367e-12
9.593608287093141618e-02 2.978001430106121346e-12
9.794696670695395013e-02 2.916729916425332467e-12
1.000000000000000056e-01 2.856719046326101771e-12
1.020960662306046457e-01 2.797942882433224450e-12
1.042360673976401725e-01 2.740376021025449875e-12
1.064209244064724114e-01 2.683993581055706668e-12
1.086515774652538346e-01 2.628771193397224027e-12
1.109289864895222771e-01 2.574684990310960602e-12
1.132541315152811451e-01 2.521711595129636365e-12
1.156280131207376022e-01 2.469828112154114820e-12
1.180516528568804902e-01 2.419012116757613134e-12
1.205260936870842653e-01 2.369241645693515829e-12
1.230524004359261625e-01 2.320495187602650475e-12
1.256316602474120692e-01 2.272751673715776797e-12
1.282649830528060642e-01 2.225990468747466716e-12
1.309535020482666956e-01 2.180191361977291123e-12
1.336983741824946670e-01 2.135334558514517145e-12
1.365007806546013891e-01 2.091400670742526571e-12
1.393619274224142668e-01 2.048370709939302564e-12
1.422830457214352695e-01 2.006226078070236930e-12
1.452653925946780500e-01 1.964948559749886190e-12
1.483102514336104294e-01 1.924520314369066436e-12
1.514189325304352018e-01 1.884923868383934230e-12
1.545927736419477616e-01 1.846142107763753296e-12
1.578331405652117214e-01 1.808158270593971834e-12
1.611414277253019056e-01 1.770955939831564295e-12
1.645190587753662392e-01 1.734519036209393281e-12
1.679674872092653259e-01 1.698831811286560957e-12
1.714881969870540035e-01 1.663878840641783539e-12
1.750827031735724126e-01 1.629645017206740663e-12
1.787525525904235524e-01 1.596115544736657158e-12
1.824993244816152382e-01 1.563275931415193030e-12
1.863246311931559818e-01 1.531111983590910085e-12
1.902301188668944765e-01 1.499609799642641410e-12
1.942174681489025334e-01 1.468755763971014776e-12
1.982883949127071388e-01 1.438536541113663379e-12
2.024446509976803865e-01 1.408939069981482020e-12
2.066880249629081956e-01 1.379950558213470814e-12
2.110203428568595552e-01 1.351558476647755773e-12
2.154434690031883370e-01 1.323750553906308949e-12
2.199593068030074872e-01 1.296514771091143501e-12
2.245697995539774061e-01 1.269839356589604697e-12
2.292769312865649833e-01 1.243712780986540904e-12
2.340827276178293059e-01 1.218123752081180976e-12
2.389892566231049120e-01 1.193061210006486117e-12
2.439986297259550130e-01 1.168514322448971869e-12
2.491130026067788494e-01 1.144472479966855147e-12
2.543345761304649510e-01 1.120925291404527818e-12
2.596655972934870937e-01 1.097862579401401585e-12
2.651083601908537646e-01 1.075274375993110522e-12
2.706652070033241375e-01 1.053150918303261012e-12
2.763385290053169685e-01 1.031482644323804119e-12
2.821307675939472293e-01 1.010260188782226366e-12
2.880444153396296558e-01 9.894743790937733210e-13
2.940820170587062354e-01 9.691162313969518466e-13
3.002461709085549324e-01 9.491769466706186906e-13
3.065395295056526637e-01 9.296479069309212922e-13
3.129648010670751934e-01 9.105206715065228700e-13
3.195247505759211681e-01 8.917869733904460242e-13
3.262222009711669979e-01 8.734387156669747994e-13
3.330600343624588455e-01 8.554679680120911059e-13
3.400411932703706341e-01 8.378669632658772665e-13
3.471686818926561502e-01 8.206280940754763034e-13
3.544455673970433596e-01 8.037439096071049424e-13
3.618749812411280464e-01 7.872071123257156948e-13
3.694601205199302685e-01 7.710105548409328458e-13
3.772042493416997710e-01 7.551472368178499265e-13
3.851107002325570572e-01 7.396103019514197236e-13
3.931828755705767953e-01 7.243930350030777149e-13
4.014242490499321803e-01 7.094888588983381685e-13
4.098383671757261371e-01 6.948913318841191029e-13
4.184288507901582355e-01 6.805941447445272678e-13
4.271993966306778523e-01 6.665911180739546655e-13
4.361537789208003724e-01 6.528761996062676511e-13
4.452958509942655518e-01 6.394434615989459883e-13
4.546295469532399269e-01 6.262870982710563987e-13
4.641588833612779741e-01 6.134014232939127298e-13
4.738879609717653318e-01 6.007808673333907862e-13
4.838209664925954834e-01 5.884199756427974058e-13
4.939621743878320759e-01 5.763134057052639460e-13
5.043159487171359201e-01 5.644559249246608001e-13
5.148867450137495361e-01 5.528424083639950283e-13
5.256791122018421580e-01 5.414678365303649694e-13
5.366976945540475885e-01 5.303272932054764296e-13
5.479472336900287344e-01 5.194159633207969369e-13
5.594325706169377410e-01 5.087291308764296021e-13
5.711586478126432498e-01 4.982621769028022592e-13
5.831305113526221717e-01 4.880105774643050238e-13
5.953533130814370189e-01 4.779699017039819390e-13
6.078323128297229427e-01 4.681358099284728554e-13
6.205728806776500406e-01 4.585040517323468586e-13
6.335804992658250478e-01 4.490704641610272269e-13
6.468607661546323939e-01 4.398309699115230971e-13
6.604193962330304757e-01 4.307815755701616603e-13
6.742622241778342129e-01 4.219183698865974070e-13
6.883952069645495886e-01 4.132375220833236474e-13
7.028244264308348699e-01 4.047352801999655025e-13
7.175560918936925159e-01 3.964079694716471419e-13
7.325965428215229780e-01 3.882519907407066589e-13
7.479522515621821466e-01 3.802638189011064912e-13
7.636298261282246091e-01 3.724400013748408981e-13
7.796360130405233235e-01 3.647771566196914827e-13
7.959777002314981642e-01 3.572719726676924000e-13
8.126619200091945716e-01 3.499212056936513931e-13
8.296958520834906148e-01 3.427216786131379770e-13
8.470868266557406434e-01 3.356702797093101561e-13
8.648423275731722537e-01 3.287639612879941759e-13
8.829699955494086927e-01 3.219997383604417561e-13
9.014776314524917122e-01 3.153746873531763783e-13
9.203731996618220723e-01 3.088859448443972004e-13
9.396648314954695325e-01 3.025307063263745877e-13
9.593608287093141618e-01 2.963062249933087616e-13
9.794696670695395291e-01 2.902098105541345262e-13
1.000000000000000000e+00 2.842388280697395374e-13
1.020960662306046540e+00 2.783906968141189582e-13
1.042360673976401086e+00 2.726628891589551190e-13
1.064209244064724613e+00 2.670529294811471976e-13
1.086515774652538457e+00 2.615583930928232089e-13
1.109289864895222744e+00 2.561769051933560385e-13
1.132541315152811423e+00 2.509061398429520073e-13
1.156280131207375383e+00 2.457438189573527368e-13
1.180516528568805512e+00 2.406877113232200132e-13
1.205260936870842681e+00 2.357356316337854657e-13
1.230524004359261570e+00 2.308854395443252662e-13
1.256316602474120137e+00 2.261350387470929604e-13
1.282649830528059809e+00 2.214823760652605646e-13
1.309535020482667678e+00 2.169254405655165899e-13
1.336983741824946614e+00 2.124622626889213360e-13
1.365007806546013835e+00 2.080909133996316141e-13
1.393619274224142002e+00 2.038095033511619361e-13
1.422830457214351974e+00 1.996161820697780968e-13
1.452653925946781222e+00 1.955091371547058114e-13
1.483102514336104516e+00 1.914865934947899440e-13
1.514189325304351907e+00 1.875468125012704283e-13
1.545927736419477005e+00 1.836880913563479281e-13
1.578331405652118047e+00 1.799087622772019063e-13
1.611414277253019778e+00 1.762071917951593176e-13
1.645190587753662559e+00 1.725817800496902251e-13
1.679674872092653093e+00 1.690309600969292368e-13
1.714881969870539091e+00 1.655531972324275639e-13
1.750827031735725070e+00 1.621469883278322480e-13
1.787525525904235524e+00 1.588108611812198757e-13
1.824993244816152327e+00 1.555433738807935979e-13
1.863246311931559873e+00 1.523431141816720587e-13
1.902301188668943821e+00 1.492086988955035370e-13
1.942174681489026389e+00 1.461387732926327454e-13
1.982883949127071332e+00 1.431320105165738595e-13
2.024446509976803643e+00 1.401871110105274210e-13
2.066880249629082122e+00 1.373028019556968329e-13
2.110203428568594219e+00 1.344778367211644564e-13
2.154434690031884259e+00 1.317109943250774485e-13
2.199593068030074594e+00 1.290010789069334917e-13
2.245697995539774006e+00 1.263469192107102937e-13
2.292769312865648779e+00 1.237473680786377415e-13
2.340827276178291783e+00 1.212013019553853178e-13
2.389892566231050175e+00 1.187076204024434169e-13
2.439986297259550074e+00 1.162652456225081742e-13
2.491130026067788439e+00 1.138731219936400941e-13
2.543345761304648178e+00 1.115302156130145938e-13
2.596655972934869716e+00 1.092355138500572035e-13
2.651083601908538867e+00 1.069880249087726437e-13
2.706652070033241486e+00 1.047867773990812677e-13
2.763385290053169907e+00 1.026308199169705764e-13
2.821307675939470627e+00 1.005085531610906799e-13
2.880444153396297668e+00 9.842829241732985551e-14
2.940820170587063576e+00 9.639108755912232580e-14
3.002461709085549213e+00 9.439604744371808335e-14
3.065395295056526859e+00 9.244229937265967558e-14
3.129648010670750491e+00 9.007500804900945010e-14
3.195247505759213791e+00 8.753085554969903949e-14
3.262222009711670090e+00 8.505856218290468309e-14
3.330600343624588788e+00 8.265609830027463416e-14
3.400411932703705897e+00 8.032149158051199443e-14
3.471686818926559503e+00 7.803478783865288359e-14
3.544455673970435594e+00 7.580876637742723320e-14
3.618749812411280242e+00 7.364624443587869537e-14
3.694601205199302463e+00 7.154541062581085494e-14
3.772042493416997377e+00 6.950450523071285760e-14
3.851107002325568907e+00 6.711672187252693663e-14
3.931828755705770284e+00 6.478932116220272369e-14
4.014242490499322358e+00 6.254262752331057592e-14
4.098383671757261482e+00 6.037384228377308551e-14
4.184288507901579912e+00 5.814663848717638401e-14
4.271993966306776969e+00 5.545874392594370410e-14
4.361537789208005833e+00 5.289510035084300272e-14
4.452958509942654963e+00 5.044996411858696938e-14
4.546295469532399380e+00 4.871813249353584480e-14
4.641588833612777520e+00 4.733908338800872522e-14
4.738879609717651320e+00 4.599907059890274153e-14
4.838209664925956943e+00 4.469698913728447328e-14
4.939621743878320537e+00 4.282493118852467674e-14
5.043159487171358535e+00 4.083508379866635906e-14
5.148867450137492696e+00 3.893769406197963492e-14
5.256791122018424467e+00 3.743021882419152057e-14
5.366976945540476329e+00 3.612022761195167665e-14
5.479472336900286678e+00 3.485608376662693716e-14
5.594325706169377632e+00 3.363618271176426229e-14
5.711586478126428723e+00 3.240187224962574079e-14
5.831305113526224382e+00 3.116656340762266344e-14
5.953533130814370189e+00 2.997835023723320848e-14
6.078323128297229871e+00 2.883543723419996758e-14
6.205728806776500406e+00 2.773307878096618739e-14
6.335804992658247592e+00 2.665385269965712883e-14
6.468607661546327492e+00 2.561662444137283344e-14
6.604193962330305645e+00 2.461975967094558310e-14
6.742622241778342129e+00 2.366168765296678058e-14
6.883952069645496330e+00 2.272131515926504026e-14
7.028244264308345812e+00 2.181405186597009618e-14
7.175560918936928267e+00 2.094301564305328619e-14
7.325965428215230446e+00 2.010675994171471399e-14
7.479522515621821022e+00 1.929450663050685915e-14
7.636298261282241207e+00 1.851211296518242451e-14
7.796360130405228794e+00 1.776144542062702762e-14
7.959777002314985417e+00 1.704121750030623985e-14
8.126619200091946382e+00 1.636128131476218649e-14
8.296958520834905926e+00 1.571140916158379800e-14
8.470868266557403103e+00 1.508735001212747356e-14
8.648423275731717652e+00 1.448807857063647546e-14
8.829699955494092478e+00 1.391429060605875766e-14
9.014776314524917566e+00 1.044474928268699524e-14
9.203731996618220279e+00 1.013840157831274223e-14
9.396648314954690662e+00 9.841318068511586605e-15
9.593608287093147169e+00 9.553835809442846295e-15
9.794696670695396179e+00 9.362587769127355911e-15
1.000000000000000000e+01 9.180203651930479593e-15
1.020960662306046451e+01 8.950995853540790793e-15
1.042360673976401131e+01 8.688582250784605847e-15
1.064209244064724658e+01 8.431867941158655095e-15
1.086515774652538369e+01 8.172497375251120313e-15
1.109289864895222699e+01 7.921105241990822149e-15
1.132541315152811556e+01 7.685074704747405949e-15
1.156280131207375383e+01 7.458404949216371374e-15
1.180516528568805512e+01 7.229721623749373022e-15
1.205260936870842592e+01 6.993279737839189246e-15
1.230524004359261525e+01 6.764570482356894027e-15
1.256316602474120181e+01 6.557657774057055383e-15
1.282649830528059809e+01 6.360540797552751192e-15
1.309535020482667633e+01 5.631042443784603228e-15
1.336983741824946570e+01 4.828143153538558478e-15
1.365007806546013747e+01 4.291350608108823219e-15
1.393619274224142046e+01 4.016127442967819080e-15
1.422830457214351974e+01 3.761875291022386179e-15
1.452653925946781222e+01 3.555841005662911796e-15
1.483102514336104427e+01 3.368360765406640472e-15
1.514189325304351996e+01 3.200317165488054460e-15
1.545927736419476872e+01 3.088003629796348678e-15
1.578331405652116537e+01 2.984857877563818195e-15
1.611414277253019733e+01 2.895122827775952893e-15
1.645190587753662470e+01 2.864500980243097077e-15
1.679674872092653004e+01 2.836170654512874028e-15
1.714881969870539180e+01 2.808120519769312880e-15
1.750827031735725114e+01 2.781172761511878829e-15
1.787525525904235479e+01 2.793326661321546906e-15
1.824993244816152327e+01 2.824432993448763286e-15
1.863246311931559873e+01 2.855885723980353033e-15
1.902301188668943865e+01 2.887688710389926873e-15
1.942174681489026611e+01 2.927432858041600541e-15
1.982883949127071332e+01 2.991524497656920727e-15
2.024446509976803910e+01 3.058441414788658836e-15
2.066880249629081945e+01 3.126855185381541422e-15
2.110203428568594219e+01 3.196799292303282080e-15
2.154434690031884614e+01 3.300032264561407230e-15
2.199593068030074861e+01 3.269584913124375591e-15
2.245697995539773828e+01 3.239275707495022717e-15
2.292769312865648601e+01 3.224777435547971954e-15
2.340827276178291783e+01 3.210344054616220036e-15
2.389892566231050353e+01 3.195975274262102646e-15
2.439986297259550341e+01 3.181670805347928425e-15
2.491130026067788350e+01 3.172867371384797103e-15
2.543345761304648178e+01 3.168737923270567884e-15
2.596655972934869894e+01 3.164613849582601527e-15
2.651083601908538867e+01 3.160495143326134256e-15
2.706652070033241131e+01 3.156381797515545980e-15
2.763385290053169996e+01 3.149452492495076595e-15
2.821307675939470627e+01 3.141259879388628963e-15
2.880444153396297935e+01 3.133088577576658796e-15
2.940820170587063842e+01 3.124938531622499646e-15
3.002461709085549302e+01 3.116809686233651758e-15
3.065395295056526592e+01 3.107949632322186031e-15
3.129648010670750580e+01 1.188955301357583622e-16
3.195247505759213524e+01 1.242172418730761937e-16
3.262222009711669557e+01 1.296920396264195559e-16
3.330600343624588788e+01 1.353886852953762526e-16
3.400411932703705986e+01 1.405355258541270450e-16
3.471686818926559681e+01 1.454989909001035872e-16
3.544455673970435328e+01 1.519594060600904555e-16
3.618749812411280686e+01 1.603566193469925770e-16
3.694601205199302285e+01 1.687090138131903856e-16
3.772042493416997644e+01 1.766036555724460694e-16
3.851107002325569084e+01 1.852076139473539344e-16
3.931828755705770106e+01 1.969909430666238985e-16
4.014242490499322003e+01 2.096758272977589893e-16
4.098383671757261482e+01 2.242008646852656665e-16
4.184288507901580090e+01 2.386647979842396939e-16
4.271993966306776969e+01 2.520204755573051973e-16
4.361537789208005478e+01 2.672962047221106981e-16
4.452958509942655496e+01 2.859799265860132102e-16
4.546295469532399380e+01 3.053962281300664900e-16
4.641588833612777165e+01 3.243969840866965889e-16
4.738879609717650965e+01 3.275338261681328245e-16
4.838209664925957298e+01 3.306616601995531436e-16
4.939621743878320359e+01 3.327531665070652702e-16
5.043159487171358535e+01 3.348579020430016019e-16
5.148867450137492341e+01 3.270137025700265285e-16
5.256791122018424289e+01 3.177912481992898959e-16
5.366976945540476152e+01 3.120236878851845753e-16
5.479472336900287388e+01 3.078259109357551987e-16
5.594325706169377810e+01 3.022637134586000343e-16
5.711586478126429256e+01 2.954514092930621432e-16
5.831305113526224915e+01 2.887755889867246702e-16
5.953533130814370367e+01 2.822231664077080866e-16
6.078323128297230227e+01 2.779032855081652523e-16
6.205728806776500761e+01 2.764029687194828890e-16
6.335804992658247414e+01 2.749353797780561342e-16
6.468607661546327847e+01 2.735903648023147189e-16
6.604193962330305112e+01 2.722519297919700172e-16
6.742622241778342129e+01 2.692806723424025385e-16
6.883952069645496863e+01 2.663412396949192650e-16
7.028244264308345635e+01 2.680836937395212009e-16
7.175560918936928090e+01 2.708525340790858899e-16
7.325965428215229736e+01 2.730304390870095051e-16
7.479522515621820844e+01 2.748857733678005276e-16
7.636298261282242095e+01 2.764192542157164593e-16
7.796360130405228972e+01 2.775836364657389645e-16
7.959777002314986305e+01 2.788008460573420821e-16
8.126619200091946027e+01 2.801387643740374694e-16
8.296958520834907347e+01 2.814287440211113269e-16
8.470868266557401682e+01 2.823173897650334375e-16
8.648423275731717297e+01 2.832088415167815490e-16
8.829699955494092478e+01 2.808827727281936800e-16
9.014776314524917211e+01 2.783798109631092194e-16
9.203731996618220990e+01 2.769546844148714840e-16
9.396648314954690306e+01 2.755910297733201477e-16
9.593608287093147169e+01 2.700124422399172705e-16
9.794696670695395824e+01 2.617013734015268992e-16
1.000000000000000000e+02 2.563859790703107536e-16
1.020960662306047624e+02 2.543354553427295808e-16
1.042360673976401131e+02 2.525717895319101073e-16
1.064209244064724658e+02 2.516885930226431878e-16
1.086515774652537232e+02 2.508120208624567547e-16
1.109289864895222735e+02 2.499933519327531809e-16
1.132541315152812587e+02 2.491773551988016464e-16
1.156280131207375348e+02 2.485178993064943594e-16
1.180516528568805512e+02 2.478803198120031442e-16
1.205260936870841419e+02 2.476943140242730824e-16
1.230524004359261596e+02 2.476943140242730824e-16
1.256316602474121424e+02 2.473870748342815705e-16
1.282649830528060022e+02 2.468100271839735513e-16
1.309535020482667562e+02 2.460806766831553619e-16
1.336983741824945184e+02 2.450756114657766619e-16
1.365007806546013853e+02 2.442390950562771556e-16
1.393619274224143396e+02 2.471812240065407532e-16
1.422830457214352009e+02 2.488473749352542610e-16
1.452653925946781328e+02 2.435257140252858493e-16
1.483102514336102900e+02 2.407854829712126400e-16
1.514189325304351996e+02 2.418605259870704450e-16
1.545927736419478435e+02 2.421323325146958635e-16
1.578331405652116359e+02 2.413844901286629867e-16
1.611414277253019804e+02 2.408988120177389048e-16
1.645190587753660907e+02 2.434328964688055748e-16
1.679674872092653288e+02 2.461656523172164006e-16
1.714881969870540956e+02 2.509556809197465158e-16
1.750827031735723267e+02 2.558389165712579631e-16
1.787525525904235337e+02 2.608981210700175904e-16
1.824993244816150479e+02 2.660589068445389526e-16
1.863246311931559944e+02 2.719888969047804946e-16
1.902301188668945713e+02 2.783393747006143362e-16
1.942174681489024408e+02 2.861509684366963466e-16
1.982883949127071332e+02 2.952470551374867245e-16
2.024446509976801849e+02 3.046186410534812450e-16
2.066880249629082016e+02 3.142650757308448952e-16
2.110203428568596564e+02 3.244053958152315596e-16
2.154434690031882269e+02 3.356176252344660786e-16
2.199593068030074789e+02 3.472903093958464998e-16
2.245697995539771625e+02 3.617350173415701523e-16
2.292769312865648885e+02 3.767805182895555331e-16
2.340827276178294198e+02 3.914738467901950630e-16
2.389892566231047795e+02 4.065677099205596222e-16
2.439986297259550270e+02 3.194307018515476264e-16
2.491130026067791050e+02 3.890604559598257714e-16
2.543345761304648249e+02 3.038249243978416899e-16
2.596655972934872239e+02 2.385876841751340240e-16
2.651083601908536025e+02 2.270264447496986377e-16
2.706652070033241557e+02 2.160254281099201514e-16
2.763385290053172412e+02 2.055574875496359073e-16
2.821307675939470982e+02 2.013228959252674364e-16
2.880444153396297793e+02 1.941905666028010819e-16
2.940820170587060716e+02 1.855687477935451314e-16
3.002461709085549160e+02 1.916017420281802506e-16
3.065395295056529790e+02 1.977985649465013432e-16
3.129648010670750296e+02 2.041734898765907087e-16
3.195247505759213595e+02 2.112177578973843108e-16
3.262222009711666715e+02 2.196405661969831997e-16
3.330600343624588504e+02 2.278890960104658930e-16
3.400411932703709681e+02 2.350559578556567614e-16
3.471686818926559681e+02 2.463080943599666292e-16
3.544455673970435328e+02 2.774477153276303218e-16
3.618749812411276707e+02 3.006791147905532373e-16
3.694601205199302285e+02 3.155624472688766203e-16
3.772042493417001197e+02 3.342297967759316396e-16
3.851107002325568942e+02 3.588948656117146571e-16
3.931828755705770391e+02 3.850995817701445220e-16
4.014242490499318023e+02 4.129031512869234617e-16
4.098383671757261482e+02 4.420634086801275882e-16
4.184288507901584353e+02 4.728069678136620798e-16
4.271993966306776542e+02 5.051814071332703979e-16
4.361537789208005620e+02 5.396122023493314167e-16
4.452958509942650949e+02 5.780856811288075760e-16
4.546295469532399238e+02 6.188421717491128048e-16
4.641588833612781855e+02 6.605585155759648994e-16
4.738879609717650965e+02 7.065151800385239934e-16
4.838209664925957441e+02 7.577016030276508895e-16
4.939621743878315669e+02 8.138854180642497571e-16
5.043159487171358819e+02 8.749848019757414759e-16
5.148867450137497599e+02 9.377799559106401574e-16
5.256791122018419173e+02 1.005550366748688749e-15
5.366976945540476436e+02 1.085425941235223955e-15
5.479472336900281562e+02 1.164061041522276363e-15
5.594325706169377099e+02 1.237609857733397549e-15
5.711586478126434940e+02 1.319075692462698431e-15
5.831305113526218520e+02 1.409044062210573810e-15
5.953533130814370224e+02 1.502935480383966950e-15
6.078323128297223548e+02 1.601140211359382252e-15
6.205728806776500051e+02 1.704446753475796988e-15
6.335804992658254378e+02 1.716574192014947809e-15
6.468607661546320742e+02 1.630267772837482751e-15
6.604193962330305112e+02 1.655905370944929508e-15
6.742622241778335592e+02 1.714196461673944080e-15
6.883952069645496294e+02 1.774539512205726214e-15
7.028244264308352740e+02 1.837006755517577200e-15
7.175560918936921553e+02 1.901672967328080243e-15
7.325965428215230304e+02 1.968615555606656164e-15
7.479522515621828234e+02 2.037914653233786943e-15
7.636298261282241810e+02 2.109653213923309475e-15
7.796360130405237214e+02 2.183917111521145420e-15
7.959777002314978063e+02 2.260795242799665424e-15
8.126619200091945459e+02 2.340379633870610764e-15
8.296958520834915589e+02 2.390161488576667241e-15
8.470868266557401967e+02 2.428937678103547624e-15
8.648423275731726108e+02 2.468342943482169351e-15
8.829699955494082815e+02 2.508387490367921353e-15
9.014776314524917780e+02 2.549081689985071290e-15
9.203731996618230369e+02 2.590436081812890179e-15
9.396648314954691159e+02 2.632461376315255494e-15
9.593608287093146600e+02 2.675168457714588234e-15
9.794696670695385592e+02 2.723339595409786683e-15
1.000000000000000000e+03 5.360484779882758667e-17
1.020960662306047539e+03 5.482454190169609295e-17
1.042360673976401131e+03 5.607198822783702085e-17
1.064209244064724544e+03 5.734781823549448574e-17
1.086515774652537175e+03 5.853353152899515865e-17
1.109289864895222763e+03 5.957985426804801380e-17
1.132541315152812558e+03 6.064488066713404126e-17
1.156280131207375462e+03 6.172894506563590142e-17
1.180516528568805597e+03 6.283238777945755409e-17
1.205260936870841306e+03 6.395555520785877880e-17
1.230524004359261653e+03 6.509552252925305067e-17
1.256316602474121510e+03 6.622836524095012298e-17
1.282649830528059965e+03 6.737812101637580124e-17
1.309535020482667733e+03 6.854783709639777666e-17
1.336983741824945128e+03 6.973786000135376268e-17
1.365007806546013853e+03 7.094854226733858124e-17
1.393619274224143510e+03 7.218024255064114981e-17
1.422830457214352009e+03 7.344465141785491250e-17
1.452653925946781328e+03 7.473860005523541269e-17
1.483102514336102786e+03 7.605534549325226349e-17
1.514189325304351996e+03 7.739528936617831201e-17
1.545927736419478606e+03 7.875884038428132188e-17
1.578331405652116473e+03 8.014641445849207476e-17
1.611414277253019918e+03 8.156258981455180764e-17
1.645190587753660793e+03 8.302057108015668099e-17
1.679674872092653231e+03 8.450461465417770175e-17
1.714881969870540843e+03 8.601024005607209511e-17
1.750827031735723267e+03 8.750857224653915306e-17
1.787525525904235565e+03 8.902776249038200830e-17
1.824993244816150536e+03 9.057332659609694807e-17
1.863246311931559831e+03 9.236800076221032453e-17
1.902301188668945770e+03 9.425740892807913748e-17
1.942174681489024351e+03 9.619249215756891486e-17
1.982883949127071446e+03 1.001112298421838539e-16
2.024446509976801735e+03 1.056420996445653143e-16
2.066880249629081845e+03 1.114785347748242217e-16
2.110203428568596337e+03 1.185863338695474226e-16
2.154434690031882383e+03 1.270461666202372854e-16
2.199593068030074846e+03 1.361095155420943874e-16
2.245697995539771910e+03 1.458470421680683921e-16
2.292769312865648772e+03 1.562994886097626083e-16
2.340827276178294142e+03 1.675010324276695375e-16
2.389892566231048022e+03 1.793890602152016383e-16
2.439986297259550156e+03 1.920688164573616778e-16
2.491130026067790823e+03 2.056502427056536020e-16
2.543345761304648022e+03 2.203943128752883043e-16
2.596655972934872352e+03 2.362616993508599757e-16
2.651083601908536366e+03 2.532642604478651487e-16
2.706652070033241216e+03 2.714044705081883526e-16
2.763385290053172866e+03 2.908208848696536518e-16
2.821307675939470755e+03 3.111535178342969615e-16
2.880444153396297679e+03 3.308471012673275973e-16
2.940820170587060602e+03 3.515827144137129446e-16
3.002461709085549501e+03 3.703558212183219888e-16
3.065395295056529903e+03 3.794463516341078616e-16
3.129648010670750409e+03 3.882875838184667030e-16
3.195247505759213709e+03 3.972313532135372622e-16
3.262222009711666487e+03 4.039364104501265647e-16
3.330600343624588731e+03 4.106370099591331582e-16
3.400411932703709681e+03 4.174526677207488917e-16
3.471686818926559681e+03 4.244585904097789801e-16
3.544455673970435782e+03 4.316088478703706258e-16
3.618749812411276707e+03 4.388795556714852316e-16
3.694601205199302512e+03 4.459407609555727201e-16
3.772042493417001424e+03 4.528793932832272411e-16
3.851107002325568828e+03 4.599259875259917773e-16
3.931828755705770163e+03 4.619198417250200378e-16
4.014242490499317682e+03 4.559395578571826595e-16
4.098383671757261254e+03 4.499779201738534527e-16
4.184288507901585035e+03 4.428415659621268348e-16
4.271993966306776201e+03 4.302461514506293598e-16
4.361537789208005961e+03 4.180089789807789393e-16
4.452958509942651290e+03 4.061198593396468594e-16
4.546295469532399693e+03 3.945688931185309187e-16
4.641588833612781855e+03 3.833464624702848453e-16
4.738879609717650965e+03 3.724432231010569917e-16
4.838209664925957441e+03 3.669767361552751063e-16
4.939621743878316011e+03 3.630962037223841654e-16
5.043159487171358705e+03 3.592567053128483765e-16
5.148867450137498054e+03 3.620591058925270630e-16
5.256791122018418719e+03 3.700266249513719375e-16
5.366976945540475754e+03 3.781694782551505469e-16
5.479472336900281334e+03 3.868120877774705693e-16
5.594325706169377554e+03 3.962258966369588854e-16
5.711586478126434486e+03 4.058688084641221266e-16
5.831305113526218520e+03 4.186283829955760343e-16
5.953533130814370452e+03 4.432686940334458496e-16
6.078323128297223775e+03 4.700099143587088734e-16
6.205728806776500278e+03 5.040047098316999232e-16
6.335804992658254378e+03 5.598386561872010383e-16
6.468607661546320742e+03 6.234904351453105660e-16
6.604193962330305112e+03 6.954440526825399247e-16
6.742622241778335592e+03 7.743373132303228575e-16
6.883952069645496522e+03 8.603697385998643510e-16
7.028244264308352285e+03 9.411754061292242913e-16
7.175560918936920643e+03 9.883388650676771757e-16
7.325965428215230531e+03 1.037865743029365523e-15
7.479522515621813909e+03 1.086029037188618057e-15
7.636298261282241583e+03 1.123110142189747904e-15
7.796360130405237214e+03 1.161267768661517852e-15
7.959777002314977835e+03 1.194806214126828673e-15
8.126619200091945459e+03 1.181534551383897563e-15
8.296958520834914452e+03 1.163432085349753979e-15
8.470868266557401512e+03 1.145606969881561849e-15
8.648423275731725880e+03 1.136641236496081058e-15
8.829699955494083042e+03 1.129757470709331403e-15
9.014776314524917325e+03 1.122915394621925940e-15
9.203731996618229459e+03 1.153161104971105785e-15
9.396648314954691159e+03 1.209666630529603156e-15
9.593608287093147737e+03 1.268940957780138009e-15
9.794696670695386274e+03 1.322890352505164496e-15
1.000000000000000000e+04 1.366451352048324377e-15
1.020960662306047561e+04 1.411446756701184736e-15
1.042360673976401085e+04 1.453132648266403341e-15
1.064209244064724589e+04 1.480582857736578566e-15
1.086515774652537220e+04 1.507812276005473556e-15
1.109289864895222854e+04 1.536274023869136613e-15
1.132541315152812604e+04 1.586388226117884782e-15
1.156280131207375416e+04 1.639068319196633259e-15
1.180516528568805552e+04 1.700099768297468954e-15
1.205260936870841397e+04 1.826987115199147402e-15
1.230524004359261562e+04 1.976902200621027035e-15
1.256316602474121464e+04 2.138752593707121880e-15
1.282649830528059829e+04 2.312987870322172894e-15
1.309535020482667642e+04 2.501417370105667532e-15
1.336983741824945173e+04 2.731382318873067033e-15
1.365007806546013853e+04 2.988049428937467680e-15
1.393619274224143555e+04 3.271228218233871417e-15
1.422830457214351918e+04 3.583785115358982884e-15
1.452653925946781237e+04 3.922257659268962190e-15
1.483102514336102831e+04 4.287807431217097421e-15
1.514189325304351951e+04 4.670741332335190392e-15
1.545927736419478606e+04 5.042407647615244548e-15
1.578331405652116518e+04 5.443648679216525689e-15
1.611414277253019827e+04 5.699150915345906197e-15
1.645190587753660657e+04 5.798090873415260633e-15
1.679674872092653095e+04 5.567219892753986576e-15
1.714881969870541070e+04 5.403606727828054568e-15
1.750827031735723358e+04 5.264620805476070255e-15
1.787525525904235474e+04 5.442768119826689854e-15
1.824993244816150400e+04 5.666056822408635505e-15
1.863246311931559831e+04 5.756953295515349415e-15
1.902301188668945906e+04 5.617331288978111036e-15
1.942174681489024442e+04 5.486228394752978760e-15
1.982883949127071537e+04 5.409781031408190800e-15
2.024446509976801826e+04 5.345806554590991216e-15
2.066880249629082027e+04 5.282588621090475531e-15
2.110203428568596428e+04 5.325974707370631135e-15
2.154434690031882201e+04 5.415861460580810028e-15
2.199593068030074937e+04 5.507265237217962230e-15
2.245697995539771728e+04 5.911260528610023572e-15
2.292769312865648681e+04 6.437605520905160416e-15
2.340827276178294414e+04 7.031121249979836246e-15
2.389892566231047749e+04 7.819551318606108404e-15
2.439986297259550338e+04 8.788514378783062638e-15
2.491130026067786093e+04 1.011151309750378805e-14
2.543345761304648113e+04 1.169311251394277566e-14
2.596655972934872261e+04 1.319484276855496060e-14
2.651083601908536366e+04 1.446461181342179486e-14
2.706652070033241398e+04 1.575340491830439541e-14
2.763385290053172503e+04 1.679607978168068138e-14
2.821307675939470573e+04 1.788302948458247950e-14
2.880444153396297770e+04 1.826919136706489737e-14
2.940820170587060784e+04 1.783569523055096251e-14
3.002461709085549228e+04 2.033882935115526404e-14
3.065395295056529721e+04 2.106901213505972700e-14
3.129648010670750591e+04 2.148145206926256261e-14
3.195247505759213527e+04 2.189867763489369540e-14
3.262222009711666396e+04 2.225684857597178652e-14
3.330600343624588277e+04 2.176331706349738262e-14
3.400411932703709317e+04 2.105736372132955444e-14
3.471686818926559499e+04 1.760469241422652235e-14
3.544455673970435600e+04 1.460521310358698600e-14
3.618749812411276798e+04 1.290138659098245704e-14
3.694601205199302058e+04 1.379500478931020765e-14
3.772042493417001242e+04 1.475051970538622686e-14
3.851107002325569192e+04 3.244735547691159021e-14
3.931828755705770163e+04 4.297275869572871342e-14
4.014242490499317501e+04 5.408860447363569597e-14
4.098383671757261618e+04 6.196768758541192956e-14
4.184288507901584671e+04 6.071961893703364453e-14
4.271993966306776565e+04 5.949668718518581279e-14
4.361537789208005415e+04 5.567806864142464155e-14
4.452958509942650562e+04 4.605013164280486596e-14
4.546295469532399147e+04 4.128795092200668202e-14
4.641588833612782037e+04 1.780861761675526826e-14
4.738879609717651329e+04 1.722834217927601642e-14
4.838209664925956895e+04 1.891900941855861055e-14
4.939621743878315465e+04 2.056218264472142510e-14
5.043159487171359069e+04 2.195047003951217580e-14
5.148867450137497508e+04 2.262189589935647744e-14
5.256791122018419264e+04 2.136784099307776957e-14
5.366976945540476299e+04 2.135019888646960991e-14
5.479472336900281516e+04 2.244153707432282162e-14
5.594325706169377372e+04 2.358866017765162593e-14
5.711586478126434668e+04 2.502761492350762144e-14
5.831305113526218338e+04 2.767942093190075745e-14
5.953533130814370088e+04 3.157040979133994830e-14
6.078323128297223593e+04 3.537841839947813123e-14
6.205728806776500278e+04 3.872373469446240881e-14
6.335804992658254196e+04 3.725565393200240855e-14
6.468607661546320742e+04 3.230017409189573736e-14
6.604193962330305658e+04 2.414769949553440751e-14
6.742622241778335592e+04 2.107577921468575925e-14
6.883952069645495794e+04 2.029068949792647917e-14
7.028244264308353013e+04 2.054736382968930039e-14
7.175560918936920643e+04 2.080728505518586414e-14
7.325965428215230349e+04 2.157660389586193909e-14
7.479522515621813363e+04 2.316014717629332363e-14
7.636298261282242311e+04 2.485990936369944034e-14
7.796360130405236850e+04 2.877927071465471974e-14
7.959777002314977290e+04 3.600724649414498260e-14
8.126619200091945822e+04 4.847677446222636961e-14
8.296958520834914816e+04 6.151522103643302494e-14
8.470868266557402967e+04 7.050283697386482656e-14
8.648423275731726608e+04 7.851991117758648611e-14
8.829699955494083406e+04 7.390561038765583417e-14
9.014776314524917689e+04 6.767166222593303946e-14
9.203731996618230187e+04 6.180769814509544037e-14
9.396648314954691159e+04 5.633914255864897095e-14
9.593608287093146646e+04 5.391791669346053727e-14
9.794696670695385546e+04 5.310413138314874136e-14
1.000000000000000000e+05 5.965531048585821376e-14
1.020960662306047598e+05 5.376389986489089132e-14
1.042360673976401158e+05 4.922971584127648693e-14
1.064209244064724626e+05 4.518375001556803411e-14
1.086515774652537220e+05 4.145092218384606676e-14
1.109289864895222709e+05 3.786376740438961890e-14
1.132541315152812604e+05 3.458704430494997563e-14
1.156280131207375380e+05 3.129599188977724816e-14
1.180516528568805516e+05 2.776707142106643101e-14
1.205260936870841397e+05 2.463607026797763392e-14
1.230524004359261598e+05 2.219863754672455820e-14
1.256316602474121464e+05 2.025460029308196493e-14
1.282649830528059829e+05 1.848081136371597937e-14
1.309535020482667751e+05 1.692180806994836106e-14
1.336983741824945319e+05 1.550977171330878563e-14
1.365007806546013744e+05 1.421515549986219197e-14
1.393619274224143592e+05 1.296956608340529614e-14
1.422830457214351918e+05 1.183312024926131700e-14
1.452653925946781237e+05 1.082369829128476397e-14
1.483102514336102759e+05 9.983352450913631442e-15
1.514189325304352096e+05 9.208250588379247783e-15
1.545927736419478606e+05 8.443342706007697190e-15
1.578331405652116518e+05 7.688567341900011626e-15
1.611414277253019973e+05 7.001263578803831911e-15
1.645190587753660802e+05 6.401837465845189886e-15
1.679674872092653241e+05 5.864767177344234837e-15
1.714881969870540779e+05 5.372753405246462003e-15
1.750827031735723431e+05 4.922173230396411558e-15
1.787525525904235546e+05 4.509393972194770162e-15
1.824993244816150400e+05 4.132354488834630148e-15
1.863246311931559758e+05 3.793107723024601806e-15
1.902301188668945688e+05 3.481711512732854436e-15
1.942174681489024370e+05 3.200380985225540431e-15
1.982883949127071246e+05 2.948896020838966373e-15
2.024446509976801754e+05 2.717172668461896999e-15
2.066880249629082100e+05 2.496436013620296399e-15
2.110203428568596428e+05 2.289129680528444749e-15
2.154434690031882201e+05 2.099038255211341166e-15
2.199593068030074646e+05 1.924930241872450755e-15
2.245697995539771800e+05 1.765303169743725254e-15
2.292769312865648826e+05 1.618990200724118961e-15
2.340827276178294269e+05 1.486167119421658040e-15
2.389892566231047676e+05 1.364240936024328279e-15
2.439986297259550192e+05 1.253182772631535137e-15
2.491130026067785802e+05 1.153250874859421037e-15
2.543345761304648186e+05 1.061287794095025019e-15
2.596655972934872552e+05 9.831669899617529754e-16
2.651083601908536511e+05 9.167899829287140091e-16
2.706652070033241180e+05 8.548943174252851942e-16
2.763385290053172503e+05 7.852436513377760098e-16
2.821307675939470646e+05 7.172582338628646628e-16
2.880444153396298061e+05 6.551589091712079214e-16
2.940820170587060857e+05 5.929455624620442645e-16
3.002461709085549228e+05 5.364185376313297751e-16
3.065395295056530158e+05 4.864866683768076068e-16
3.129648010670750518e+05 4.460826611213150502e-16
3.195247505759213818e+05 4.090343137603604798e-16
3.262222009711666615e+05 3.746876524744558054e-16
3.330600343624588568e+05 3.427332999321871966e-16
3.400411932703709463e+05 3.135040989652435751e-16
3.471686818926559645e+05 2.867560916009630957e-16
3.544455673970435746e+05 2.622842194502076555e-16
3.618749812411276507e+05 2.399007860252685852e-16
3.694601205199302640e+05 2.194496225175320788e-16
3.772042493417001097e+05 2.007450349059477279e-16
3.851107002325569047e+05 1.836405435526257077e-16
3.931828755705770454e+05 1.680460034974660693e-16
4.014242490499317646e+05 1.537757335344525929e-16
4.098383671757261618e+05 1.406326831667363522e-16
4.184288507901584380e+05 1.284480240012092128e-16
4.271993966306776856e+05 1.173190648026959499e-16
4.361537789208005415e+05 1.071436122887398862e-16
4.452958509942650562e+05 9.784256754311098667e-17
4.546295469532399438e+05 8.934893848482087522e-17
4.641588833612782182e+05 8.141737919858138130e-17
4.738879609717651037e+05 7.414309769208746248e-17
4.838209664925957331e+05 6.751874351440674244e-17
4.939621743878315901e+05 6.152118926340151876e-17
5.043159487171358778e+05 5.605638569941127973e-17
5.148867450137497508e+05 5.104108789314250260e-17
5.256791122018418973e+05 4.636333208651124798e-17
5.366976945540476590e+05 4.211427794533523580e-17
5.479472336900281953e+05 3.820285845541272013e-17
5.594325706169377081e+05 3.459832569806306778e-17
5.711586478126434376e+05 3.133388938700369397e-17
5.831305113526218338e+05 2.851761871713484946e-17
5.953533130814370234e+05 2.601443133662318877e-17
6.078323128297224175e+05 2.373096591551198242e-17
6.205728806776501006e+05 2.119891776348155036e-17
6.335804992658253759e+05 1.889687524990941052e-17
6.468607661546320887e+05 1.686891411755773820e-17
6.604193962330304785e+05 1.519712332936519605e-17
6.742622241778335301e+05 1.369101507533056903e-17
6.883952069645496085e+05 1.229613478403021451e-17
7.028244264308352722e+05 1.098342469601087993e-17
7.175560918936921516e+05 9.810856840120193818e-18
7.325965428215230349e+05 8.734308693039139480e-18
7.479522515621813945e+05 7.757826335138221817e-18
7.636298261282241438e+05 6.890513211895927226e-18
7.796360130405237433e+05 6.072986958617665921e-18
7.959777002314977581e+05 5.343124450712222629e-18
8.126619200091945240e+05 4.698224983611787066e-18
8.296958520834897645e+05 4.077632633435263691e-18
8.470868266557402676e+05 3.539014830335725210e-18
8.648423275731726317e+05 3.055593900489975406e-18
8.829699955494082533e+05 2.601327410012889180e-18
9.014776314524917398e+05 2.214595432003957501e-18
9.203731996618229896e+05 1.848940504464931642e-18
9.396648314954690868e+05 1.513482073110191569e-18
9.593608287093146937e+05 1.238886800356388466e-18
9.794696670695386129e+05 8.354901968680983993e-19
1.000000000000000000e+06 5.233200349836318020e-19
1.020960662306047510e+06 3.277882374226173904e-19
1.042360673976403312e+06 1.000000000000000000e+00
1.064209244064722443e+06 1.000000000000000000e+00
1.086515774652537191e+06 1.000000000000000000e+00
1.109289864895222709e+06 1.000000000000000000e+00
1.132541315152812749e+06 1.000000000000000000e+00
1.156280131207377650e+06 1.000000000000000000e+00
1.180516528568803100e+06 1.000000000000000000e+00
1.205260936870841309e+06 1.000000000000000000e+00
1.230524004359261598e+06 1.000000000000000000e+00
1.256316602474121377e+06 1.000000000000000000e+00
1.282649830528062535e+06 1.000000000000000000e+00
1.309535020482664928e+06 1.000000000000000000e+00
1.336983741824945202e+06 1.000000000000000000e+00
1.365007806546013802e+06 1.000000000000000000e+00
1.393619274224143475e+06 1.000000000000000000e+00
1.422830457214354770e+06 1.000000000000000000e+00
1.452653925946778152e+06 1.000000000000000000e+00
1.483102514336102875e+06 1.000000000000000000e+00
1.514189325304351980e+06 1.000000000000000000e+00
1.545927736419478431e+06 1.000000000000000000e+00
1.578331405652119778e+06 1.000000000000000000e+00
1.611414277253016597e+06 1.000000000000000000e+00
1.645190587753660744e+06 1.000000000000000000e+00
1.679674872092653066e+06 1.000000000000000000e+00
1.714881969870540779e+06 1.000000000000000000e+00
1.750827031735726865e+06 1.000000000000000000e+00
1.787525525904231705e+06 1.000000000000000000e+00
1.824993244816150516e+06 1.000000000000000000e+00
1.863246311931559816e+06 1.000000000000000000e+00
1.902301188668945804e+06 1.000000000000000000e+00
1.942174681489028502e+06 1.000000000000000000e+00
1.982883949127067346e+06 1.000000000000000000e+00
2.024446509976801695e+06 1.000000000000000000e+00
2.066880249629082158e+06 1.000000000000000000e+00
2.110203428568596486e+06 1.000000000000000000e+00
2.154434690031886566e+06 1.000000000000000000e+00
2.199593068030070513e+06 1.000000000000000000e+00
2.245697995539771859e+06 1.000000000000000000e+00
2.292769312865648884e+06 1.000000000000000000e+00
2.340827276178294327e+06 1.000000000000000000e+00
2.389892566231052857e+06 1.000000000000000000e+00
2.439986297259545419e+06 1.000000000000000000e+00
2.491130026067785919e+06 1.000000000000000000e+00
2.543345761304648127e+06 1.000000000000000000e+00
2.596655972934872378e+06 1.000000000000000000e+00
2.651083601908541750e+06 1.000000000000000000e+00
2.706652070033235941e+06 1.000000000000000000e+00
2.763385290053166915e+06 1.000000000000000000e+00
2.821307675939470530e+06 1.000000000000000000e+00
2.880444153396297712e+06 1.000000000000000000e+00
2.940820170587066561e+06 1.000000000000000000e+00
3.002461709085543174e+06 1.000000000000000000e+00
3.065395295056523755e+06 1.000000000000000000e+00
3.129648010670750402e+06 1.000000000000000000e+00
3.195247505759213585e+06 1.000000000000000000e+00
3.262222009711673018e+06 1.000000000000000000e+00
3.330600343624581583e+06 1.000000000000000000e+00
3.400411932703702711e+06 1.000000000000000000e+00
3.471686818926559296e+06 1.000000000000000000e+00
3.544455673970435746e+06 1.000000000000000000e+00
3.618749812411284074e+06 1.000000000000000000e+00
3.694601205199294724e+06 1.000000000000000000e+00
3.772042493416993413e+06 1.000000000000000000e+00
3.851107002325568814e+06 1.000000000000000000e+00
3.931828755705770105e+06 1.000000000000000000e+00
4.014242490499326028e+06 1.000000000000000000e+00
4.098383671757252887e+06 1.000000000000000000e+00
4.184288507901575882e+06 1.000000000000000000e+00
4.271993966306776740e+06 1.000000000000000000e+00
4.361537789208006114e+06 1.000000000000000000e+00
4.452958509942660108e+06 1.000000000000000000e+00
4.546295469532390125e+06 1.000000000000000000e+00
4.641588833612772636e+06 1.000000000000000000e+00
4.738879609717651270e+06 1.000000000000000000e+00
4.838209664925957099e+06 1.000000000000000000e+00
4.939621743878325447e+06 1.000000000000000000e+00
5.043159487171348184e+06 1.000000000000000000e+00
5.148867450137486681e+06 1.000000000000000000e+00
5.256791122018419206e+06 1.000000000000000000e+00
5.366976945540475659e+06 1.000000000000000000e+00
5.479472336900292896e+06 1.000000000000000000e+00
5.594325706169389188e+06 1.000000000000000000e+00
5.711586478126423433e+06 1.000000000000000000e+00
5.831305113526218571e+06 1.000000000000000000e+00
5.953533130814369768e+06 1.000000000000000000e+00
6.078323128297235817e+06 1.000000000000000000e+00
6.205728806776513346e+06 1.000000000000000000e+00
6.335804992658241652e+06 1.000000000000000000e+00
6.468607661546320654e+06 1.000000000000000000e+00
6.604193962330305018e+06 1.000000000000000000e+00
6.742622241778348573e+06 1.000000000000000000e+00
6.883952069645510055e+06 1.000000000000000000e+00
7.028244264308338054e+06 1.000000000000000000e+00
7.175560918936921284e+06 1.000000000000000000e+00
7.325965428215229884e+06 1.000000000000000000e+00
7.479522515621828847e+06 1.000000000000000000e+00
7.636298261282256804e+06 1.000000000000000000e+00
7.796360130405221134e+06 1.000000000000000000e+00
7.959777002314977348e+06 1.000000000000000000e+00
8.126619200091945939e+06 1.000000000000000000e+00
8.296958520834915340e+06 1.000000000000000000e+00
8.470868266557419673e+06 1.000000000000000000e+00
8.648423275731708854e+06 1.000000000000000000e+00
8.829699955494083464e+06 1.000000000000000000e+00
9.014776314524916932e+06 1.000000000000000000e+00
9.203731996618229896e+06 1.000000000000000000e+00
9.396648314954709262e+06 1.000000000000000000e+00
9.593608287093127146e+06 1.000000000000000000e+00
9.794696670695384964e+06 1.000000000000000000e+00
1.000000000000000000e+07 1.000000000000000000e+00
