# Combination of SENSEI and SENSEI_1e 
#  Mass [eV] 	 kinetic mixing
1.224256439511985484e+00 8.019018073717549754e-12
1.227655518447970495e+00 8.025580483281023949e-12
1.231064034734856927e+00 8.032148263230078239e-12
1.234482014574917130e+00 8.038721417959660542e-12
1.237909484243172598e+00 8.045299951868224603e-12
1.241346470087596021e+00 8.051883869357815615e-12
1.244792998529313799e+00 8.058473174834186545e-12
1.248249096062808539e+00 8.065067872706592951e-12
1.251714789256124005e+00 8.071667967387902845e-12
1.255190104751068292e+00 8.078273463294687166e-12
1.258675069263418989e+00 8.084884364847008133e-12
1.262169709583128574e+00 8.091500676468671285e-12
1.265674052574530251e+00 8.098122402587004137e-12
1.269188125176544668e+00 8.104749547632959585e-12
1.272711954402886869e+00 8.111382116041214450e-12
1.276245567342273457e+00 8.118020112249972382e-12
1.279788991158632205e+00 8.124663540701075333e-12
1.283342253091309448e+00 8.131312405840095645e-12
1.286905380455279690e+00 8.132075630393704409e-12
1.290478400641356771e+00 8.126989048701834283e-12
1.294061341116403252e+00 8.121905648647037850e-12
1.297654229423541361e+00 8.116825428239181565e-12
1.301257093182365931e+00 8.111748385489471204e-12
1.304869960089155789e+00 8.106674518410264455e-12
1.308492857917086694e+00 8.101603825015188860e-12
1.312125814516445610e+00 8.096536303319086882e-12
1.315768857814843873e+00 8.091471951338137073e-12
1.319422015817432126e+00 8.086410767089661822e-12
1.323085316607115924e+00 8.081352748592259832e-12
1.326758788344771567e+00 8.076297893865728570e-12
1.330442459269462363e+00 8.071246200931211290e-12
1.334136357698655351e+00 8.066197667810985385e-12
1.337840512028440232e+00 8.061152292528599717e-12
1.341554950733745866e+00 8.056110073108805145e-12
1.345279702368561203e+00 8.051071007577687002e-12
1.349014795566152891e+00 8.046035093962467994e-12
1.352760259039286650e+00 8.041842130037697959e-12
1.356516121580447543e+00 8.038045475841540636e-12
1.360282412062061130e+00 8.034250614093288367e-12
1.364059159436715740e+00 8.030457543946704691e-12
1.367846392737385175e+00 8.026666264555953808e-12
1.371644141077651202e+00 8.022876775075594126e-12
1.375452433651928041e+00 8.019089074660589563e-12
1.379271299735686851e+00 8.015303162466298241e-12
1.383100768685679771e+00 8.011519037648478946e-12
1.386940869940167076e+00 8.007736699363289517e-12
1.390791633019142104e+00 8.003956146767286840e-12
1.394653087524559298e+00 8.000177379017422006e-12
1.398525263140560693e+00 7.996400395271048388e-12
1.402408189633705282e+00 7.992625194685915175e-12
1.406301896853196620e+00 7.988851776420170609e-12
1.410206414731113522e+00 7.985080139632358748e-12
1.414121773282638994e+00 7.980205302685215772e-12
1.418048002606291824e+00 7.972812442441003068e-12
1.421985132884157288e+00 7.965426430940717328e-12
1.425933194382120295e+00 7.958047261839681304e-12
1.429892217450096092e+00 7.950674928799100102e-12
1.433862232522265856e+00 7.943309425486046641e-12
1.437843270117308947e+00 7.935950745573466499e-12
1.441835360838638058e+00 7.928598882740158525e-12
1.445838535374635470e+00 7.921253830670786151e-12
1.449852824498886417e+00 7.913915583055856387e-12
1.453878259070418455e+00 7.906584133591726284e-12
1.457914870033937493e+00 7.899259475980590009e-12
1.461962688420064937e+00 7.891941603930475615e-12
1.466021745345577720e+00 7.884630511155243422e-12
1.470092072013645890e+00 7.877326191374573099e-12
1.474173699714074415e+00 7.870028638313963657e-12
1.478266659823541884e+00 7.861127238929695324e-12
1.482370983805842313e+00 7.826980872767697957e-12
1.486486703212128280e+00 7.792982828123324330e-12
1.490613849681150738e+00 7.759132460732567553e-12
1.494752454939505260e+00 7.725429129130032857e-12
1.498902550801873623e+00 7.691872194636563814e-12
1.503064169171269837e+00 7.658461021347233675e-12
1.507237342039284833e+00 7.625194976119390029e-12
1.511422101486331604e+00 7.592073428560436115e-12
1.515618479681893449e+00 7.559095751016133970e-12
1.519826508884770000e+00 7.526261318558463296e-12
1.524046221443325910e+00 7.449565410495822064e-12
1.528277649795739324e+00 7.351336994964315414e-12
1.532520826470250341e+00 7.254403798829693762e-12
1.536775784085412822e+00 7.158748743599114105e-12
1.541042555350343957e+00 7.064354975973263948e-12
1.545321173064975406e+00 6.971205864876919418e-12
1.549611670120306872e+00 6.890688978996873115e-12
1.553914079498657452e+00 6.817790205556386529e-12
1.558228434273919882e+00 6.745662651247299982e-12
1.562554767611814777e+00 6.674298157099049090e-12
1.566893112770145535e+00 6.603688650457313076e-12
1.571243503099054140e+00 6.533826144071010130e-12
1.575605972041276948e+00 6.464702735188680941e-12
1.579980553132402266e+00 6.396310604664568993e-12
1.584367280001128364e+00 6.329259136319194768e-12
1.588766186369521494e+00 6.269170128506343194e-12
1.593177306053275455e+00 6.209651596444602856e-12
1.597600672961971169e+00 6.150698124125408532e-12
1.602036321099337801e+00 6.092304346958913986e-12
1.606484284563513665e+00 6.034464951285863316e-12
1.610944597547309343e+00 5.977174673894057036e-12
1.615417294338469034e+00 5.920428301539445194e-12
1.619902409319935233e+00 5.864220670471637514e-12
1.624399976970112736e+00 5.808706732894339058e-12
1.628910031863133767e+00 5.754954481035968422e-12
1.633432608669123542e+00 5.701699638448341996e-12
1.637967742154467166e+00 5.648937602236204620e-12
1.642515467182076083e+00 5.596663812098379462e-12
1.647075818711656980e+00 5.544873749933432281e-12
1.651648831799980899e+00 5.493562939449348805e-12
1.656234541601150800e+00 5.442726945776457827e-12
1.660832983366873794e+00 5.392361375084280175e-12
1.665444192446730920e+00 5.344038966245335806e-12
1.670068204288449820e+00 5.302747757108261192e-12
1.674705054438176743e+00 5.261775588300563915e-12
1.679354778540748994e+00 5.221119994727764307e-12
1.684017412339970932e+00 5.180778530342159810e-12
1.688692991678886646e+00 5.140748767995661948e-12
1.693381552500056619e+00 5.101028299293763405e-12
1.698083130845834399e+00 5.061614734450642480e-12
1.702797762858642150e+00 5.022505702145374217e-12
1.707525484781250658e+00 4.983698849379264364e-12
1.712266332957055104e+00 4.945191841334279513e-12
1.717020343830357509e+00 4.906982361232573418e-12
1.721787553946644955e+00 4.872426121218778751e-12
1.726567999952870469e+00 4.842104537259059343e-12
1.731361718597736132e+00 4.811971647479806741e-12
1.736168746731974188e+00 4.782026277618693312e-12
1.740989121308631038e+00 4.752267260720941641e-12
1.745822879383351234e+00 4.722693437093847361e-12
1.750670058114661698e+00 4.693303654261586342e-12
1.755530694764258826e+00 4.664096766920306212e-12
1.760404826697292924e+00 4.635071636893490107e-12
1.765292491382657536e+00 4.606227133087607189e-12
1.770193726393276101e+00 4.577562131448031354e-12
1.775108569406390613e+00 4.550679747126272376e-12
1.780037058203852940e+00 4.524993770049059730e-12
1.784979230672412820e+00 4.499452775579957577e-12
1.789935124804011179e+00 4.474055945375279751e-12
1.794904778696071901e+00 4.448802465710478995e-12
1.799888230551792923e+00 4.423691527453939710e-12
1.804885518680442447e+00 4.398722326041206923e-12
1.809896681497651150e+00 4.373894061449054489e-12
1.814921757525709500e+00 4.349205938170003251e-12
1.819960785393862412e+00 4.324657165186701865e-12
1.825013803838606563e+00 4.300246955946638819e-12
1.830080851703988820e+00 4.275974528336994207e-12
1.835161967941903782e+00 4.251619973487837502e-12
1.840257191612394205e+00 4.224094235335648455e-12
1.845366561883951206e+00 4.196746703670780352e-12
1.850490118033813802e+00 4.169576224752960907e-12
1.855627899448273554e+00 4.142581652311455700e-12
1.860779945622974330e+00 4.115761847496670033e-12
1.865946296163218499e+00 4.089115678832175686e-12
1.871126990784270250e+00 4.062642022166870154e-12
1.876322069311660012e+00 4.036339760627621359e-12
1.881531571681493098e+00 4.010207784572129668e-12
1.886755537940753680e+00 3.984244991542100909e-12
1.891994008247614989e+00 3.958450286216798235e-12
1.897247022871747291e+00 3.932822580366737787e-12
1.902514622194626082e+00 3.911842685254884352e-12
1.907796846709845395e+00 3.891262305306311765e-12
1.913093737023426000e+00 3.870790199660389875e-12
1.918405333854130035e+00 3.850425798681153593e-12
1.923731678033772985e+00 3.830168535729517228e-12
1.929072810507536317e+00 3.810017847147507166e-12
1.934428772334285007e+00 3.789973172242598750e-12
1.939799604686880841e+00 3.770033953272046704e-12
1.945185348852499718e+00 3.750199635427461925e-12
1.950586046232949622e+00 3.730469666819312354e-12
1.956001738344987251e+00 3.710843498461582163e-12
1.961432466820639542e+00 3.691742053056724533e-12
1.966878273407521638e+00 3.674304007420369180e-12
1.972339199969158408e+00 3.656948330874606343e-12
1.977815288485307077e+00 3.639674634346746137e-12
1.983306581052278750e+00 3.622482530601936884e-12
1.988813119883262592e+00 3.605371634234397723e-12
1.994334947308651351e+00 3.588341561658823282e-12
1.999872105776363762e+00 3.571391931101826725e-12
2.005424637852174730e+00 3.554522362593295143e-12
2.010992586220039513e+00 3.537732477957929942e-12
2.016575993682423018e+00 3.521021900806738348e-12
2.022174903160629533e+00 3.504390256528656187e-12
2.027789357695130690e+00 3.486919178800842184e-12
2.033419400445899416e+00 3.469377368863599405e-12
2.039065074692737678e+00 3.451923807342809061e-12
2.044726423835612650e+00 3.434558050282998302e-12
2.050403491394989342e+00 3.417279655962081127e-12
2.056096321012164108e+00 3.400088184880176494e-12
2.061804956449601267e+00 3.382983199748404231e-12
2.067529441591268835e+00 3.365964265477814627e-12
2.073269820442976474e+00 3.349030949168238452e-12
2.079026137132713892e+00 3.332182820097332881e-12
2.084798435910988346e+00 3.315419449709596707e-12
2.090586761151167927e+00 3.301507663034224581e-12
2.096391157349819068e+00 3.288176393970171779e-12
2.102211669127052041e+00 3.274898955686780186e-12
2.108048341226861577e+00 3.261675130818912187e-12
2.113901218517471037e+00 3.248504702879177038e-12
2.119770345991679239e+00 3.235387456254305495e-12
2.125655768767202858e+00 3.222323176201661352e-12
2.131557532087028140e+00 3.209311648845763490e-12
2.137475681319753740e+00 3.196352661174706539e-12
2.143410261959941998e+00 3.183446001036713221e-12
2.149361319628469769e+00 3.170565804878764454e-12
2.155328900072875697e+00 3.157598621487497697e-12
2.161313049167715494e+00 3.144684472114589292e-12
2.167313812914911875e+00 3.131823139858122362e-12
2.173331237444110275e+00 3.119014408703240764e-12
2.179365369013031462e+00 3.106258063518598028e-12
2.185416254007829018e+00 3.093553890052692803e-12
2.191483938943444620e+00 3.080901674930283867e-12
2.197568470463965973e+00 3.068301205648805143e-12
2.203669895342985630e+00 3.055752270574809784e-12
2.209788260483961153e+00 3.043254658940365809e-12
2.215923612920573049e+00 3.032089875537275403e-12
2.222075999817089809e+00 3.021332538967951007e-12
2.228245468468728507e+00 3.010613367589902171e-12
2.234432066302018072e+00 2.999932225999542953e-12
2.240635840875166096e+00 2.989288979273710921e-12
2.246856839878419887e+00 2.978683492967892838e-12
2.253095111134439943e+00 2.968115633114573528e-12
2.259350702598659666e+00 2.957585266221531028e-12
2.265623662359661505e+00 2.947092259270151533e-12
2.271914038639541111e+00 2.936636479713736260e-12
2.278221879794279925e+00 2.927462394110812000e-12
2.284547234314119102e+00 2.918876558821864477e-12
2.290890150823927218e+00 2.910315904579748185e-12
2.297250678083579523e+00 2.901780357531984329e-12
2.303628864988329639e+00 2.893269844042704767e-12
2.310024760569184821e+00 2.884784290692004563e-12
2.316438413993286538e+00 2.876323624275309487e-12
2.322869874564283954e+00 2.867887771802732199e-12
2.329319191722715843e+00 2.859476660498489430e-12
2.335786415046390285e+00 2.851090217800203641e-12
2.342271594250763922e+00 2.841888192235812858e-12
2.348774779189327422e+00 2.832597236736655564e-12
2.355296019853985623e+00 2.823336656061634508e-12
2.361835366375443002e+00 2.814106350906676310e-12
2.368392869023590475e+00 2.804906222292327109e-12
2.374968578207888203e+00 2.795736171562735958e-12
2.381562544477758170e+00 2.786596100384587721e-12
2.388174818522966980e+00 2.777485910746046891e-12
2.394805451174020661e+00 2.768405504955706240e-12
2.401454493402552792e+00 2.760319733085828558e-12
2.408121996321716640e+00 2.754279684343670305e-12
2.414808011186577730e+00 2.748252852254775359e-12
2.421512589394509085e+00 2.742239207898859729e-12
2.428235782485586025e+00 2.736238722418922377e-12
2.434977642142980958e+00 2.730251367021105870e-12
2.441738220193362174e+00 2.724277112974558656e-12
2.448517568607291750e+00 2.718315931611309045e-12
2.455315739499625227e+00 2.712367794326081437e-12
2.462132785129911738e+00 2.706426988686707807e-12
2.468968757902796796e+00 2.700142982918741716e-12
2.475823710368423303e+00 2.693873567874496319e-12
2.482697695222838785e+00 2.687618709676035152e-12
2.489590765308395515e+00 2.681378374524081455e-12
2.496502973614161291e+00 2.675152528697804511e-12
2.503434373276325786e+00 2.668941138554701715e-12
2.510385017578605993e+00 2.662744170530384902e-12
2.517354959952660565e+00 2.656561591138365485e-12
2.524344253978496599e+00 2.650393366969938527e-12
2.531352953384883531e+00 2.639937855050205957e-12
2.538381112049765687e+00 2.629264566841424987e-12
2.545428784000676181e+00 2.618634430815552518e-12
2.552496023415153470e+00 2.608047272507994430e-12
2.559582884621155241e+00 2.597502918159519520e-12
2.566689422097479856e+00 2.587001194713404764e-12
2.573815690474181128e+00 2.576541929812587842e-12
2.580961744532990210e+00 2.566124951796877826e-12
2.588127639207738806e+00 2.554886478819528911e-12
2.595313429584776177e+00 2.535312610037448906e-12
2.602519170903398127e+00 2.515888703432671257e-12
2.609744918556268001e+00 2.496613610093079170e-12
2.616990728089844342e+00 2.477486189908808911e-12
2.624256655204807664e+00 2.458505311504733614e-12
2.631542755756486773e+00 2.439669852173620783e-12
2.638849085755290869e+00 2.420978697809648060e-12
2.646175701367138977e+00 2.402430742842581372e-12
2.653522658913890719e+00 2.382109450380582569e-12
2.660890014873781517e+00 2.359684742607071472e-12
2.668277825881853804e+00 2.337471136602476305e-12
2.675686148730394898e+00 2.315466645096448805e-12
2.683115040369373538e+00 2.293669299526409877e-12
2.690564557906875098e+00 2.272077149861441309e-12
2.698034758609543893e+00 2.250688264427819726e-12
2.705525699903020609e+00 2.229500729736245706e-12
2.713037439372385062e+00 2.208547488069333389e-12
2.720570034762600731e+00 2.189605653802880381e-12
2.728123543978953514e+00 2.170826276122638603e-12
2.735698025087502927e+00 2.152207961703000383e-12
2.743293536315523973e+00 2.133749329168394019e-12
2.750910136051957444e+00 2.115449008990721464e-12
2.758547882847856680e+00 2.097305643387817864e-12
2.766206835416839649e+00 2.079317886222642961e-12
2.773887052635538364e+00 2.061484402903471332e-12
2.781588593544053634e+00 2.045082101259307768e-12
2.789311517346407143e+00 2.029177707580923237e-12
2.797055883410997090e+00 2.013397000740402751e-12
2.804821751271055152e+00 1.997739018837898408e-12
2.812609180625103011e+00 1.982202807454158463e-12
2.820418231337412429e+00 1.966787419592360536e-12
2.828248963438464880e+00 1.951491915620354372e-12
2.836101437125413849e+00 1.936315363213436939e-12
2.843975712762544461e+00 1.923472879776127251e-12
2.851871850881742443e+00 1.911587833574424471e-12
2.859789912182955085e+00 1.899776224500267043e-12
2.867729957534661089e+00 1.888037598789191688e-12
2.875692047974336418e+00 1.876371505480523588e-12
2.883676244708923253e+00 1.864777496400029021e-12
2.891682609115303393e+00 1.853255126142745709e-12
2.899711202740766325e+00 1.841803952055845075e-12
2.907762087303484400e+00 1.831955365593940996e-12
2.915835324692988451e+00 1.822464024309035791e-12
2.923930976970639861e+00 1.813021857562483141e-12
2.932049106370111957e+00 1.803628610581530533e-12
2.940189775297864294e+00 1.794284029913376911e-12
2.948353046333626271e+00 1.784987863418380333e-12
2.956538982230875412e+00 1.775739860263224042e-12
2.964747645917320984e+00 1.766526177750414674e-12
2.972979100495388050e+00 1.757260360783305721e-12
2.981233409242700194e+00 1.748043145056960805e-12
2.989510635612569800e+00 1.738874275647212976e-12
2.997810843234483436e+00 1.729753498967028500e-12
3.006134095914589466e+00 1.720680562759515009e-12
3.014480457636192767e+00 1.711655216090894095e-12
3.022849992560243670e+00 1.702677209343617902e-12
3.031242765025830455e+00 1.695784368081891881e-12
3.039658839550677172e+00 1.690474774336961925e-12
3.048098280831635698e+00 1.685181805220886270e-12
3.056561153745187109e+00 1.679905408681034375e-12
3.065047523347936842e+00 1.674645532827776118e-12
3.073557454877116957e+00 1.669402125933929876e-12
3.082091013751087072e+00 1.664175136434281687e-12
3.090648265569836628e+00 1.659537212808843938e-12
3.099229276115490261e+00 1.657731107061359045e-12
3.107834111352813178e+00 1.655926966932931036e-12
3.116462837429716970e+00 1.654124790284339380e-12
3.125115520677771208e+00 1.652324574978692008e-12
3.133792227612708370e+00 1.650526318881422289e-12
3.142493024934940760e+00 1.648730019860286604e-12
3.151217979530069435e+00 1.646935675785361923e-12
3.159967158469399351e+00 1.616542982201884351e-12
3.168740629010456722e+00 1.578371893696659726e-12
3.177538458597501059e+00 1.541102131053924454e-12
3.186360714862051857e+00 1.504712411456172926e-12
3.195207465623399745e+00 1.342741259806322195e-12
3.204078778889132728e+00 1.193090183889179543e-12
3.212974722855660215e+00 1.059437449525115044e-12
3.221895365908731712e+00 9.329976923082212079e-13
3.230840776623967958e+00 8.832999792111634408e-13
3.239811023767386278e+00 8.470428321581005376e-13
3.248806176295928161e+00 8.105376375216886988e-13
3.257826303357989950e+00 7.719521587482626497e-13
3.266871474293954414e+00 7.425910531192647378e-13
3.275941758636726320e+00 7.339945972840867699e-13
3.285037226112261344e+00 7.254976565893322151e-13
3.294157946640106971e+00 7.170990790180084342e-13
3.303303990333939399e+00 7.087977258892156934e-13
3.312475427502099112e+00 7.004374823497885779e-13
3.321672328648134886e+00 6.872336345765429487e-13
3.330894764471346026e+00 6.742786906675370784e-13
3.340142805867322373e+00 6.615679585712880227e-13
3.349416523928491873e+00 6.490968346854996116e-13
3.358715989944666358e+00 6.368608021897333100e-13
3.368041275403592216e+00 6.248554294094932620e-13
3.377392451991493960e+00 6.130763682111512773e-13
3.386769591593630224e+00 5.994570198519226632e-13
3.396172766294846657e+00 5.708832054061701763e-13
3.405602048380126590e+00 5.436713949822960956e-13
3.415057510335147928e+00 5.199742628761209952e-13
3.424539224846843588e+00 4.975594901269755368e-13
3.434047264803955279e+00 4.786023234130227226e-13
3.443581703297597496e+00 4.622977241821665269e-13
3.453142613621816182e+00 4.465485755688148942e-13
3.462730069274157163e+00 4.313359549742507069e-13
3.472344143956225704e+00 4.205574505952228609e-13
3.481984911574255825e+00 4.112319002570323317e-13
3.491652446239678742e+00 4.021131370985427368e-13
3.501346822269691739e+00 3.944930003322801619e-13
3.511068114187827938e+00 3.916534497181370699e-13
3.520816396724534059e+00 3.888343381173170554e-13
3.530591744817738853e+00 3.860355184103236402e-13
3.540394233613432640e+00 3.832568445366179859e-13
3.550223938466244622e+00 3.804981714870028145e-13
3.560080934940023312e+00 3.777593552960519187e-13
3.569965298808413845e+00 3.758440841610919993e-13
3.579877106055442404e+00 3.741896594814645660e-13
3.589816432876102859e+00 3.725425173988923921e-13
3.599783355676938967e+00 3.709026258561773376e-13
3.609777951076631020e+00 3.692699529372349728e-13
3.619800295906590470e+00 3.676444668664674283e-13
3.629850467211544807e+00 3.661683280459096770e-13
3.639928542250130850e+00 3.648599650567622124e-13
3.650034598495490723e+00 3.635562770041966647e-13
3.660168713635867821e+00 3.622572471841055803e-13
3.670330965575200555e+00 3.609628589520717450e-13
3.680521432433722762e+00 3.596730957231504333e-13
3.690740192548567222e+00 3.584804606714779948e-13
3.700987324474363849e+00 3.575287246469265720e-13
3.711262906983843646e+00 3.565795154029386636e-13
3.721567019068448889e+00 3.556328262311220118e-13
3.731899739938934868e+00 3.546886504408900983e-13
3.742261149025981393e+00 3.537469813594238240e-13
3.752651325980801644e+00 3.528293164410709073e-13
3.763070350675760789e+00 3.520009023591038388e-13
3.773518303204979496e+00 3.511744333249509520e-13
3.783995263884957438e+00 3.503499047718034188e-13
3.794501313255190578e+00 3.495273121435708221e-13
3.805036532078784894e+00 3.487066508948600015e-13
3.815601001343081222e+00 3.479345217973195897e-13
3.826194802260280081e+00 3.473322453436097246e-13
3.836818016268059850e+00 3.467310114335495260e-13
3.847470725030207372e+00 3.461308182624919662e-13
3.858153010437242791e+00 3.455316640289139067e-13
3.868864954607054152e+00 3.449335469344063033e-13
3.879606639885522235e+00 3.444028383421122211e-13
3.890378148847156936e+00 3.440057619007283891e-13
3.901179564295731872e+00 3.436091432653880769e-13
3.912010969264921645e+00 3.432129819082660431e-13
3.922872447018938225e+00 3.428172773021458200e-13
3.933764081053170436e+00 3.424220289204227421e-13
3.944685955094831442e+00 3.422188444311321100e-13
3.955638153103595123e+00 3.421766235552522012e-13
3.966620759272243557e+00 3.421344078883253073e-13
3.977633858027319391e+00 3.420921974297101918e-13
3.988677534029767990e+00 3.420499921787656686e-13
3.999751872175591139e+00 3.420077921348464619e-13
4.010856957596499406e+00 3.414941253167276284e-13
4.021992875660568956e+00 3.408954548252504550e-13
4.033159711972894357e+00 3.402978338579987238e-13
4.044357552376244058e+00 3.397012605750602702e-13
4.055586482951732741e+00 3.391057331397486007e-13
4.066846590019465246e+00 3.383867933789392698e-13
4.078137960139215146e+00 3.372688282667070005e-13
4.089460680111082880e+00 3.361545566969434375e-13
4.100814836976163669e+00 3.350439664668920190e-13
4.112200518017218975e+00 3.339370454141119485e-13
4.123617810759341751e+00 3.328337814163447067e-13
4.135066802970640332e+00 3.315999012099895042e-13
4.146547582662901021e+00 3.303168190670447189e-13
4.158060238092270211e+00 3.290387016414582236e-13
4.169604857759935612e+00 3.277655297229100553e-13
4.181181530412801273e+00 3.264972841754122029e-13
4.192790345044170586e+00 3.254677501652533988e-13
4.204431390894435516e+00 3.250624068120298523e-13
4.216104757451756058e+00 3.246575682806619028e-13
4.227810534452751234e+00 3.242532339424380618e-13
4.239548811883190105e+00 3.238494031694257554e-13
4.251319679978682764e+00 3.234460753344759698e-13
4.263123229225370459e+00 3.266382709369384331e-13
4.274959550360624583e+00 3.302057443699332265e-13
4.286828734373748340e+00 3.338121809858342525e-13
4.298730872506665079e+00 3.374580063322062918e-13
4.310666056254629730e+00 3.412220006926122790e-13
4.322634377366930458e+00 3.459365062909137756e-13
4.334635927847587666e+00 3.507161500192048306e-13
4.346670799956068088e+00 3.555618318607159165e-13
4.358739086207990887e+00 3.604744642333256504e-13
4.370840879375842647e+00 3.654549721613701050e-13
4.382976272489683467e+00 3.690132541064056404e-13
4.395145358837866389e+00 3.706094744203182213e-13
4.407348231967758601e+00 3.722125994165482990e-13
4.419584985686451972e+00 3.738226589622999699e-13
4.431855714061488705e+00 3.754396830539722490e-13
4.444160511421587856e+00 3.766488644068403006e-13
4.456499472357362990e+00 3.768844897507495318e-13
4.468872691722054924e+00 3.771202624980042578e-13
4.481280264632257371e+00 3.773561827408175977e-13
4.493722286468653238e+00 3.775922505714618923e-13
4.506198852876742933e+00 3.773573090458157723e-13
4.518710059767578002e+00 3.756329493895528474e-13
4.531256003318508085e+00 3.739164693109550944e-13
4.543836779973907447e+00 3.722078328037597719e-13
4.556452486445926375e+00 3.705070040262418432e-13
4.569103219715231923e+00 3.684509453281229806e-13
4.581789077031747759e+00 3.653320295145467320e-13
4.594510155915411787e+00 3.622395151418571555e-13
4.607266554156915106e+00 3.591731787233918561e-13
4.620058369818464961e+00 3.561327986642915457e-13
4.632885701234529918e+00 3.529186742367654038e-13
4.645748647012595711e+00 3.493337071771584008e-13
4.658647306033933511e+00 3.457851564076394148e-13
4.671581777454345108e+00 3.422726520095559119e-13
4.684552160704937407e+00 3.387958278219092856e-13
4.697558555492880927e+00 3.353675392986735519e-13
4.710601061802177192e+00 3.319883251345439502e-13
4.723679779894428776e+00 3.286431604445851311e-13
4.736794810309605808e+00 3.253317021411323880e-13
4.749946253866827561e+00 3.220536105935285142e-13
4.763134211665126294e+00 3.190558966480975623e-13
4.776358785084231506e+00 3.161980277309083949e-13
4.789620075785352427e+00 3.133657575092269626e-13
4.802918185711948063e+00 3.105588566886951042e-13
4.816253217090520344e+00 3.077770980288106968e-13
4.829625272431400163e+00 3.052062831082439220e-13
4.843034454529528077e+00 3.026647286142092735e-13
4.856480866465252788e+00 3.001443384919586369e-13
4.869964611605114513e+00 2.976449364987094853e-13
4.883485793602653224e+00 2.952628066993026078e-13
4.897044516399188474e+00 2.931300614025393539e-13
4.910640884224631186e+00 2.910127213732124647e-13
4.924275001598283019e+00 2.889106753358357464e-13
4.937946973329632172e+00 2.868238128186939626e-13
4.951656904519166957e+00 2.032925204765824129e-13
4.965404900559184043e+00 1.275018904096727725e-13
4.979191067134591364e+00 1.024946595841087514e-13
4.993015510223727915e+00 7.442219250161298038e-14
5.006878336099172877e+00 7.393494201451160788e-14
5.020779651328568960e+00 7.345088161129786177e-14
5.034719562775435975e+00 7.296999040613276147e-14
5.048698177599991510e+00 7.249224764991899322e-14
5.062715603259984043e+00 7.201763272940679615e-14
5.076771947511506511e+00 7.154612516630281457e-14
5.090867318409832087e+00 7.107770461638767182e-14
5.105001824310245517e+00 7.087431382562582921e-14
5.119175573868871787e+00 7.081544404325877934e-14
5.133388676043511900e+00 7.075662315944282616e-14
5.147641240094487536e+00 7.069785113356229844e-14
5.161933375585469719e+00 7.063912792503416486e-14
5.176265192384329694e+00 7.058045349331019237e-14
5.190636800663979145e+00 7.052182779787471205e-14
5.205048310903221953e+00 7.046325079824687847e-14
5.219499833887596196e+00 7.040472245397825894e-14
5.233991480710230348e+00 7.034624272465523160e-14
5.248523362772700374e+00 7.028781156989654944e-14
5.263095591785877936e+00 7.022942894935567534e-14
5.277708279770793709e+00 7.017109482271844704e-14
5.292361539059504238e+00 7.011280914970531117e-14
5.307055482295943705e+00 7.005457189006902611e-14
5.321790222436797890e+00 6.999638300359695913e-14
5.336565872752368378e+00 6.988083065287860539e-14
5.351382546827450071e+00 6.974520136364697215e-14
5.366240358562196278e+00 6.960983531261595028e-14
5.381139422172995346e+00 6.947473198887531903e-14
5.396079852193357951e+00 6.933989088250673979e-14
5.411061763474783959e+00 6.920531148458161041e-14
5.426085271187655046e+00 6.907099328715902043e-14
5.441150490822116659e+00 6.893693578328397147e-14
5.456257538188966194e+00 6.880313846698535771e-14
5.471406529420542952e+00 6.866960083327409785e-14
5.486597580971618093e+00 6.853632237814124189e-14
5.501830809620299689e+00 6.840330259855576228e-14
5.517106332468918239e+00 6.827054099246377140e-14
5.532424266944932612e+00 6.813803705878500005e-14
5.547784730801835984e+00 6.800579029741195183e-14
5.563187842120053794e+00 6.787380020920778265e-14
5.578633719307855010e+00 6.774206629600443273e-14
5.594122481102266065e+00 6.761058806060067021e-14
5.609654246569976799e+00 6.747936500676031149e-14
5.625229135108260614e+00 6.729878550253866362e-14
5.640847266445887520e+00 6.711461854117850359e-14
5.656508760644054057e+00 6.693095556320233041e-14
5.672213738097294566e+00 6.674779518943063858e-14
5.687962319534412003e+00 6.656513604445893122e-14
5.703754626019410523e+00 6.638297675664575471e-14
5.719590778952416521e+00 6.620131595810352260e-14
5.735470900070619216e+00 6.602015228468792596e-14
5.751395111449205899e+00 6.583948437598745734e-14
5.767363535502297189e+00 6.565931087531428516e-14
5.783376294983887611e+00 6.547963042969237670e-14
5.799433512988793282e+00 6.530044168984851131e-14
5.815535312953597824e+00 6.512174331020177918e-14
5.831681818657596494e+00 6.494353394885331977e-14
5.847873154223750980e+00 6.476581226757722154e-14
5.864109444119647740e+00 6.458857693180889730e-14
5.880390813158443919e+00 6.441182661063616060e-14
5.896717386499837232e+00 6.423555997678893900e-14
5.913089289651025204e+00 6.411284291196142236e-14
5.929506648467666174e+00 6.403190735774450476e-14
5.945969589154850965e+00 6.395107397594171506e-14
5.962478238268069219e+00 6.387034263757137963e-14
5.979032722714191728e+00 6.378971321381465834e-14
5.995633169752431435e+00 6.370918557601535526e-14
6.012279706995331985e+00 6.362875959567966621e-14
6.028972462409749156e+00 6.354843514447597680e-14
6.045711564317826081e+00 6.346821209423498868e-14
6.062497141397987122e+00 6.338809031694838158e-14
6.079329322685928183e+00 6.330806968477021440e-14
6.096208237575602595e+00 6.322815007001571344e-14
6.113134015820217648e+00 6.314833134516125984e-14
6.130106787533232904e+00 6.306861338284421284e-14
6.147126683189365615e+00 6.298899605586275834e-14
6.164193833625584595e+00 6.290947923717560596e-14
6.181308370042118305e+00 6.283006279990212790e-14
6.198470424003470924e+00 6.275074661732110935e-14
6.215680127439423330e+00 6.267153056287203594e-14
6.232937612646052727e+00 6.259241451015397042e-14
6.250243012286751387e+00 6.251339833292547687e-14
6.267596459393241837e+00 6.243448190510451978e-14
6.284998087366601816e+00 6.235566510076822420e-14
6.302448029978289235e+00 6.227694779415268646e-14
6.319946421371173351e+00 6.219832985965273428e-14
6.337493396060560613e+00 6.211981117182181326e-14
6.355089088935232056e+00 6.204139160537193634e-14
6.372733635258483353e+00 6.196307103517253523e-14
6.390427170669157775e+00 6.188484933625177306e-14
6.408169831182688903e+00 6.180672638379530750e-14
6.425961753192158454e+00 6.172870205314637904e-14
6.443803073469328346e+00 6.165077621980558384e-14
6.461693929165702066e+00 6.157294875943068441e-14
6.479634457813574500e+00 6.149521954783640764e-14
6.497624797327097745e+00 6.141758846099452053e-14
6.515665086003326500e+00 6.131038472209897553e-14
6.533755462523292756e+00 6.113345590884128793e-14
6.551896065953071613e+00 6.095703767474711074e-14
6.570087035744843540e+00 6.078112854639336692e-14
6.588328511737968185e+00 6.060572705460798045e-14
6.606620634160068839e+00 6.043083173445961485e-14
6.624963543628095586e+00 6.025644112524338529e-14
6.643357381149417762e+00 6.008255377047071071e-14
6.661802288122898652e+00 5.990916821785512695e-14
6.680298406339995054e+00 5.973628301930213884e-14
6.698845877985834640e+00 5.956389673089517214e-14
6.717444845640311968e+00 5.939200791288548878e-14
6.736095452279195150e+00 5.922061512967815142e-14
6.754797841275207659e+00 5.904971694982205226e-14
6.773552156399142099e+00 5.887931194599595336e-14
6.792358541820966877e+00 5.870939869499852804e-14
6.811217142110923106e+00 5.853997577773457794e-14
6.830128102240647259e+00 5.837104177920504914e-14
6.849091567584278728e+00 5.820500149634850119e-14
6.868107683919586037e+00 5.804489797796106883e-14
6.887176597429074398e+00 5.788523485362812079e-14
6.906298454701117251e+00 5.772601091196513225e-14
6.925473402731089578e+00 5.756722494491949967e-14
6.944701588922481683e+00 5.740887574776226087e-14
6.963983161088044938e+00 5.725096211907761901e-14
6.983318267450928651e+00 5.709348286075468791e-14
7.002707056645808059e+00 5.693643677797824031e-14
7.022149677720038952e+00 5.677982267921956969e-14
7.041646280134795433e+00 5.662363937622750991e-14
7.061197013766227215e+00 5.646788568401939166e-14
7.080802028906600931e+00 5.631256042087184121e-14
7.100461476265463645e+00 5.615766240831269619e-14
7.120175506970801926e+00 5.600319047111073142e-14
7.139944272570195594e+00 5.584914343726761887e-14
7.159767925031989222e+00 5.569552013800884626e-14
7.179646616746462762e+00 5.553568615477451877e-14
7.199580500526994165e+00 5.537296352322823787e-14
7.219569729611241549e+00 5.521071767799069156e-14
7.239614457662315594e+00 5.504894722205207943e-14
7.259714838769971479e+00 5.488765076249524302e-14
7.279871027451778609e+00 5.472682691048434407e-14
7.300083178654316995e+00 5.456647428125359325e-14
7.320351447754370078e+00 5.440659149409373228e-14
7.340675990560114883e+00 5.424717717234196175e-14
7.361056963312316626e+00 5.408822994336828433e-14
7.381494522685542847e+00 5.392974843856547048e-14
7.401988825789352688e+00 5.377173129333550897e-14
7.422540030169510139e+00 5.361417714707960414e-14
7.443148293809203508e+00 5.345708464318472737e-14
7.463813775130245354e+00 5.330045242901367115e-14
7.484536632994299943e+00 5.314427915589164473e-14
7.505317026704099170e+00 5.298856347909643546e-14
7.526155116004678902e+00 5.283330405784528847e-14
7.547051061084587786e+00 5.267849955528400142e-14
7.568005022577132479e+00 5.252414863847609506e-14
7.589017161561613101e+00 5.237024997838980015e-14
7.610087639564551587e+00 5.220052272133804216e-14
7.631216618560939580e+00 5.202953358919243101e-14
7.652404260975488981e+00 5.185910455265098727e-14
7.673650729683868299e+00 5.168923377705276605e-14
7.694956188013964749e+00 5.151991943374644056e-14
7.716320799747132142e+00 5.135115970007068790e-14
7.737744729119460985e+00 5.118295275933449905e-14
7.759228140823028141e+00 5.101529680079768459e-14
7.780771200007168709e+00 5.084819001965134243e-14
7.802374072279750550e+00 5.068163061699843930e-14
7.824036923708438174e+00 5.051561679983444256e-14
7.845759920821971711e+00 5.035014678102803417e-14
7.867543230611457439e+00 5.018521877930185617e-14
7.889387020531633432e+00 5.002083101921333187e-14
7.911291458502172524e+00 4.985698173113558176e-14
7.933256712908961283e+00 4.969366915123833305e-14
7.955282952605409186e+00 4.953089152146896177e-14
7.977370346913730259e+00 4.936864708953356013e-14
7.999519065626251368e+00 4.920693410887806694e-14
8.021729279006725832e+00 4.904575083866946747e-14
8.044001157791626611e+00 4.888509554377706278e-14
8.066334873191470578e+00 4.873531882157489718e-14
8.088730596892132141e+00 4.859053263733799504e-14
8.111188501056160405e+00 4.844617659369855867e-14
8.133708758324102561e+00 4.830224941276558582e-14
8.156291541815830826e+00 4.815874982044471036e-14
8.178937025131883587e+00 4.801567654642654599e-14
8.201645382354783465e+00 4.787302832417621654e-14
8.224416788050383786e+00 4.773080389092094872e-14
8.247251417269216844e+00 4.758900198763972230e-14
8.270149445547822609e+00 4.744762135905168331e-14
8.293111048910116523e+00 4.730666075360585096e-14
8.316136403868732430e+00 4.716611892346884300e-14
8.339225687426381484e+00 4.702599462451462682e-14
8.362379077077209288e+00 4.688628661631309674e-14
8.385596750808165467e+00 4.674699366211990718e-14
8.408878887100378563e+00 4.660811452886430529e-14
8.432225664930507847e+00 4.646964798713885676e-14
8.455637263772135981e+00 4.633159281118908972e-14
8.479113863597149248e+00 4.586016889390583265e-14
8.502655644877108898e+00 4.528954256370105359e-14
8.526262788584642038e+00 4.472601639070407575e-14
8.549935476194848505e+00 4.416950202947812038e-14
8.573673889686673988e+00 4.361991223384605627e-14
8.597478211544320459e+00 4.307716084321239099e-14
8.621348624758644164e+00 4.254116276905654593e-14
8.645285312828573154e+00 4.201183398159138194e-14
8.669288459762503507e+00 4.148909149659208103e-14
8.693358250079718630e+00 4.097285336238458626e-14
8.717494868811817454e+00 4.046303864699868000e-14
8.741698501504121310e+00 3.995956742547993260e-14
8.765969334217107445e+00 3.594250941865344803e-14
8.790307553527847872e+00 2.550449050978849329e-14
8.814713346531425131e+00 2.062420295155221676e-14
8.839186900842387118e+00 1.833477247845474601e-14
8.863728404596178834e+00 1.698739400284329865e-14
8.888338046450595442e+00 1.573903114134286399e-14
8.913016015587231777e+00 1.458240747384191343e-14
8.937762501712928298e+00 1.131494218257784875e-14
8.962577695061241911e+00 1.053215613953153519e-14
8.987461786393900809e+00 1.049033341140124060e-14
9.012414967002268185e+00 1.044867675948222543e-14
9.037437428708825493e+00 1.040718552429317059e-14
9.062529363868629062e+00 1.036585904897148330e-14
9.087690965370804008e+00 1.032469667926307348e-14
9.112922426640016837e+00 1.028369776351173724e-14
9.138223941637972914e+00 1.024286165264900897e-14
9.163595704864897940e+00 1.020218770018380681e-14
9.189037911361031874e+00 1.016167526219235721e-14
9.214550756708144164e+00 1.012132369730776158e-14
9.240134437031015224e+00 1.008113236670999343e-14
9.265789148998958780e+00 1.004111205623218181e-14
9.291515089827333540e+00 1.000129303417110746e-14
9.317312457279047777e+00 9.961631918376693633e-15
9.343181449666094096e+00 9.922128082655991048e-15
9.369122265851062892e+00 9.882780903299412969e-15
9.395135105248678897e+00 9.843589759070582541e-15
9.421220167827327074e+00 9.804554031196863317e-15
9.447377654110594491e+00 9.765673103359302849e-15
9.473607765178813978e+00 9.726946361683021215e-15
9.499910702670604223e+00 9.688373194727640554e-15
9.526286668784415212e+00 9.649952993477388015e-15
9.552735866280102073e+00 9.611685151331605768e-15
9.579258498480465178e+00 9.573569064095289398e-15
9.605854769272816895e+00 9.537050374425407680e-15
9.632524883110550107e+00 9.512006985986318579e-15
9.659269045014722721e+00 9.487029359106570034e-15
9.686087460575606656e+00 9.462117321102632403e-15
9.712980335954291888e+00 9.437270699744307585e-15
9.739947877884265637e+00 9.412489323253660902e-15
9.766990293672991541e+00 9.387773020303941940e-15
9.794107791203511937e+00 9.363121620018175637e-15
9.821300578936053682e+00 9.338534951968130459e-15
9.848568865909612668e+00 9.314012846173067265e-15
9.875912861743570303e+00 9.289555133098710632e-15
9.903332776639304669e+00 9.265161643655854147e-15
9.930828821381812332e+00 9.240832209199304915e-15
9.958401207341315953e+00 9.216566661526829638e-15
9.986050146474894973e+00 9.192364832877759909e-15
1.001377585132812342e+01 9.168226555931996672e-15
1.004157853503668463e+01 9.144151663808762240e-15
1.006945841132803210e+01 9.120139990065609489e-15
1.009741569452302024e+01 9.093994177343647494e-15
1.012545059953754212e+01 9.057899306236873996e-15
1.015356334188420995e+01 9.021947698881408076e-15
1.018175413767397330e+01 8.986138786650688228e-15
1.021002320361781912e+01 8.950472003175080840e-15
1.023837075702842192e+01 8.914946784332928199e-15
1.026679701582179050e+01 8.879562568241618589e-15
1.029530219851898920e+01 8.844318795248700560e-15
1.032388652424778819e+01 8.809214907923036643e-15
1.035255021274433851e+01 8.774250351045979147e-15
1.038129348435489341e+01 8.739424571602598035e-15
1.041011656003748342e+01 8.704737018772886693e-15
1.043901966136360215e+01 8.670187143923202795e-15
1.046800301051994175e+01 8.635774400597373107e-15
1.049706683031007692e+01 8.601498244508192718e-15
1.052621134415617377e+01 8.567358133528777552e-15
1.055543677610073239e+01 8.533353527683997335e-15
1.058474335080829221e+01 8.499483889141930654e-15
1.061413129356714613e+01 8.465345568277371736e-15
1.064360083029110449e+01 8.430068224217650017e-15
1.067315218752121275e+01 8.394937890223123272e-15
1.070278559242747818e+01 8.359953953663762485e-15
1.073250127281065325e+01 8.325115804462623851e-15
1.076229945710396052e+01 8.290422835084989317e-15
1.079218037437484234e+01 8.255874440528026191e-15
1.082214425432675498e+01 8.221470018310016039e-15
1.085219132730088809e+01 8.187208968459936987e-15
1.088232182427798378e+01 8.153090693507107551e-15
1.091253597688008092e+01 8.119114598470530708e-15
1.094283401737229688e+01 8.085280090848788589e-15
1.097321617866462695e+01 8.051586580609473315e-15
1.100368269431373491e+01 8.018033480178998075e-15
1.103423379852472053e+01 7.984620204432452373e-15
1.106486972615295983e+01 7.951346170683196949e-15
1.109559071270589214e+01 7.918210798672801077e-15
1.112639699434481244e+01 7.885213510561025601e-15
1.115728880788671695e+01 7.852762525301324126e-15
1.118826639080611862e+01 7.821402376886555346e-15
1.121932998123684122e+01 7.790167465788677686e-15
1.125047981797389340e+01 7.759057291870148603e-15
1.128171614047528593e+01 7.728071356990830833e-15
1.131303918886385240e+01 7.697209164999884478e-15
1.134444920392913225e+01 7.666470221727892599e-15
1.137594642712920212e+01 7.635854034978814828e-15
1.140753110059251618e+01 7.605360114522299136e-15
1.143920346711980862e+01 7.574987972085708025e-15
1.147096377018591262e+01 7.544737121346327736e-15
1.150281225394167350e+01 7.514607077923613750e-15
1.153474916321580679e+01 7.484597359371311641e-15
1.156677474351676338e+01 7.454707485169918724e-15
1.159888924103465335e+01 7.424936976718864865e-15
1.163109290264311824e+01 7.395285357328906285e-15
1.166338597590121395e+01 7.365752152214378942e-15
1.169576870905534705e+01 7.336336888485773779e-15
1.172824135104116650e+01 7.305880010503325899e-15
1.176080415148545910e+01 7.273482998897372295e-15
1.179345736070810347e+01 7.241229647789498535e-15
1.182620122972398136e+01 7.209119320135124783e-15
1.185903601024487841e+01 7.177151381714684658e-15
1.189196195468146655e+01 7.145325201120888284e-15
1.192497931614522244e+01 7.113640149746349796e-15
1.195808834845034951e+01 7.082095601771243243e-15
1.199128930611577459e+01 7.050690934150751814e-15
1.202458244436708235e+01 7.019425526602987222e-15
1.205796801913845329e+01 6.988298761596506763e-15
1.209144628707468350e+01 6.957310024338322640e-15
1.212501750553310487e+01 6.926458702761668299e-15
1.215868193258560481e+01 6.895744187513853132e-15
1.219243982702059093e+01 6.865165871944285201e-15
1.222629144834496628e+01 6.834723152092574425e-15
1.226023705678616160e+01 6.804415426676405422e-15
1.229427691329409456e+01 6.774242097079883669e-15
1.232841127954321081e+01 6.744202567341492746e-15
1.236264041793448243e+01 6.714749194737366756e-15
1.239696459159739916e+01 6.687413883639231924e-15
1.243138406439204147e+01 6.660189852830350773e-15
1.246589910091107534e+01 6.633076649295865033e-15
1.250050996648177914e+01 6.606073821865086267e-15
1.253521692716811486e+01 6.579180921204011165e-15
1.257002024977275489e+01 6.552397499807847872e-15
1.260492020183911777e+01 6.525723111993565198e-15
1.263991705165345714e+01 6.499157313892482058e-15
1.267501106824691171e+01 6.472699663442874267e-15
1.271020252139754803e+01 6.446349720382626302e-15
1.274549168163247792e+01 6.420107046241898841e-15
1.278087882022991373e+01 6.393971204335835741e-15
1.281636420922123776e+01 6.367941759757296264e-15
1.285194812139313392e+01 6.342018279369619644e-15
1.288763083028966072e+01 6.316200331799416478e-15
1.292341261021433674e+01 6.290487487429388513e-15
1.295929373623229530e+01 6.264842347742767432e-15
1.299527448417234687e+01 6.239261158224320771e-15
1.303135513062914441e+01 6.213784424208639746e-15
1.306753595296529014e+01 6.188411719173282052e-15
1.310381722931344939e+01 6.163142618337347569e-15
1.314019923857852490e+01 6.137976698654515094e-15
1.317668226043978486e+01 6.112913538805862121e-15
1.321326657535298743e+01 6.087952719192858185e-15
1.324995246455258879e+01 6.063093821930243812e-15
1.328674021005386585e+01 6.038336430839181625e-15
1.332363009465508519e+01 6.013680131440188158e-15
1.336062240193969863e+01 5.989124510946248672e-15
1.339771741627851576e+01 5.964669158255803396e-15
1.343491542283186568e+01 5.940313663946014594e-15
1.347221670755182821e+01 5.916057620265813553e-15
1.350962155718441338e+01 5.891900621129099807e-15
1.354713025927174463e+01 5.867842262107964823e-15
1.358474310215430769e+01 5.843882140425826546e-15
1.362246037497315676e+01 5.820203420474771563e-15
1.366028236767210124e+01 5.796779498261708301e-15
1.369820937099999369e+01 5.773449847690407749e-15
1.373624167651291117e+01 5.750214089356329796e-15
1.377437957657643253e+01 5.727071845381881112e-15
1.381262336436787841e+01 5.704022739410270704e-15
1.385097333387853702e+01 5.681066396599387573e-15
1.388942977991596983e+01 5.658202443615706759e-15
1.392799299810625335e+01 5.635430508628215904e-15
1.396666328489623154e+01 5.612750221302370997e-15
1.400544093755583752e+01 5.590161212794070268e-15
1.404432625418036018e+01 5.567663115743659633e-15
1.408331953369270728e+01 5.545255564269954703e-15
1.412242107584575379e+01 5.522938193964291991e-15
1.416163118122462272e+01 5.500710641884604561e-15
1.420095015124896953e+01 5.478572546549516615e-15
1.424037828817534823e+01 5.456523547932465694e-15
1.427991589509950998e+01 5.434563287455848539e-15
1.431956327595871592e+01 5.421186217832212531e-15
1.435932073553410859e+01 5.413621063515149604e-15
1.439918857945304076e+01 5.406066466215968096e-15
1.443916711419140064e+01 5.398522411202565960e-15
1.447925664707601712e+01 5.390988883763398868e-15
1.451945748628696897e+01 5.383465869207453384e-15
1.455976994085999721e+01 5.375953352864216199e-15
1.460019432068886580e+01 5.368451320083646526e-15
1.464073093652771718e+01 5.360959756236146903e-15
1.468138009999350757e+01 5.353478646712535593e-15
1.472214212356838559e+01 5.346007976924018968e-15
1.476301732060205829e+01 5.338547732302159953e-15
1.480400600531425681e+01 5.331097898298851211e-15
1.484510849279712730e+01 5.323658460386288316e-15
1.488632509901762546e+01 5.316229404056940568e-15
1.492765614081999637e+01 5.308810714823520225e-15
1.496910193592818494e+01 5.301402378218957265e-15
1.501066280294825361e+01 5.294004379796370190e-15
1.505233906137088518e+01 5.296144324641902233e-15
1.509413103157380220e+01 5.303047239621263700e-15
1.513603903482422197e+01 5.309959151756346899e-15
1.517806339328136289e+01 5.316880072773909185e-15
1.522020442999889767e+01 5.323810014416014970e-15
1.526246246892741887e+01 5.330748988439966304e-15
1.530483783491697203e+01 5.337697006618456700e-15
1.534733085371953365e+01 5.344654080739500930e-15
1.538994185199148035e+01 5.351620222606500498e-15
1.543267115729617345e+01 5.358595444038175006e-15
1.547551909810639792e+01 5.365579756868715199e-15
1.551848600380694698e+01 5.372573172947714331e-15
1.556157220469713920e+01 5.379575704140231273e-15
1.560477803199331959e+01 5.386587362326723460e-15
1.564810381783146376e+01 5.393608159403199934e-15
1.569154989526970390e+01 5.400638107281153495e-15
1.573511659829086717e+01 5.407677217887623029e-15
1.577880426180508522e+01 5.414725503165127235e-15
1.582261322165235207e+01 5.445641068730216038e-15
1.586654381460507501e+01 5.489526512689280981e-15
1.591059637837071961e+01 5.533765621564387682e-15
1.595477125159437470e+01 5.578361245477659973e-15
1.599906877386133353e+01 5.623316257519757334e-15
1.604348928569975286e+01 5.668633553935127832e-15
1.608803312858324830e+01 5.714316054308532704e-15
1.613270064493348954e+01 5.760366701753075300e-15
1.617749217812289331e+01 5.806788463099971037e-15
1.622240807247721861e+01 5.853584329089503016e-15
1.626744867327821353e+01 5.900757314563863015e-15
1.631261432676630463e+01 5.955888618325025922e-15
1.635790538014320816e+01 6.028085012415161374e-15
1.640332218157464794e+01 6.101156560433390470e-15
1.644886508019300919e+01 6.175113870865186714e-15
1.649453442610000309e+01 6.249967680790501434e-15
1.654033057036940235e+01 6.325728857442568708e-15
1.658625386504971289e+01 6.402408399785605878e-15
1.663230466316686318e+01 6.480017440111632888e-15
1.667848331872695766e+01 6.558567245656656592e-15
1.672479018671898032e+01 6.638069220236437734e-15
1.677122562311750542e+01 6.718534905902091475e-15
1.681778998488546151e+01 6.834597440954076712e-15
1.686448362997687411e+01 6.955284448615028931e-15
1.691130691733958002e+01 7.078102577229890385e-15
1.695826020691804104e+01 7.203089458658229014e-15
1.700534385965608308e+01 7.330283389272267776e-15
1.705255823749964605e+01 7.459723341690967374e-15
1.709990370339961885e+01 7.591448976721396372e-15
1.714738062131460694e+01 7.725500655511041930e-15
1.719498935621368929e+01 7.886414409677971485e-15
1.724273027407931025e+01 8.064345337994246435e-15
1.729060374190999738e+01 8.246290690814087108e-15
1.733861012772326049e+01 8.432341040385093378e-15
1.738674980055839114e+01 8.622589002418918646e-15
1.743502313047926222e+01 8.817129282195155243e-15
1.748343048857724469e+01 9.016058721705760494e-15
1.753197224697402135e+01 9.219476347862812064e-15
1.758064877882441834e+01 9.437754561086012916e-15
1.762946045831933617e+01 9.669726634687873833e-15
1.767840766068859182e+01 9.907400386859951740e-15
1.772749076220378583e+01 1.015091596006847039e-14
1.777671014018124040e+01 1.040041694136382933e-14
1.782606617298486995e+01 1.065605044704542875e-14
1.787555924002906949e+01 1.091796720940750778e-14
1.792518972178169179e+01 1.118632166561752150e-14
1.797495799976692865e+01 1.149317047469641917e-14
1.802486445656823122e+01 1.183861699874045540e-14
1.807490947583128715e+01 1.219444649772055547e-14
1.812509344226697294e+01 1.256097104937090480e-14
1.817541674165425292e+01 1.293851211144564687e-14
1.822587976084322037e+01 1.341465202759910814e-14
1.827648288775801078e+01 1.391123687025967150e-14
1.832722651139982517e+01 1.442620433704293598e-14
1.837811102184990730e+01 1.496318566700151374e-14
1.842913681027252082e+01 1.575577233228612483e-14
1.848030426891799038e+01 1.659034160982764830e-14
1.853161379112570373e+01 1.746911728133897607e-14
1.858306577132711368e+01 1.807326150317132997e-14
1.863466060504881128e+01 1.863657186553106539e-14
1.868639868891554201e+01 1.934723588554481174e-14
1.873828042065323629e+01 2.032447952424428956e-14
1.879030619909211453e+01 2.135108448437635952e-14
1.884247642416971757e+01 2.268893706999368239e-14
1.889479149693397986e+01 2.502836722242978209e-14
1.894725181954633442e+01 2.838324413810791489e-14
1.899985779528480379e+01 3.037724658267555681e-14
1.905260982854705176e+01 3.184578686944316606e-14
1.910550832485356310e+01 3.348135904738625727e-14
1.915855369085073079e+01 3.681713189156064299e-14
1.921174633431394341e+01 4.048525027918086858e-14
1.926508666415079674e+01 4.451882604531863826e-14
1.931857509040415621e+01 4.895426998193695665e-14
1.937221202425537214e+01 5.383162051543762727e-14
1.942599787802742739e+01 5.919490513059173737e-14
1.947993306518806023e+01 6.509253780340514733e-14
1.953401800035300440e+01 7.157775603052799216e-14
