# Combination of all XENON/XENON1T/XENONnT/ Dark photon dark matter limits  
#  Mass [eV] 	 kinetic mixing
1.000000000000000000e+01 1.000000000000000000e+00
1.010008165892056020e+01 1.000000000000000000e+00
1.020116495168634430e+01 1.000000000000000000e+00
1.030325990281504822e+01 1.000000000000000000e+00
1.040637663715138572e+01 1.000000000000000000e+00
1.051052538087121313e+01 1.000000000000000000e+00
1.061571646249563727e+01 1.000000000000000000e+00
1.072196031391531790e+01 1.000000000000000000e+00
1.082926747142502322e+01 1.000000000000000000e+00
1.093764857676848479e+01 1.000000000000000000e+00
1.104711437819379505e+01 1.000000000000000000e+00
1.115767573151926939e+01 1.000000000000000000e+00
1.126934360121008183e+01 1.000000000000000000e+00
1.138212906146557302e+01 1.000000000000000000e+00
1.149604329731750596e+01 1.000000000000000000e+00
1.161109760573931737e+01 1.000000000000000000e+00
1.172730339676640554e+01 3.509890766479517724e-14
1.184467219462771581e+01 2.817609278350327386e-14
1.196321563888857398e+01 2.108184661363534618e-14
1.208294548560500381e+01 1.787093193516219051e-14
1.220387360848960689e+01 1.308654787236759326e-14
1.232601200008904918e+01 1.048744821431206988e-14
1.244937277297341360e+01 8.625051319922528889e-15
1.257396816093737613e+01 7.620877262268680142e-15
1.269981052021346279e+01 6.973259858808637077e-15
1.282691233069743753e+01 6.537713107314541286e-15
1.295528619718590946e+01 6.129370414837062720e-15
1.308494485062640855e+01 5.667793581202184469e-15
1.321590114937987614e+01 5.224201613019036628e-15
1.334816808049588310e+01 4.877625259778414893e-15
1.348175876100053294e+01 4.581649179015654590e-15
1.361668643919729860e+01 4.325066972234957766e-15
1.375296449598089410e+01 4.189609242829537563e-15
1.389060644616422202e+01 4.058393944020807610e-15
1.402962593981869510e+01 3.931288206186258615e-15
1.417003676362788589e+01 3.808163321076548352e-15
1.431185284225480636e+01 3.696806446571480404e-15
1.445508823972278556e+01 3.601918289127276353e-15
1.459975716081023123e+01 3.509465683166016919e-15
1.474587395245935362e+01 3.419386113921020156e-15
1.489345310519891541e+01 3.331618671229714374e-15
1.504250925458129373e+01 3.246104008347409077e-15
1.519305718263393246e+01 3.177113387027719478e-15
1.534511181932521851e+01 3.125718092966159390e-15
1.549868824404517476e+01 3.075154206515804036e-15
1.565380168710082920e+01 3.025408278223209439e-15
1.581046753122667958e+01 2.976467076203011461e-15
1.596870131311016117e+01 2.928317582618472575e-15
1.612851872493245153e+01 2.891878419526382364e-15
1.628993561592470840e+01 2.878112634544576854e-15
1.645296799393978660e+01 2.864412376811376398e-15
1.661763202703982500e+01 2.850777334407046622e-15
1.678394404509957383e+01 2.837207196896604947e-15
1.695192054142591687e+01 2.823701655322797750e-15
1.712157817439345919e+01 2.810260402199044003e-15
1.729293376909658519e+01 2.796883131502480681e-15
1.746600431901804029e+01 2.783569538666926115e-15
1.764080698771413225e+01 2.773707609880562414e-15
1.781735911051691446e+01 2.788493016190896299e-15
1.799567819625329435e+01 2.803357236951251359e-15
1.817578192898145417e+01 2.818300692286518004e-15
1.835768816974453443e+01 2.833323804561118974e-15
1.854141495834196007e+01 2.848426998390904569e-15
1.872698051511849826e+01 2.863610700655163058e-15
1.891440324277110463e+01 2.878875340508698930e-15
1.910370172817398782e+01 2.894221349393916268e-15
1.929489474422191009e+01 2.909649161053081593e-15
1.948800125169183417e+01 2.936717986115484513e-15
1.968304040112336040e+01 2.968072398075093100e-15
1.988003153471783335e+01 2.999761571204817962e-15
2.007899418825659410e+01 3.031789079644118492e-15
2.027994809303829626e+01 3.064158535692413928e-15
2.048291317783569809e+01 3.096873590216506736e-15
2.068790957087205840e+01 3.129937933062351439e-15
2.089495760181718964e+01 3.163355293471225285e-15
2.110407780380365139e+01 3.197129440500338233e-15
2.131529091546296328e+01 3.231282538692543766e-15
2.152861788298235268e+01 3.295288514423883659e-15
2.174407986218192335e+01 3.360562335006395981e-15
2.196169822061274246e+01 3.427129114197765436e-15
2.218149453967590645e+01 3.495014463214712667e-15
2.240349061676272058e+01 3.564244500586735502e-15
2.262770846741639019e+01 3.634845862205031342e-15
2.285417032751537292e+01 3.706845711570599834e-15
2.308289865547843789e+01 3.812146953262544097e-15
2.331391613449198275e+01 3.921817454771597118e-15
2.354724567475944852e+01 4.034643033734039833e-15
2.378291041577343989e+01 4.150714457617878241e-15
2.402093372861040876e+01 4.270125105152923765e-15
2.426133921824841266e+01 4.393121682859722125e-15
2.450415072590808663e+01 4.519714375436618176e-15
2.474939233141690664e+01 4.649954977397949844e-15
2.499708835559730602e+01 4.783948607314216766e-15
2.524726336267849192e+01 4.921803412864509158e-15
2.549994216273260861e+01 5.063630658123780011e-15
2.575514981413506987e+01 5.199717901411532875e-15
2.601291162604967511e+01 5.339388592029530485e-15
2.627325316093857310e+01 5.482811005757839996e-15
2.653620023709723341e+01 5.630085918401542081e-15
2.680177893121490484e+01 5.781316812725316837e-15
2.707001558096069971e+01 5.936609951165689555e-15
2.734093678759549562e+01 6.107485181810363449e-15
2.761456941860996750e+01 6.289798508250257643e-15
2.789094061038910155e+01 6.477554033567124663e-15
2.817007777090335452e+01 6.670914211758130546e-15
2.845200858242667508e+01 6.870046346202423155e-15
2.873676100428178870e+01 7.074712271398650900e-15
2.902436327561300899e+01 7.285097895386453071e-15
2.931484391818662516e+01 7.501739902543287868e-15
2.960823173921956908e+01 7.724824343273305723e-15
2.990455583423609909e+01 7.954542800690432724e-15
3.020384558995338509e+01 8.198652206226122966e-15
3.050613068719568588e+01 8.461331930540851933e-15
3.081144110383786483e+01 8.732427750066129611e-15
3.111980711777838593e+01 9.012209311265142668e-15
3.143125930994189687e+01 9.300954899906124471e-15
3.174582856731201019e+01 9.591819890933205638e-15
3.206354608599442457e+01 9.888410399915861684e-15
3.238444337431064213e+01 1.019417184111155413e-14
3.270855225592263338e+01 1.050938779068024321e-14
3.303590487298887268e+01 1.083435059329508198e-14
3.336653368935193242e+01 1.116864328720442623e-14
3.370047149375783846e+01 1.151277578484930790e-14
3.403775140310785474e+01 1.186751182429325942e-14
3.437840686574270421e+01 1.223317812591139000e-14
3.472247166475965230e+01 1.261011147711150518e-14
3.506997992136277986e+01 1.301723180542794598e-14
3.542096609824683640e+01 1.356249500076652343e-14
3.577546500301498611e+01 1.413059807148226180e-14
3.613351179163060323e+01 1.472249772969450506e-14
3.649514197190378439e+01 1.516313230465786975e-14
3.686039140701273453e+01 1.558267348124558909e-14
3.722929631906023218e+01 1.601382273427260700e-14
3.760189329266587777e+01 1.645690124184060441e-14
3.797821927859424562e+01 1.691223906856838454e-14
3.835831159741930207e+01 1.738017541146901281e-14
3.874220794322545203e+01 1.679237622160829966e-14
3.912994638734576114e+01 1.489576811780525309e-14
3.952156538213757386e+01 1.321337164503872447e-14
3.991710376479574762e+01 9.936948113277751992e-15
4.031660076120421365e+01 8.369503749694907389e-15
4.072009598982612033e+01 6.550870032512569199e-15
4.112762946563274369e+01 5.377975256257930163e-15
4.153924160407180466e+01 4.830978139826871656e-15
4.195497322507552695e+01 4.527767418564692315e-15
4.237486555710885483e+01 4.503195175329088678e-15
4.279896024125797283e+01 4.569353530231214483e-15
4.322729933535996594e+01 4.636483845653116929e-15
4.365992531817379074e+01 4.704600401080051448e-15
4.409688109359287012e+01 4.773717685783260206e-15
4.453820999489979471e+01 4.831338550849289618e-15
4.498395578906395542e+01 4.882228443613527201e-15
4.543416268108182265e+01 4.933654374404989052e-15
4.588887531836075340e+01 4.985621989467929473e-15
4.634813879514675961e+01 5.038136994520213227e-15
4.681199865699662155e+01 5.091205155379608777e-15
4.728050090529454508e+01 5.179856646732150340e-15
4.775369200181421547e+01 5.274940144194142746e-15
4.823161887332649655e+01 5.371769031945110403e-15
4.871432891625316586e+01 5.470375349059619037e-15
4.920187000136721167e+01 5.570791722734092138e-15
4.969429047854024617e+01 5.678669737587184990e-15
5.019163918153749648e+01 5.795580386216464661e-15
5.069396543286053713e+01 5.914897954141048314e-15
5.120131904863873729e+01 6.036671994250739095e-15
5.171375034356957201e+01 6.160953079614567584e-15
5.223131013590841576e+01 6.216367168622245942e-15
5.275404975250798145e+01 6.098154486629704472e-15
5.328202103390883337e+01 5.982189779669012429e-15
5.381527633948021361e+01 5.868430299435491661e-15
5.435386855261256756e+01 5.756834110541704628e-15
5.489785108596208829e+01 5.647360075058676571e-15
5.544727788674778424e+01 5.539226634034374788e-15
5.600220344210129042e+01 5.411630409993801786e-15
5.656268278447048203e+01 5.286973368164986655e-15
5.712877149707717450e+01 5.165187804412114252e-15
5.770052571942927955e+01 5.046207574165914539e-15
5.827800215288817753e+01 4.929968056498887265e-15
5.886125806629184609e+01 4.816406119028289431e-15
5.945035130163442005e+01 4.672429212509129312e-15
6.004534027980218269e+01 4.514280516934568137e-15
6.064628400636736671e+01 4.361484713565409076e-15
6.125324207743980054e+01 4.213860621931851815e-15
6.186627468557708198e+01 4.060933721170243226e-15
6.248544262575384778e+01 3.802901271401453302e-15
6.311080730139090633e+01 3.561264249311452061e-15
6.374243073044480923e+01 3.368497148522156193e-15
6.438037555155798941e+01 3.256218613337876521e-15
6.502470503027080895e+01 3.147682539229646401e-15
6.567548306529573665e+01 3.042764182720159444e-15
6.633277419485416715e+01 2.951148443002840575e-15
6.699664360307653510e+01 2.926799438466891284e-15
6.766715712646703196e+01 1.032518829206563185e-15
6.834438126043254158e+01 6.073726793212405665e-16
6.902838316587687473e+01 6.352837528834762862e-16
6.971923067586133982e+01 6.644774459212298603e-16
7.041699230233187734e+01 6.950126996542098568e-16
7.112173724291325527e+01 7.269511638742588028e-16
7.183353538777150504e+01 7.603573214145027254e-16
7.255245732654516644e+01 7.952986183383311398e-16
7.327857435534554043e+01 8.318456001110216226e-16
7.401195848382720044e+01 8.700720540290138709e-16
7.475268244232927373e+01 9.100551581942986939e-16
7.550081968908828856e+01 9.518756373347815581e-16
7.625644441752288571e+01 9.956179257851597409e-16
7.701963156359177276e+01 1.041370337957411073e-15
7.779045681322519101e+01 1.089225246645004565e-15
7.856899660983080480e+01 1.139279269520927316e-15
7.935532816187433980e+01 1.191633464205913449e-15
8.014952945053688893e+01 1.246393532300907166e-15
8.095167923744809002e+01 1.303670032795500526e-15
8.176185707249696577e+01 1.363578605283319608e-15
8.258014330172105133e+01 1.426240203435021489e-15
8.340661907527443475e+01 1.491781339200264559e-15
8.424136635547530716e+01 1.560334338231633841e-15
8.508446792493433009e+01 1.632037607046317442e-15
8.593600739476434569e+01 1.707035912464839850e-15
8.679606921287209786e+01 1.785480673891102023e-15
8.766473867233290207e+01 1.867530269023726005e-15
8.854210191984930134e+01 1.953350353616054785e-15
8.942824596429447581e+01 2.024545432272508062e-15
9.032325868534073265e+01 2.024796279689444360e-15
9.122722884217466799e+01 2.025047158187156381e-15
9.214024608229965452e+01 2.025298067769487850e-15
9.306240095042618066e+01 2.025549008440280912e-15
9.399378489745107856e+01 2.025799980203404931e-15
9.493449028952694846e+01 2.026050983062694955e-15
9.588461041722230505e+01 2.032476418673936354e-15
9.684423950477302867e+01 2.045871044368475884e-15
9.781347271942675548e+01 2.059353944640683625e-15
9.879240618088087444e+01 2.072925701246367814e-15
9.978113697081451505e+01 2.086586899775246445e-15
1.007797631425163303e+02 2.100338129676281923e-15
1.017883837306087003e+02 2.114179984283048079e-15
1.028070987608688398e+02 2.128113060839388653e-15
1.038360092601486571e+02 2.142137960525163350e-15
1.048752172663932356e+02 2.178089269856045498e-15
1.059248258387607677e+02 2.233287775871689776e-15
1.069849390678421628e+02 2.289885157088881890e-15
1.080556620859845793e+02 2.347916864681398675e-15
1.091371010777170056e+02 2.407419248248952942e-15
1.102293632902808298e+02 2.468429578585610889e-15
1.113325570442657266e+02 2.539428306077542422e-15
1.124467917443514722e+02 2.618865976463165233e-15
1.135721778901584713e+02 2.694951893633308928e-15
1.147088270872052220e+02 2.773248335069929910e-15
1.158568520579770791e+02 2.853819523137868572e-15
1.170163666531046402e+02 2.936731546054452242e-15
1.181874858626545119e+02 3.022052412098075200e-15
1.193703258275330370e+02 3.109852105391758435e-15
1.205650038510037092e+02 3.200202643307329848e-15
1.217716384103209890e+02 3.293178135537442593e-15
1.229903491684788719e+02 3.388854844883747688e-15
1.242212569860788420e+02 3.487311249811216545e-15
1.254644839333151793e+02 3.588628108819767493e-15
1.267201533020809308e+02 3.692888526686153315e-15
1.279883896181949865e+02 3.800178022630303369e-15
1.292693186537510428e+02 3.910584600462186992e-15
1.305630674395907818e+02 4.024198820766579144e-15
1.318697642779018224e+02 4.141113875185095214e-15
1.331895387549413385e+02 4.261425662856240017e-15
1.345225217538871334e+02 4.385232869076350318e-15
1.358688454678178346e+02 4.512637046245791662e-15
1.372286434128217820e+02 4.643742697166970444e-15
1.386020504412391858e+02 4.778657360762423724e-15
1.399892027550341425e+02 4.917491700283092843e-15
1.413902379193031322e+02 5.060359594079572998e-15
1.428052948759167009e+02 5.207378229010354417e-15
1.442345139572987875e+02 5.358668196563838146e-15
1.456780369003435851e+02 5.514353591773208154e-15
1.471360068604712126e+02 5.674562115004745854e-15
1.486085684258255526e+02 5.839425176703756924e-15
1.500958676316120943e+02 4.892098811920758146e-15
1.515980519745812956e+02 4.009867340139844037e-15
1.531152704276553322e+02 4.096808178297388035e-15
1.546476734547022716e+02 4.185634043738470401e-15
1.561954130254574977e+02 4.276385807104973584e-15
1.577586426305944087e+02 4.369105225184733656e-15
1.593375172969470555e+02 4.463834960124765151e-15
1.609321936028831601e+02 4.560618599060973699e-15
1.625428296938332267e+02 4.659500674173586121e-15
1.641695852979732422e+02 4.760526683177206593e-15
1.658126217420652893e+02 4.863743110255420398e-15
1.674721019674567231e+02 4.969197447449009246e-15
1.691481905462382542e+02 5.076938216508086242e-15
1.708410536975661955e+02 5.187014991218036479e-15
1.725508593041450069e+02 5.299478420209330719e-15
1.742777769288776142e+02 5.365135904279594270e-15
1.760219778316804593e+02 5.431029972503695640e-15
1.777836349864676322e+02 5.497733345152645066e-15
1.795629230983050206e+02 5.565255962023251488e-15
1.813600186207354454e+02 5.633607884992015974e-15
1.831750997732780490e+02 5.702799299514342145e-15
1.850083465591028187e+02 5.108226937875936337e-15
1.868599407828812389e+02 3.846969684151436848e-15
1.887300660688159724e+02 3.612091663826737810e-15
1.906189078788512745e+02 3.622814372409379402e-15
1.925266535310654490e+02 3.633568911989155168e-15
1.944534922182468506e+02 3.644355377058240617e-15
1.963996150266565905e+02 3.655173862389362540e-15
1.983652149549792227e+02 3.666024463036568934e-15
2.003504869334618945e+02 3.676907274336097544e-15
2.023556278432460829e+02 3.687822391907153677e-15
2.043808365358925414e+02 3.698769911652836323e-15
2.064263138531008224e+02 3.709749929760939642e-15
2.084922626466283759e+02 3.720762542704753654e-15
2.105788877984058445e+02 3.731807847243996673e-15
2.126863962408568511e+02 3.742885940425612848e-15
2.148149969774187866e+02 3.718322577115555709e-15
2.169649011032701935e+02 3.672350526627524680e-15
2.191363218262653447e+02 3.626946858624402567e-15
2.213294744880774942e+02 3.345737684630211819e-15
2.235445765855558591e+02 2.690825631202779754e-15
2.257818477922934051e+02 2.164109461061425043e-15
2.280415099804135082e+02 1.740495446879676873e-15
2.303237872425723083e+02 1.399801837714386807e-15
2.326289059141824680e+02 1.246890275472152562e-15
2.349570945958592176e+02 1.293701606574709551e-15
2.373085841760899655e+02 1.342270350308266877e-15
2.396836078541333279e+02 1.392662484270200696e-15
2.420824011631438850e+02 1.444946463019323884e-15
2.445052019935317560e+02 1.443812540794507594e-15
2.469522506165535560e+02 1.382698095491652740e-15
2.494237897081404753e+02 1.324170534094530150e-15
2.519200643729649869e+02 1.267916769734319232e-15
2.544413221687469218e+02 1.213179325417700712e-15
2.569878131308059324e+02 1.160804960351888903e-15
2.595597897968555685e+02 1.110691657652193560e-15
2.621575072320495678e+02 1.062741804621691556e-15
2.647812230542756993e+02 1.016862002617328224e-15
2.674311974597042081e+02 9.729628851242972733e-16
2.701076932485922839e+02 9.309589436843618797e-16
2.728109758513448924e+02 8.907683613390686835e-16
2.755413133548386782e+02 8.523128532633930419e-16
2.782989765290087689e+02 8.155175142794163280e-16
2.810842388537003558e+02 7.803106729530329865e-16
2.838973765457903369e+02 7.439620335068206021e-16
2.867386685865799336e+02 7.091568321985266963e-16
2.896083967494618605e+02 7.068927192752815111e-16
2.925068456278630151e+02 7.046358349467511080e-16
2.954343026634685430e+02 7.023861561343245552e-16
2.983910581747282436e+02 7.001436598330762487e-16
3.013774053856469095e+02 6.979083231115194921e-16
3.043936404548637142e+02 6.956801231113891650e-16
3.074400625050230360e+02 6.973796020835944233e-16
3.105169736524372297e+02 7.037730975139321018e-16
3.136246790370501571e+02 7.102252077699653405e-16
3.167634868526956211e+02 7.167364702256223358e-16
3.199337083776633222e+02 7.233074271814247189e-16
3.231356580055675067e+02 7.299386259096310090e-16
3.263696532765256961e+02 7.366306186998371119e-16
3.296360149086501679e+02 7.494723530417615654e-16
3.329350668298520191e+02 7.633666646509477123e-16
3.362671362099681005e+02 7.775185600046334963e-16
3.396325534932038863e+02 7.919328143941187522e-16
3.430316524309062629e+02 8.066142916388450437e-16
3.464647701146607233e+02 8.215679457275750230e-16
3.499322470097210953e+02 8.461885843622134607e-16
3.534344269887744758e+02 8.937251979897642008e-16
3.569716573660417112e+02 9.439322915516135898e-16
3.605442889317234290e+02 9.969598854748735117e-16
3.641526759867853116e+02 1.052966427933376399e-15
3.677971763780969923e+02 1.112119268295993932e-15
3.714781515339186058e+02 1.174595157171974754e-15
3.751959664997442019e+02 1.240580774547511548e-15
3.789509899745041253e+02 1.310273287591612280e-15
3.827435943471276119e+02 1.383880939797987065e-15
3.865741557334756635e+02 1.461623673223417402e-15
3.904430540136375498e+02 1.543733785681695581e-15
3.943506728696068535e+02 1.630456624857140138e-15
3.982973998233295561e+02 1.722051321411368012e-15
4.022836262751358163e+02 1.818791563274165839e-15
4.063097475425554421e+02 1.879522332123224446e-15
4.103761628995209776e+02 1.902606439402382069e-15
4.144832756159645442e+02 1.925974063402667574e-15
4.186314929978116766e+02 1.949628686248376652e-15
4.228212264273726646e+02 1.973573832830933796e-15
4.270528914041401549e+02 1.997813071334132464e-15
4.313269075859947748e+02 2.022350013765820619e-15
4.356436988308231548e+02 2.047188316496203241e-15
4.400036932385511363e+02 2.072331680802628485e-15
4.444073231935996660e+02 2.097783853421200248e-15
4.488550254077655381e+02 2.123548627105030572e-15
4.533472409635292024e+02 2.149616417232728270e-15
4.578844153577978773e+02 2.174230725167957261e-15
4.624669985460860175e+02 2.199126880669232191e-15
4.670954449871362613e+02 2.224308111048518015e-15
4.717702136879914860e+02 2.249777680572301695e-15
4.764917682495113809e+02 2.275538890884744283e-15
4.812605769123513255e+02 2.301595081435675439e-15
4.860771126033965288e+02 2.327949629913489923e-15
4.909418529826626241e+02 2.354605952682999710e-15
4.958552804906667575e+02 2.381567505228310761e-15
5.008178823962690558e+02 2.408837782600721677e-15
5.058301508449993662e+02 2.436420319871848559e-15
5.108925829078596053e+02 2.464318692591841569e-15
5.160056806306221233e+02 2.492536517252895540e-15
5.211699510836164109e+02 2.521077451758060148e-15
5.263859064120157427e+02 2.549945195895416319e-15
5.316540638866276822e+02 2.579143491817684719e-15
5.369749459551906057e+02 2.608676124527322757e-15
5.423490802941881839e+02 2.638546922367189756e-15
5.477769998611761366e+02 2.668759757516775962e-15
5.532592429476393363e+02 2.699318546494220208e-15
5.587963532323723257e+02 2.730227250663969921e-15
5.643888798353975744e+02 2.761489876750305895e-15
5.700373773724221564e+02 2.793110477356739757e-15
5.757424060098376231e+02 2.825093151491354700e-15
5.815045315202758047e+02 1.967809821628733456e-15
5.873243253387126970e+02 1.943480503611108304e-15
5.932023646191421449e+02 1.919451984841813369e-15
5.991392322918101172e+02 1.895720546343287207e-15
6.051355171210253729e+02 1.872282515118116603e-15
6.111918137635479980e+02 1.849134263580554605e-15
6.173087228275604730e+02 1.826272208995057855e-15
6.234868509322316186e+02 1.786515536187000683e-15
6.297268107678767137e+02 1.742816480012919797e-15
6.360292211567166305e+02 1.700186324428744398e-15
6.423947071142479217e+02 1.658598923595842546e-15
6.488238999112263627e+02 1.618028771215757135e-15
6.553174371362683814e+02 1.634625461034763964e-15
6.618759627590853825e+02 1.662000815697193334e-15
6.685001271943423262e+02 1.689834630147977332e-15
6.751905873661635269e+02 1.718134582292288129e-15
6.819480067732783937e+02 1.746908478618522031e-15
6.887730555548220082e+02 1.776164256351675568e-15
6.956664105567933802e+02 1.805909985642830718e-15
7.026287553991764980e+02 1.836153871795258252e-15
7.096607805437406569e+02 1.866904257527890224e-15
7.167631833625080162e+02 1.898169625276581246e-15
7.239366682069178296e+02 1.929958599534025546e-15
7.311819464776746145e+02 1.962279949228785536e-15
7.384997366952992479e+02 1.995142590144158651e-15
7.458907645713858301e+02 2.028555587377628719e-15
7.533557630805684084e+02 2.062528157841431174e-15
7.608954725332155249e+02 2.097069672804996143e-15
7.685106406488418997e+02 2.132189660480053123e-15
7.762020226302653327e+02 2.167897808648904501e-15
7.839703812384981347e+02 2.204203967336839779e-15
7.918164868683909390e+02 2.241118151529212739e-15
7.997411176250352582e+02 2.278650543934074934e-15
8.077450594009244469e+02 2.316811497791018675e-15
8.158291059538979653e+02 2.355611539727163532e-15
8.239940589858518933e+02 2.377408819403241641e-15
8.322407282222504818e+02 2.395847028714223199e-15
8.405699314924238479e+02 2.414428237226622611e-15
8.489824948106737565e+02 2.433153553983672094e-15
8.574792524581910129e+02 2.452024096629927843e-15
8.660610470657883297e+02 2.471040991477900372e-15
8.747287296974708397e+02 2.490205373575357767e-15
8.834831599348301552e+02 2.509518386773005212e-15
8.923252059622952856e+02 2.528981183792783783e-15
9.012557446532285894e+02 2.548594926296706447e-15
9.102756616568860863e+02 2.568360784956118867e-15
9.193858514862497486e+02 2.588279939521655193e-15
9.285872176067338160e+02 2.608353578893582762e-15
9.378806725257842345e+02 2.628582901192790898e-15
9.472671378833748577e+02 2.648969113832336264e-15
9.567475445434042740e+02 2.669513433589434697e-15
9.663228326860114521e+02 2.690217086678170518e-15
9.759939519008149773e+02 2.711081308822598305e-15
9.857618612810812238e+02 2.745560915306244304e-15
9.956275295188446535e+02 5.335068613049266357e-17
1.005591935000966714e+03 5.393003107869451816e-17
1.015656065906169488e+03 5.451566724062484545e-17
1.025820920303030789e+03 5.510766293373474358e-17
1.036087506248965610e+03 5.570608721734714296e-17
1.046456841890191299e+03 5.631100990071290645e-17
1.056929955562704890e+03 5.692250155115489999e-17
1.067507885894259289e+03 5.754063350229818455e-17
1.078191681907367638e+03 5.815029743423666134e-17
1.088982403123330869e+03 5.864701059708022542e-17
1.099881119667318444e+03 5.914796662671944657e-17
1.110888912374489792e+03 5.965320176523576949e-17
1.122006872897178937e+03 6.016275256428481534e-17
1.133236103813160298e+03 6.067665588774376198e-17
1.144577718734989048e+03 6.119494891437627633e-17
1.156032842420440375e+03 6.171766914052277659e-17
1.167602610884048545e+03 6.224485438281307839e-17
1.179288171509773292e+03 6.277654278090234927e-17
1.191090683164783059e+03 6.331277280023080296e-17
1.203011316314378064e+03 6.385358323480449575e-17
1.215051253138072298e+03 6.439901321000494084e-17
1.227211687646829432e+03 6.494910218541769241e-17
1.239493825801468120e+03 6.549170682047031637e-17
1.251898885632267820e+03 6.603507983442143147e-17
1.264428097359754929e+03 6.658296111738285377e-17
1.277082703516708762e+03 6.713538807365869827e-17
1.289863959071378758e+03 6.769239841788938237e-17
1.302773131551948609e+03 6.825403017762864954e-17
1.315811501172234557e+03 6.882032169593637024e-17
1.328980360958640858e+03 6.939131163399797920e-17
1.342281016878398759e+03 6.996703897376555708e-17
1.355714787969074678e+03 7.054754302061576173e-17
1.369283006469383508e+03 7.113286340603497508e-17
1.382987017951301596e+03 7.172304009032669845e-17
1.396828181453517345e+03 7.231811336533616717e-17
1.410807869616203789e+03 7.292181944973951954e-17
1.424927468817140152e+03 7.353577347747502550e-17
1.439188379309208813e+03 7.415489659658775244e-17
1.453592015359253764e+03 7.477923232744762925e-17
1.468139805388338118e+03 7.540882455683521576e-17
1.482833192113394716e+03 7.604371754103151066e-17
1.497673632690311706e+03 7.668395590892400508e-17
1.512662598858435331e+03 7.732958466514867853e-17
1.527801577086518364e+03 7.798064919324863500e-17
1.543092068720144198e+03 7.863719525886927310e-17
1.558535590130612036e+03 7.929926901297019486e-17
1.574133672865311837e+03 7.996691699507387053e-17
1.589887863799618572e+03 8.064018613653508493e-17
1.605799725290290780e+03 8.131980327381746987e-17
1.621870835330414820e+03 8.201442769481264396e-17
1.638102787705888431e+03 8.271498551784296545e-17
1.654497192153487504e+03 8.342152742534726128e-17
1.671055674520501270e+03 8.413410453268856077e-17
1.687779876925963208e+03 8.485276839184946523e-17
1.704671457923511298e+03 8.557757099516569102e-17
1.721732092665861728e+03 8.630028846398348000e-17
1.738963473070939472e+03 8.701630656954411506e-17
1.756367307989658457e+03 8.773826534965654531e-17
1.773945323375401813e+03 8.846621409303827453e-17
1.791699262455180587e+03 8.920020249734576698e-17
1.809630885902505725e+03 8.994028067257028411e-17
1.827741972012005363e+03 9.068649914445455205e-17
1.846034316875775858e+03 9.153501484865054168e-17
1.864509734561496089e+03 9.242913768128708936e-17
1.883170057292339834e+03 9.333199439178550888e-17
1.902017135628673259e+03 9.424367029350665399e-17
1.921052838651579350e+03 9.516425153315743201e-17
1.940279054148208388e+03 9.609382509893719782e-17
1.959697688799004254e+03 9.710479317917239965e-17
1.979310668366784284e+03 9.964422884506131937e-17
1.999119937887714514e+03 1.022500745540591083e-16
2.019127461864210318e+03 1.049240670281816830e-16
2.039335224459752453e+03 1.076679884073231364e-16
2.059745229695659873e+03 1.104836674370033090e-16
2.080359501649823869e+03 1.133729806871742320e-16
2.101180084657449243e+03 1.169102118578769821e-16
2.122209043513786582e+03 1.208423696833206392e-16
2.143448463678892949e+03 1.249067816969864172e-16
2.164900451484462792e+03 1.291078961359697131e-16
2.186567134342705231e+03 1.334503108493628857e-16
2.208450660957325454e+03 1.379387783303050710e-16
2.230553201536606139e+03 1.425909584275383293e-16
2.252876948008639829e+03 1.474085336562957794e-16
2.275424114238700440e+03 1.523888753840007772e-16
2.298196936248784823e+03 1.575374828362835663e-16
2.321197672439376220e+03 1.628600410355018077e-16
2.344428603813405061e+03 1.683624270780633187e-16
2.367892034202449850e+03 1.740092152436163795e-16
2.391590290495224508e+03 1.798089600386822845e-16
2.415525722868329922e+03 1.858020109160772393e-16
2.439700705019326051e+03 1.919948107871344699e-16
2.464117634402124168e+03 1.983940173060739260e-16
2.488778932464760146e+03 2.050065100274059790e-16
2.513687044889522895e+03 2.118983639586358621e-16
2.538844441835487942e+03 2.190897672078908650e-16
2.564253618183500294e+03 2.265252321843222469e-16
2.589917093783584278e+03 2.342130418508781206e-16
2.615837413704843584e+03 2.421617602775740246e-16
2.642017148487846953e+03 2.503802421816882090e-16
2.668458894399568635e+03 2.588562356793502159e-16
2.695165273690853610e+03 2.675867621103650493e-16
2.722138934856458945e+03 2.766117457776999568e-16
2.749382552897725418e+03 2.859411179340366579e-16
2.776898829587851651e+03 2.955851447865675915e-16
2.804690493739821704e+03 3.055544387941139347e-16
2.832760301477041139e+03 3.150524541710306586e-16
2.861111036506652454e+03 3.243818878628805649e-16
2.889745510395604924e+03 3.339875877188524683e-16
2.918666562849466573e+03 3.438777346206533491e-16
2.947877061994059204e+03 3.540607517048667050e-16
2.977379904659884232e+03 3.645453115366856445e-16
3.007178016669392491e+03 3.714532296769608788e-16
3.037274353127162613e+03 3.755832882766605608e-16
3.067671898712944767e+03 3.797592675540488204e-16
3.098373667977663899e+03 3.839816780850915496e-16
3.129382705642360634e+03 3.882510361226609473e-16
3.160702086900158974e+03 3.925678636596706706e-16
3.192334917721224883e+03 3.969326884928895550e-16
3.224284335160780302e+03 4.002062688620734986e-16
3.256553507670225372e+03 4.033796396933552461e-16
3.289145635411347484e+03 4.065781732549996678e-16
3.322063950573674902e+03 4.098020690708043341e-16
3.355311717695033167e+03 4.130515282466584715e-16
3.388892233985282928e+03 4.163267534830860978e-16
3.422808829653309658e+03 4.196394744273257820e-16
3.457064868237272094e+03 4.230183350061198082e-16
3.491663746938188069e+03 4.264244015545757751e-16
3.526608896956824992e+03 4.298578931302071054e-16
3.561903783833967736e+03 4.333190305543317058e-16
3.597551907794118506e+03 4.368080364262872402e-16
3.633556804092602761e+03 4.403251351377338187e-16
3.669922043366172147e+03 4.437217534468293844e-16
3.706651231987092160e+03 4.470228517810914278e-16
3.743748012420810937e+03 4.503485088621983884e-16
3.781216063587175086e+03 4.536989073966290040e-16
3.819059101225260747e+03 4.570742314501137748e-16
3.857280878261887665e+03 4.604746664577584647e-16
3.895885185183786234e+03 4.639003992342259291e-16
3.934875850413510761e+03 4.617531617204537491e-16
3.974256740689092112e+03 4.588447939794245175e-16
4.014031761447528424e+03 4.559547446899367196e-16
4.054204857212079332e+03 4.530828984726103046e-16
4.094780011983434633e+03 4.502291406747859763e-16
4.135761249634838350e+03 4.473933573659466432e-16
4.177152634311122711e+03 4.438942114821567175e-16
4.218958270831744812e+03 4.377877827507029688e-16
4.261182305097888275e+03 4.317653570787363063e-16
4.303828924503599410e+03 4.258257788785416599e-16
4.346902358351063413e+03 4.199679084592466572e-16
4.390406878270007837e+03 4.141906218081310889e-16
4.434346798641355235e+03 4.084928103749456320e-16
4.478726477025067652e+03 4.028733808592126150e-16
4.523550314592275754e+03 3.973312550004358066e-16
4.568822756561775350e+03 3.918653693712062111e-16
4.614548292640844011e+03 3.864746751731444108e-16
4.660731457470499663e+03 3.811581380356660434e-16
4.707376831075186601e+03 3.759147378175010463e-16
4.754489039317005336e+03 3.707434684109433941e-16
4.802072754354454446e+03 3.683893804522918418e-16
4.850132695105753555e+03 3.665141437614391310e-16
4.898673627716853844e+03 3.646484527112408789e-16
4.947700366034086983e+03 3.627922587108932185e-16
4.997217772081539806e+03 3.609455134169416904e-16
5.047230756543260213e+03 3.591081687320117192e-16
5.097744279250229738e+03 3.582877768797502799e-16
5.148763349672248296e+03 3.620514245732125201e-16
5.200293027414702919e+03 3.658546076482159472e-16
5.252338422720368726e+03 3.696977414056923341e-16
5.304904696976176638e+03 3.735812455091178819e-16
5.357997063225058810e+03 3.775055440303399242e-16
5.411620786682961807e+03 3.814710654958832107e-16
5.465781185260980237e+03 3.856919908269309365e-16
5.520483630092753629e+03 3.901699553480880257e-16
5.575733546067099269e+03 3.946999099720463693e-16
5.631536412366037439e+03 3.992824583147518161e-16
5.687897763008153561e+03 4.039182110002570807e-16
5.744823187397390939e+03 4.086077857420878155e-16
5.802318330877390508e+03 4.133518074255524566e-16
5.860388895291332119e+03 4.239635116263652413e-16
5.919040639547367391e+03 4.360549735563058518e-16
5.978279380189776020e+03 4.484912846244261649e-16
6.038110991975770048e+03 4.612822799465102579e-16
6.098541408458113438e+03 4.744380751363720863e-16
6.159576622573532404e+03 4.879690743056624674e-16
6.221222687237074751e+03 5.094779221979127440e-16
6.283485715942369097e+03 5.363682910058445805e-16
6.346371883367881310e+03 5.646779400281322722e-16
6.409887425989304575e+03 5.944817792201299627e-16
6.474038642698005788e+03 6.262302055384056380e-16
6.538831895425711991e+03 6.599513125877333288e-16
6.604273609775395926e+03 6.954882264291540692e-16
6.670370275658552600e+03 7.329387242293985296e-16
6.737128447938785939e+03 7.711383221528407057e-16
6.804554747081843743e+03 8.111431500007193696e-16
6.872655859812212839e+03 8.532233334691958685e-16
6.941438539776220750e+03 8.974865370873663333e-16
7.010909608211815794e+03 9.357128845021442095e-16
7.081075954625005579e+03 9.579368434537483338e-16
7.151944537473137643e+03 9.806886399072855869e-16
7.223522384854956726e+03 1.003980810442271759e-15
7.295816595207561477e+03 1.027826189392399880e-15
7.368834338010410647e+03 1.052237915917458541e-15
7.442582854496300570e+03 1.077229441243218218e-15
7.517069458369467611e+03 1.095001988803210523e-15
7.592301536530932935e+03 1.112706492671352353e-15
7.668286549811043187e+03 1.130697251231651997e-15
7.745032033709377174e+03 1.148978892783743987e-15
7.822545599142024912e+03 1.167556120459774062e-15
7.900834933196407292e+03 1.186433713434326812e-15
7.979907799893591800e+03 1.197664952279196763e-15
8.059772040958234356e+03 1.188820639816823876e-15
8.140435576596295505e+03 1.180041639329042485e-15
8.221906406280460942e+03 1.171327468511089241e-15
8.304192609543479193e+03 1.162677648619843888e-15
8.387302346779371874e+03 1.154091704447521534e-15
8.471243860052765740e+03 1.145569164295585223e-15
8.556025473916239207e+03 1.140222118868876635e-15
8.641655596235845223e+03 1.136901836494333355e-15
8.728142719024983307e+03 1.133591222652669753e-15
8.815495419286531614e+03 1.130290249189495144e-15
8.903722359863406382e+03 1.126998888032403186e-15
8.992832290297723375e+03 1.123717111190733051e-15
9.082834047698455834e+03 1.120444890755331582e-15
9.173736557617841754e+03 1.144512716277076111e-15
9.265548834936495041e+03 1.171100748583306494e-15
9.358279984757480634e+03 1.198306444155195041e-15
9.451939203309246295e+03 1.226144151851100456e-15
9.546535778857587502e+03 1.254628553865923012e-15
9.642079092626838246e+03 1.283774673474812085e-15
9.738578619730167702e+03 1.311071850095817102e-15
9.836043930109261055e+03 1.331622500216503936e-15
9.934484689483340844e+03 1.352495275490249492e-15
1.003391066030778529e+04 1.373695225130277311e-15
1.013433170274221084e+04 1.395227477494667157e-15
1.023575777562837175e+04 1.417097241326958899e-15
1.033819893747775677e+04 1.439309807016148759e-15
1.044166534746910656e+04 1.456057698546193504e-15
1.054616726645590461e+04 1.468852089471878936e-15
1.065171505798396174e+04 1.481758904815444849e-15
1.075831918931917062e+04 1.494779132451172037e-15
1.086599023248558296e+04 1.507913768933806952e-15
1.097473886531375319e+04 1.521163819574812406e-15
1.108457587249980133e+04 1.534530298519349550e-15
1.119551214667487875e+04 1.557827924379667485e-15
1.130755868948532407e+04 1.582451487592062666e-15
1.142072661268384581e+04 1.607464259301613271e-15
1.153502713923139891e+04 1.632872391471499924e-15
1.165047160441018968e+04 1.658682133304946544e-15
1.176707145694780957e+04 1.684899832782228849e-15
1.188483826015261366e+04 1.732173432950382656e-15
1.200378369306046989e+04 1.799009104628195047e-15
1.212391955159296958e+04 1.868423621428347681e-15
1.224525774972724685e+04 1.940516487732244661e-15
1.236781032067749584e+04 2.015391047284016201e-15
1.249158941808833697e+04 2.093110835746676621e-15
1.261660731724001016e+04 2.173304052849470995e-15
1.274287641626586992e+04 2.256569707378638835e-15
1.287040923738184574e+04 2.343025513426238420e-15
1.299921842812820796e+04 2.432793695056500152e-15
1.312931676262397923e+04 2.526001159096205033e-15
1.326071714283366600e+04 2.636167484544816665e-15
1.339343259984676843e+04 2.752313896309796680e-15
1.352747629517009955e+04 2.873577581178605610e-15
1.366286152203301026e+04 3.000184000132969449e-15
1.379960170670569823e+04 3.132517338340780135e-15
1.393771040983070088e+04 3.272795629758337836e-15
1.407720132776771607e+04 3.419355769580096029e-15
1.421808829395190878e+04 3.572479067330020781e-15
1.436038528026567110e+04 3.732459429946461602e-15
1.450410639842440287e+04 3.896305240870813761e-15
1.464926590137585663e+04 4.066595490425983583e-15
1.479587818471368882e+04 4.244328372757861256e-15
1.494395778810494812e+04 4.429829172389657481e-15
1.509351939673217748e+04 4.615902091620161288e-15
1.524457784274963160e+04 4.788722637261577203e-15
1.539714810675422268e+04 4.968013627986723016e-15
1.555124531927116732e+04 5.154017318901493607e-15
1.570688476225448539e+04 5.346985035204402385e-15
1.586408187060252567e+04 5.547177511773172352e-15
1.602285223368866718e+04 5.672349070529646865e-15
1.618321159690731474e+04 5.719411539356205194e-15
1.634517586323543219e+04 5.766864477095116724e-15
1.650876109480951345e+04 5.814711123397298877e-15
1.667398351451868075e+04 5.678344954977363423e-15
1.684085950761341519e+04 5.528019747995560734e-15
1.700940562333041089e+04 5.459299181225491011e-15
1.717963857653396553e+04 5.391432901616554669e-15
1.735157524937347262e+04 5.324410289254102847e-15
1.752523269295768478e+04 5.258220856243013967e-15
1.770062812904568273e+04 5.340184383868054742e-15
1.787777895175475351e+04 5.444257574273624256e-15
1.805670272928541453e+04 5.550359014676312135e-15
1.823741720566363438e+04 5.658528233008670913e-15
1.841994030250054129e+04 5.768805527550819577e-15
1.860429012076972867e+04 5.767272872404482563e-15
1.879048494260235748e+04 5.699696825050306137e-15
1.897854323310009204e+04 5.632912576918578143e-15
1.916848364216650589e+04 5.566910850372720423e-15
1.936032500635649922e+04 5.501682476483689828e-15
1.955408635074422637e+04 5.453242575201677584e-15
1.974978689081005359e+04 5.422188359429803604e-15
1.994744603434602323e+04 5.391310986023555166e-15
2.014708338338058456e+04 5.360609447930495449e-15
2.034871873612252966e+04 5.330082743833048638e-15
2.055237208892442140e+04 5.299729878115753522e-15
2.075806363826563029e+04 5.269549860832813702e-15
2.096581378275523821e+04 5.298218937217321289e-15
2.117564312515499478e+04 5.340958548956737154e-15
2.138757247442255539e+04 5.384042932105828770e-15
2.160162284777493551e+04 5.427474867862625284e-15
2.181781547277308346e+04 5.471257159860494093e-15
2.203617178942685132e+04 5.515392634349185998e-15
2.225671345232131353e+04 5.697488487750592799e-15
2.247946233276409112e+04 5.935632538448040129e-15
2.270444052095460574e+04 6.183730552019570595e-15
2.293167032817462677e+04 6.442198584951199386e-15
2.316117428900092636e+04 6.711470084089118247e-15
2.339297516354005711e+04 7.007611056907563585e-15
2.362709593968549962e+04 7.374428014413405956e-15
2.386355983539738372e+04 7.760446191738865591e-15
2.410239030100503442e+04 8.166670686481001655e-15
2.434361102153256070e+04 8.652766519447993221e-15
2.458724591904777844e+04 9.253875591111137022e-15
2.483331915503437631e+04 9.896743805959550750e-15
2.508185513278831786e+04 1.059515334973727815e-14
2.533287849983781780e+04 1.136949050434374739e-14
2.558641415038748164e+04 1.220041938624384163e-14
2.584248722778739830e+04 1.291787430741342076e-14
2.610112312702641793e+04 1.350040411176198777e-14
2.636234749725066649e+04 1.410920301928327178e-14
2.662618624430716227e+04 1.474545563165158403e-14
2.689266553331295654e+04 1.541039996999423156e-14
2.716181179124991468e+04 1.594368106587842992e-14
2.743365170958553426e+04 1.643093251245436724e-14
2.770821224691993848e+04 1.693307474687335018e-14
2.798552063165939762e+04 1.745056284333621937e-14
2.826560436471664434e+04 1.798386578346954679e-14
2.854849122223793529e+04 1.853346688134751796e-14
2.883420925835798334e+04 1.823885227241443475e-14
2.912278680798193091e+04 1.751153201688212945e-14
2.941425248959517921e+04 1.784259761083443547e-14
2.970863520810185582e+04 1.907148670725248267e-14
3.000596415769110172e+04 2.031663343330119744e-14
3.030626882473234218e+04 2.067524696014659304e-14
3.060957899069949417e+04 2.104019045608162527e-14
3.091592473512439392e+04 2.123912081108543330e-14
3.122533643857981951e+04 2.143616533130361064e-14
3.153784478569237035e+04 2.163503791885524942e-14
3.185348076818547997e+04 2.183575553351263083e-14
3.217227568795294428e+04 2.203833529239119670e-14
3.249426116016292144e+04 2.224279447140900523e-14
3.281946911639360769e+04 2.227842264895673061e-14
3.314793180779966497e+04 2.192852518677583699e-14
3.347968180831073551e+04 2.158412309722386634e-14
3.381475201786154503e+04 2.124513007181449264e-14
3.415317566565502057e+04 2.091146115759362851e-14
3.449498631345741160e+04 1.932738201620015103e-14
3.484021785892667685e+04 1.671862734323764426e-14
3.518890453897416592e+04 1.546014226478124255e-14
3.554108093315992301e+04 1.429638892836208945e-14
3.589678196712196223e+04 1.256975654936199769e-14
3.625604291603986348e+04 1.298044856436003422e-14
3.661889940813307476e+04 1.340455913130218176e-14
3.698538742819424078e+04 1.384252667491979921e-14
3.735554332115755096e+04 1.429480394460762725e-14
3.772940379570356163e+04 1.476185848245466525e-14
3.810700592789938673e+04 2.877185698079049882e-14
3.848838716487534839e+04 3.219004185190442699e-14
3.887358532853908400e+04 3.682699743763056194e-14
3.926263861932607688e+04 4.247726605856630762e-14
3.965558561998811638e+04 4.608607406734855401e-14
4.005246529941956396e+04 5.251948264239613495e-14
4.045331701652195625e+04 5.985096610733345752e-14
4.085818052410722157e+04 6.215460444803007692e-14
4.126709597284003394e+04 6.155046746112581310e-14
4.168010391521959536e+04 6.095220262966660630e-14
4.209724530960131233e+04 6.035975287684652674e-14
4.251856152425835171e+04 5.977306168064085633e-14
4.294409434148469882e+04 5.919207306841375107e-14
4.337388596173836413e+04 5.861673161157817022e-14
4.380797900782662327e+04 5.345120337200674054e-14
4.424641652913263533e+04 4.821067320578583003e-14
4.468924200588518579e+04 4.488069825985760516e-14
4.513649935347029532e+04 4.275991611569145152e-14
4.558823292678648431e+04 4.073934892087773932e-14
4.604448752464343124e+04 3.881426114135827996e-14
4.650530839420474513e+04 1.477642416953271631e-14
4.697074123547514318e+04 1.602693572017646980e-14
4.744083220583259390e+04 1.738327660546526400e-14
4.791562792460573110e+04 1.819723661068167489e-14
4.839517547769729572e+04 1.893955132978470372e-14
4.887952242225322698e+04 1.971214708297997293e-14
4.936871679137957835e+04 2.051625911591501827e-14
4.986280709890561411e+04 2.135317306326298910e-14
5.036184234419513086e+04 2.188495468793547204e-14
5.086587201700537844e+04 2.236073327543567228e-14
5.137494610239563190e+04 2.275984130466552459e-14
5.188911508568381396e+04 2.214516277949605258e-14
5.240842995745329972e+04 2.154708497153927564e-14
5.293294221860966354e+04 2.096515954267909958e-14
5.346270388548809569e+04 2.115277581106570425e-14
5.399776749501190352e+04 2.166511695466032622e-14
5.453818610990262096e+04 2.218986750729716834e-14
5.508401332394233032e+04 2.272732803713242081e-14
5.563530326728864748e+04 2.327780639238001400e-14
5.619211061184249411e+04 2.384161787764178380e-14
5.675449057667054876e+04 2.441908543450904117e-14
5.732249893348108162e+04 2.538058945746736148e-14
5.789619201215453359e+04 2.669247712016923900e-14
5.847562670633047674e+04 2.807217444672587575e-14
5.906086047904934094e+04 2.952318642513520116e-14
5.965195136845121306e+04 3.209233732810663842e-14
6.024895799353149778e+04 3.404382349848837411e-14
6.085193955995424767e+04 3.555293077124398781e-14
6.146095586592360632e+04 3.712893431259249319e-14
6.207606730811407033e+04 3.877479952521429699e-14
6.269733488766007940e+04 3.984796102891262601e-14
6.332482021620566957e+04 3.738128027413196410e-14
6.395858552201404382e+04 3.506729275104784612e-14
6.459869365613957780e+04 3.289654639620948620e-14
6.524520809866029595e+04 2.874865646625948770e-14
6.589819296497351024e+04 2.449530494684908855e-14
6.655771301215364656e+04 2.294642080955215586e-14
6.722383364537509624e+04 2.149547552527116580e-14
6.789662092439795379e+04 2.013627623638745702e-14
6.857614157011933275e+04 2.024361035558557928e-14
6.926246297119017981e+04 2.036614240655649396e-14
6.995565319069819816e+04 2.048941612876340280e-14
7.065578097291781160e+04 2.061343601145005085e-14
7.136291575012750400e+04 2.073820657103267062e-14
7.207712764949556731e+04 2.086373235126514739e-14
7.279848750003472378e+04 2.111639208235955118e-14
7.352706683962579700e+04 2.184668668000021124e-14
7.426293792211303662e+04 2.260223796909009845e-14
7.500617372446895752e+04 2.338391943337794662e-14
7.575684795403193857e+04 2.419263476539390385e-14
7.651503505581511126e+04 2.502931891119655962e-14
7.728081021989014698e+04 2.685528383130077850e-14
7.805424938884326548e+04 2.904353383999789505e-14
7.883542926530668046e+04 3.180712254266016792e-14
7.962442731956527859e+04 3.616297214968844137e-14
8.042132179723940499e+04 4.153914778676133089e-14
8.122619172704455559e+04 4.819318723863882502e-14
8.203911692862871860e+04 5.426567880292287528e-14
8.286017802048817975e+04 6.093179443724113018e-14
8.368945642796265020e+04 6.547542346180224053e-14
8.452703439130964398e+04 6.958394414145920814e-14
8.537299497386135045e+04 7.395027059437728819e-14
8.622742207026155666e+04 7.859057988814672354e-14
8.709040041478502098e+04 7.835418558155841927e-14
8.796201558974172804e+04 7.510864863667761927e-14
8.884235403396343463e+04 7.199754624666334644e-14
8.973150305137607211e+04 6.901530994939389538e-14
9.062955081965772843e+04 6.615660193602265982e-14
9.153658639898333058e+04 6.333199187988143846e-14
9.245269974085682770e+04 6.057718969979286741e-14
9.337798169703171880e+04 5.794221534804467640e-14
9.431252402852094383e+04 5.542185657798267034e-14
9.525641941469704034e+04 5.450111345889324668e-14
9.620976146248255100e+04 5.368600298087940295e-14
9.717264471563416009e+04 5.288308317291271710e-14
9.814516466411799775e+04 5.316057818961671067e-14
9.912741775357979350e+04 5.700302884625831822e-14
1.001195013949084969e+05 6.112321213018570092e-14
1.011215139738988364e+05 6.554120257694054384e-14
1.021335548610054248e+05 7.027852571102168858e-14
1.031557244211997167e+05 8.398751163426039043e-14
1.041881240239222534e+05 1.010939102946666387e-13
1.052308560531357070e+05 1.004988337195320377e-13
1.062840239174785092e+05 9.990725998773587757e-14
1.073477320605200512e+05 9.931916848023226402e-14
1.084220859711176599e+05 1.021040859047587889e-13
1.095071921938793093e+05 1.100564521005210314e-13
1.106031583397288487e+05 1.186281875169287624e-13
1.117100930965781445e+05 1.279339668798175738e-13
1.128281062401056552e+05 1.407851862798724705e-13
1.139573086446430971e+05 1.375037176697562126e-13
1.150978122941710899e+05 1.295337308480364559e-13
1.162497302934238251e+05 1.191523003626721163e-13
1.174131768791071227e+05 1.097408739766020211e-13
1.185882674312264862e+05 1.030354110129955635e-13
1.197751184845296375e+05 9.673966989620006257e-14
1.209738477400634147e+05 9.082861551787617143e-14
1.221845740768462274e+05 8.527874248223235302e-14
1.234074175636576983e+05 8.753504298688865333e-14
1.246424994709449529e+05 9.029004547762494567e-14
1.258899422828506067e+05 9.313175654203612489e-14
1.271498697093586670e+05 9.606290517103017870e-14
1.284224066985631798e+05 9.908630624542307764e-14
1.297076794490594184e+05 1.126689902679414847e-13
1.310058154224591563e+05 1.294950084557896125e-13
1.323169433560314064e+05 1.440830357160367936e-13
1.336411932754682784e+05 1.405352464563119434e-13
1.349786965077814239e+05 1.423571983374707051e-13
1.363295856943247200e+05 1.455567304994380206e-13
1.376939948039487062e+05 1.488281733633222996e-13
1.390720591462864541e+05 1.521731431494927187e-13
1.404639153851722367e+05 1.555932924034858785e-13
1.418697015521949797e+05 1.590903108124264538e-13
1.432895570603857632e+05 1.626938589123565736e-13
1.447236227180452552e+05 1.668586170756264397e-13
1.461720407427066821e+05 1.711299878097362675e-13
1.476349547752400103e+05 1.755107002624097728e-13
1.491125098940967000e+05 1.800035534441199055e-13
1.506048526296979107e+05 1.846114180164879933e-13
1.521121309789645020e+05 1.893372381264601677e-13
1.536344944199960446e+05 2.024281438919641058e-13
1.551720939268934308e+05 2.206995313515327000e-13
1.567250819847313978e+05 2.406201143887461161e-13
1.582936126046805875e+05 2.925780961074126547e-13
1.598778413392810035e+05 4.079644761582158994e-13
1.614779252978685836e+05 5.247722831504914808e-13
1.630940231621545972e+05 6.229174984386779197e-13
1.647262952019641816e+05 6.560749969099098159e-13
1.663749032911291579e+05 5.250773579309284537e-13
1.680400109235414711e+05 4.960331799215670976e-13
1.697217832293670799e+05 4.685955542868187915e-13
1.714203869914220704e+05 4.426756160386110882e-13
1.731359906617129454e+05 3.746729662287699064e-13
1.748687643781407387e+05 4.236073539478751094e-13
1.766188799813759397e+05 3.410217209300158520e-13
1.783865110318985826e+05 2.745368159032947681e-13
1.801718328272108047e+05 3.003929586646779726e-13
1.819750224192212336e+05 3.318438162434458047e-13
1.837962586318033282e+05 3.665875487512298603e-13
1.856357220785299141e+05 4.061052495478939528e-13
1.874935951805833611e+05 5.105594377940853016e-13
1.893700621848485316e+05 5.181258585341680471e-13
1.912653091821833514e+05 6.568520074679620800e-13
1.931795241258739261e+05 7.422534313082359127e-13
1.951128968502740317e+05 7.795735575948148437e-13
1.970656190896310727e+05 8.187701209139499428e-13
1.990378844971011276e+05 8.599374675684944940e-13
2.010298886639519187e+05 8.864062020919646936e-13
2.030418291389621736e+05 8.955789968273593982e-13
2.050739054480112973e+05 9.048467143679636013e-13
2.071263191138667171e+05 9.142103370031677703e-13
2.091992736761691049e+05 9.236708571873845877e-13
