# DarkSPHERE projection
# https://arxiv.org/pdf/2301.05183
# mass [GeV]    sigma_n_SD [cm^2]
0.22233863003257417	1.6971871297521512e-36
0.2403490987864691	9.898617026300522e-37
0.2729353777878677	5.216057164682158e-37
0.31571577458676203	2.8033385313606877e-37
0.3542896544846409	1.942108418654417e-37
0.41734909520143404	1.1184798736098965e-37
0.4711904909506967	8.208483832961819e-38
0.5652519627992908	5.081219190619499e-38
0.6420575721832704	3.94429740508001e-38
0.79502231150272	2.6778221470882503e-38
0.9758403326858212	2.100130534605534e-38
1.1151813795497565	1.9152946028858687e-38
1.27441904955049	1.75364011519549e-38
1.6248785122937204	1.6197927823576673e-38
1.9020086608614928	1.6306609813274652e-38
2.209049805057677	1.7039174626363235e-38
2.4839679080904684	1.7733662528587856e-38
2.821485831825446	1.8645436128187224e-38
3.5315665922096526	2.0558575394020769e-38
4.035841901956075	2.2135549403262964e-38
4.68734761844962	2.404067936434125e-38
5.27069196522219	2.6284203104498223e-38
5.986865875100108	2.9062286322884256e-38
7.403197757695853	3.497409599187748e-38
8.460306478401087	3.8724757462950873e-38
9.69547133345744	4.38185348619788e-38
