# All limits as of 2024 
#  Mass [eV] 	 g_ae
1.000000000000000021e-02 1.300000000000000519e-13
1.018610170155975769e-02 1.300000000000000519e-13
1.037566678745185933e-02 1.300000000000000519e-13
1.056875971184803933e-02 1.300000000000000519e-13
1.076544612842315375e-02 1.300000000000000519e-13
1.096579291267809828e-02 1.300000000000000519e-13
1.116986818467823224e-02 1.300000000000000519e-13
1.137774133221491381e-02 1.300000000000000519e-13
1.158948303439810527e-02 1.300000000000000519e-13
1.180516528568804902e-02 1.300000000000000519e-13
1.202486142037412220e-02 1.300000000000000519e-13
1.224864613750931315e-02 1.300000000000000519e-13
1.247659552630869806e-02 1.300000000000000519e-13
1.270878709202058823e-02 1.300000000000000519e-13
1.294529978227915330e-02 1.300000000000000519e-13
1.318621401394748545e-02 1.300000000000000519e-13
1.343161170046015991e-02 1.300000000000000519e-13
1.368157627967471826e-02 1.300000000000000519e-13
1.393619274224142807e-02 1.300000000000000519e-13
1.419554766050101606e-02 1.300000000000000519e-13
1.445972921792019507e-02 1.300000000000000519e-13
1.472882723907502529e-02 1.300000000000000519e-13
1.500293322019218348e-02 1.300000000000000519e-13
1.528214036025870096e-02 1.300000000000000519e-13
1.556654359271062056e-02 1.300000000000000519e-13
1.585623961771137277e-02 1.300000000000000519e-13
1.615132693503090397e-02 1.300000000000000519e-13
1.645190587753662601e-02 1.300000000000000519e-13
1.675807864530767799e-02 1.300000000000000519e-13
1.706994934038407949e-02 1.300000000000000519e-13
1.738762400216250364e-02 1.300000000000000519e-13
1.771121064345087745e-02 1.300000000000000519e-13
1.804081928719382735e-02 1.300000000000000519e-13
1.837656200388171346e-02 1.300000000000000519e-13
1.871855294965579092e-02 1.300000000000000519e-13
1.906690840512251933e-02 1.300000000000000519e-13
1.942174681489025612e-02 1.300000000000000519e-13
1.978318882784164262e-02 1.300000000000000519e-13
2.015135733815557467e-02 1.300000000000000519e-13
2.052637752709252084e-02 1.300000000000000519e-13
2.090837690555749986e-02 1.300000000000000519e-13
2.129748535745519880e-02 1.300000000000000519e-13
2.169383518385184506e-02 1.300000000000000519e-13
2.209756114795902171e-02 1.300000000000000519e-13
2.250880052095461867e-02 1.300000000000000519e-13
2.292769312865648723e-02 1.300000000000000519e-13
2.335438139906479207e-02 1.300000000000000519e-13
2.378901041078893344e-02 1.300000000000000519e-13
2.423172794237599473e-02 1.300000000000000519e-13
2.468268452255692469e-02 1.300000000000000519e-13
2.514203348142796460e-02 1.300000000000000519e-13
2.560993100258459471e-02 1.300000000000000519e-13
2.608653617622547910e-02 1.300000000000000519e-13
2.657201105324505375e-02 1.300000000000000519e-13
2.706652070033241375e-02 1.300000000000000519e-13
2.757023325609583853e-02 1.300000000000000519e-13
2.808331998823172457e-02 1.300000000000000519e-13
2.860595535175742068e-02 1.300000000000000519e-13
2.913831704832786987e-02 1.300000000000000519e-13
2.968058608665602449e-02 1.300000000000000519e-13
3.023294684405777866e-02 1.300000000000000519e-13
3.079558712914226559e-02 1.300000000000000519e-13
3.136869824566876352e-02 1.300000000000000519e-13
3.195247505759211959e-02 1.300000000000000519e-13
3.254711605531847990e-02 1.300000000000000519e-13
3.315282342319424841e-02 1.300000000000000519e-13
3.376980310825091619e-02 1.300000000000000519e-13
3.439826489022924233e-02 1.300000000000000519e-13
3.503842245290673951e-02 1.300000000000000519e-13
3.569049345675229939e-02 1.300000000000000519e-13
3.635469961293319452e-02 1.300000000000000519e-13
3.703126675869927026e-02 1.300000000000000519e-13
3.772042493416997294e-02 1.300000000000000519e-13
3.842240846055060971e-02 1.300000000000000519e-13
3.913745601980384015e-02 1.300000000000000519e-13
3.986581073580440504e-02 1.300000000000000519e-13
4.060772025700365440e-02 1.300000000000000519e-13
4.136343684063273352e-02 1.300000000000000519e-13
4.213321743847289053e-02 1.300000000000000519e-13
4.291732378422157684e-02 1.300000000000000519e-13
4.371602248248504519e-02 1.300000000000000519e-13
4.452958509942655380e-02 1.300000000000000519e-13
4.535828825510185985e-02 1.300000000000000519e-13
4.620241371751312998e-02 1.300000000000000519e-13
4.706224849841281199e-02 1.300000000000000519e-13
4.793808495089109389e-02 1.300000000000000519e-13
4.883022086877879947e-02 1.300000000000000519e-13
4.973895958790062327e-02 1.300000000000000519e-13
5.066461008921268466e-02 1.300000000000000519e-13
5.160748710385907462e-02 1.300000000000000519e-13
5.256791122018421997e-02 1.300000000000000519e-13
5.354620899273607876e-02 1.300000000000000519e-13
5.454271305329833758e-02 1.300000000000000519e-13
5.555776222398877556e-02 1.300000000000000519e-13
5.659170163246242391e-02 1.300000000000000519e-13
5.764488282925876034e-02 1.300000000000000519e-13
5.871766390733255264e-02 1.300000000000000519e-13
5.981040962380940879e-02 1.300000000000000519e-13
6.092349152400711870e-02 1.300000000000000519e-13
6.205728806776500406e-02 1.300000000000000519e-13
6.321218475812451221e-02 1.300000000000000519e-13
6.438857427240420039e-02 1.300000000000000519e-13
6.558685659571432403e-02 1.300000000000000519e-13
6.680743915695615265e-02 1.300000000000000519e-13
6.805073696735206012e-02 1.300000000000000519e-13
6.931717276155408003e-02 1.300000000000000519e-13
7.060717714137772216e-02 1.300000000000000519e-13
7.192118872221189840e-02 1.300000000000000519e-13
7.325965428215229502e-02 1.300000000000000519e-13
7.462302891391107973e-02 1.300000000000000519e-13
7.601177617955330590e-02 1.300000000000000519e-13
7.742636826811269413e-02 1.300000000000000519e-13
7.886728615614152504e-02 1.300000000000000519e-13
8.033501977124735127e-02 1.300000000000000519e-13
8.183006815867389927e-02 1.300000000000000519e-13
8.335293965098194979e-02 1.300000000000000519e-13
8.490415204088747059e-02 1.300000000000000519e-13
8.648423275731721704e-02 1.300000000000000519e-13
8.809371904473990711e-02 1.300000000000000519e-13
8.973315814583519845e-02 1.300000000000000519e-13
9.140310748756232118e-02 1.300000000000000519e-13
9.310413487069074678e-02 1.300000000000000519e-13
9.483681866285922912e-02 1.300000000000000519e-13
9.660174799522645850e-02 1.300000000000000519e-13
9.839952296278231536e-02 1.300000000000000519e-13
1.002307548283865452e-01 1.300000000000000519e-13
1.020960662306046457e-01 1.300000000000000519e-13
1.039960913954119798e-01 1.300000000000000519e-13
1.059314763518370006e-01 1.300000000000000519e-13
1.079028791516184194e-01 1.300000000000000519e-13
1.099109700929497280e-01 1.300000000000000519e-13
1.119564319483878218e-01 1.300000000000000519e-13
1.140399601970032428e-01 1.300000000000000519e-13
1.161622632608501904e-01 1.300000000000000519e-13
1.183240627458378574e-01 1.300000000000000519e-13
1.205260936870842653e-01 1.300000000000000519e-13
1.227691047988359180e-01 1.300000000000000519e-13
1.250538587290390691e-01 1.300000000000000519e-13
1.273811323186478384e-01 1.300000000000000519e-13
1.297517168657587594e-01 1.300000000000000519e-13
1.321664183946605065e-01 1.300000000000000519e-13
1.346260579298910465e-01 1.300000000000000519e-13
1.371314717753944756e-01 1.300000000000000519e-13
1.396835117988739772e-01 1.300000000000000519e-13
1.422830457214352695e-01 1.300000000000000519e-13
1.449309574126216582e-01 1.300000000000000519e-13
1.476281471909390297e-01 1.300000000000000519e-13
1.503755321299737602e-01 1.300000000000000519e-13
1.531740463702079835e-01 1.300000000000000519e-13
1.560246414366368850e-01 1.300000000000000519e-13
1.589282865622977936e-01 1.300000000000000519e-13
1.618859690178198474e-01 1.300000000000000519e-13
1.648986944471065030e-01 1.300000000000000519e-13
1.679674872092653259e-01 1.300000000000000519e-13
1.710933907269014398e-01 1.300000000000000519e-13
1.742774678408919031e-01 1.300000000000000519e-13
1.775208011717634982e-01 1.300000000000000519e-13
1.808244934877951682e-01 1.300000000000000519e-13
1.841896680799710861e-01 1.300000000000000519e-13
1.876174691439120579e-01 1.300000000000000519e-13
1.911090621689137958e-01 1.300000000000000519e-13
1.946656343342262341e-01 1.300000000000000519e-13
1.982883949127071388e-01 1.300000000000000519e-13
2.019785756819878486e-01 1.300000000000000519e-13
2.057374313432912549e-01 1.300000000000000519e-13
2.095662399480432980e-01 1.300000000000000519e-13
2.134663033324244452e-01 1.300000000000000519e-13
2.174389475600080057e-01 1.300000000000000519e-13
2.214855233726359396e-01 1.300000000000000519e-13
2.256074066496860375e-01 1.300000000000000519e-13
2.298059988758850980e-01 1.300000000000000519e-13
2.340827276178293059e-01 1.300000000000000519e-13
2.384390470093720460e-01 1.300000000000000519e-13
2.428764382460451843e-01 1.300000000000000519e-13
2.473964100886812956e-01 1.300000000000000519e-13
2.520004993764092260e-01 1.300000000000000519e-13
2.566902715491950482e-01 1.300000000000000519e-13
2.614673211801092356e-01 1.300000000000000519e-13
2.663332725174982207e-01 1.300000000000000519e-13
2.712897800372465751e-01 1.300000000000000519e-13
2.763385290053169685e-01 1.300000000000000519e-13
2.814812360507579769e-01 1.300000000000000519e-13
2.867196497493769702e-01 1.300000000000000519e-13
2.920555512182746449e-01 1.300000000000000519e-13
2.974907547214440395e-01 1.300000000000000519e-13
3.030271082866396459e-01 1.300000000000000519e-13
3.086664943337272815e-01 1.300000000000000519e-13
3.144108303147264971e-01 1.300000000000000519e-13
3.202620693657651785e-01 1.300000000000000519e-13
3.262222009711669979e-01 1.300000000000000519e-13
3.322932516398971470e-01 1.300000000000000519e-13
3.384772855945981096e-01 1.300000000000000519e-13
3.447764054734464012e-01 1.300000000000000519e-13
3.511927530450729695e-01 1.300000000000000519e-13
3.577285099367873422e-01 1.300000000000000519e-13
3.643858983763544335e-01 1.300000000000000519e-13
3.711671819475764744e-01 1.300000000000000519e-13
3.780746663599349189e-01 1.300000000000000519e-13
3.851107002325570572e-01 1.300000000000000519e-13
3.922776758927719598e-01 1.300000000000000519e-13
3.995780301895269782e-01 1.300000000000000519e-13
4.070142453219436907e-01 1.300000000000000519e-13
4.145888496832911274e-01 1.300000000000000519e-13
4.223044187206674294e-01 1.300000000000000519e-13
4.301635758106794882e-01 1.300000000000000519e-13
4.381689931514192171e-01 1.300000000000000519e-13
4.463233926710394872e-01 1.300000000000000519e-13
4.546295469532399269e-01 1.300000000000000519e-13
4.630902801799739454e-01 1.300000000000000519e-13
4.717084690917017209e-01 1.300000000000000519e-13
4.804870439655131720e-01 1.300000000000000519e-13
4.894289896114529248e-01 1.300000000000000519e-13
4.985373463873893907e-01 1.300000000000000519e-13
5.078152112327672940e-01 1.300000000000000519e-13
5.172657387216018643e-01 1.300000000000000519e-13
5.268921421350674095e-01 1.300000000000000519e-13
5.366976945540475885e-01 1.300000000000000519e-13
5.466857299720180308e-01 1.300000000000000519e-13
5.568596444286411096e-01 1.300000000000000519e-13
5.672228971644543982e-01 1.300000000000000519e-13
5.777790117970503792e-01 1.300000000000000519e-13
5.885315775191450882e-01 1.300000000000000519e-13
5.994842503189409255e-01 1.300000000000000519e-13
6.106407542232039631e-01 1.300000000000000519e-13
6.220048825634711953e-01 1.300000000000000519e-13
6.335804992658250478e-01 1.300000000000000519e-13
6.453715401646702432e-01 1.300000000000000519e-13
6.573820143409585537e-01 1.300000000000000519e-13
6.696160054853218524e-01 1.300000000000000519e-13
6.820776732865685421e-01 1.300000000000000519e-13
6.947712548460236448e-01 1.300000000000000519e-13
7.077010661181889484e-01 1.300000000000000519e-13
7.208715033782135961e-01 1.300000000000000519e-13
7.342870447166761627e-01 1.300000000000000519e-13
7.479522515621821466e-01 1.300000000000000519e-13
7.618717702322995722e-01 1.300000000000000519e-13
7.760503335133570602e-01 1.300000000000000519e-13
7.904927622696424905e-01 1.300000000000000519e-13
8.052039670825473783e-01 1.300000000000000519e-13
8.201889499202202893e-01 1.300000000000000519e-13
8.354528058382867384e-01 1.300000000000000519e-13
8.510007247122246543e-01 1.300000000000000519e-13
8.668379930019778357e-01 1.300000000000000519e-13
8.829699955494086927e-01 1.300000000000000519e-13
8.994022174092044519e-01 1.300000000000000519e-13
9.161402457138516642e-01 1.300000000000000519e-13
9.331897715733238341e-01 1.300000000000000519e-13
9.505565920101196609e-01 1.300000000000000519e-13
9.682466119303123619e-01 1.300000000000000519e-13
9.862658461312820979e-01 1.300000000000000519e-13
1.004620421346813064e+00 1.300000000000000519e-13
1.023316578330244919e+00 1.300000000000000519e-13
1.042360673976401086e+00 1.300000000000000519e-13
1.061759183483000024e+00 1.300000000000000519e-13
1.081518702552288103e+00 1.300000000000000519e-13
1.101645949633657029e+00 1.300000000000000519e-13
1.122147768207980123e+00 1.300000000000000519e-13
1.143031129114478572e+00 1.300000000000000519e-13
1.164303132920876838e+00 1.300000000000000519e-13
1.185971012337669439e+00 1.300000000000000519e-13
1.208042134677328905e+00 1.300000000000000519e-13
1.230524004359261570e+00 1.300000000000000519e-13
1.253424265461399401e+00 1.300000000000000519e-13
1.276750704319265850e+00 1.300000000000000519e-13
1.300511252173408572e+00 1.300000000000000519e-13
1.324713987866117382e+00 1.300000000000000519e-13
1.349367140588306535e+00 1.300000000000000519e-13
1.374479092677536762e+00 1.300000000000000519e-13
1.400058382468097440e+00 1.300000000000000519e-13
1.426113707194128333e+00 1.300000000000000519e-13
1.452653925946781222e+00 1.300000000000000519e-13
1.479688062686396410e+00 1.300000000000000519e-13
1.507225309310755490e+00 1.300000000000000519e-13
1.535275028780422657e+00 1.300000000000000519e-13
1.563846758302246176e+00 1.300000000000000519e-13
1.592950212572122881e+00 1.300000000000000519e-13
1.622595287078087090e+00 1.300000000000000519e-13
1.652792061464895657e+00 1.300000000000000519e-13
1.683550802961202297e+00 1.300000000000000519e-13
1.714881969870539091e+00 1.300000000000000519e-13
1.746796215127245810e+00 1.300000000000000519e-13
1.779304389918577423e+00 1.300000000000000519e-13
1.812417547374237659e+00 1.300000000000000519e-13
1.846146946324547677e+00 1.300000000000000519e-13
1.880504055128581431e+00 1.300000000000000519e-13
1.915500555573527830e+00 1.300000000000000519e-13
1.951148346846616422e+00 1.300000000000000519e-13
1.987459549580983698e+00 1.300000000000000519e-13
2.024446509976803643e+00 1.300000000000000519e-13
2.062121803999142244e+00 1.300000000000000519e-13
2.100498241653915521e+00 1.300000000000000519e-13
2.139588871343421683e+00 1.300000000000000519e-13
2.179406984302955763e+00 1.300000000000000519e-13
2.219966119119954673e+00 1.300000000000000519e-13
2.261280066337277184e+00 1.300000000000000519e-13
2.303362873142131395e+00 1.300000000000000519e-13
2.346228848142262624e+00 1.300000000000000519e-13
2.389892566231050175e+00 1.300000000000000519e-13
2.434368873543110379e+00 1.300000000000000519e-13
2.479672892502157389e+00 1.300000000000000519e-13
2.525820026962784848e+00 1.300000000000000519e-13
2.572825967447932349e+00 1.300000000000000519e-13
2.620706696483852571e+00 1.300000000000000519e-13
2.669478494034320804e+00 1.300000000000000519e-13
2.719157943036019098e+00 1.300000000000000519e-13
2.769761935036890943e+00 1.300000000000000519e-13
2.821307675939470627e+00 1.300000000000000519e-13
2.873812691851066248e+00 1.300000000000000519e-13
2.927294835042816068e+00 1.300000000000000519e-13
2.981772290019673477e+00 1.300000000000000519e-13
3.037263579703311400e+00 1.300000000000000519e-13
3.093787571730136854e+00 1.300000000000000519e-13
3.151363484866479325e+00 1.300000000000000519e-13
3.210010895543171650e+00 1.300000000000000519e-13
3.269749744511767808e+00 1.300000000000000519e-13
3.330600343624588788e+00 1.300000000000000519e-13
3.392583382740991915e+00 1.300000000000000519e-13
3.455719936762139621e+00 1.300000000000000519e-13
3.520031472796679051e+00 1.300000000000000519e-13
3.585539857459817181e+00 1.300000000000000519e-13
3.652267364308175335e+00 1.300000000000000519e-13
3.720236681413065849e+00 1.300000000000000519e-13
3.789470919074667599e+00 1.300000000000000519e-13
3.859993617679767119e+00 1.300000000000000519e-13
3.931828755705770284e+00 1.300000000000000519e-13
4.005000757873610873e+00 1.300000000000000519e-13
4.079534503452449279e+00 1.300000000000000519e-13
4.155455334718875626e+00 1.300000000000000519e-13
4.232789065573548726e+00 1.300000000000000519e-13
4.311561990318228510e+00 1.300000000000000519e-13
4.391800892596085859e+00 1.300000000000000519e-13
4.473533054498463279e+00 1.300000000000000519e-13
4.556786265841063610e+00 1.300000000000000519e-13
4.641588833612777520e+00 1.300000000000000519e-13
4.727969591600390764e+00 1.300000000000000519e-13
4.815957910192350866e+00 1.300000000000000519e-13
4.905583706365045593e+00 1.300000000000000519e-13
4.996877453854883910e+00 1.300000000000000519e-13
5.089870193519679731e+00 1.300000000000000519e-13
5.184593543892913381e+00 1.300000000000000519e-13
5.281079711934331122e+00 1.300000000000000519e-13
5.379361503980702786e+00 1.300000000000000519e-13
5.479472336900286678e+00 1.300000000000000519e-13
5.581446249454960373e+00 1.300000000000000519e-13
5.685317913873753071e+00 1.300000000000000519e-13
5.791122647641758547e+00 1.300000000000000519e-13
5.898896425508499242e+00 1.300000000000000519e-13
6.008675891719686746e+00 1.300000000000000519e-13
6.120498372476696147e+00 1.300000000000000519e-13
6.234401888627863819e+00 1.300000000000000519e-13
6.350425168595961622e+00 1.300000000000000519e-13
6.468607661546327492e+00 1.300000000000000519e-13
6.588989550799949413e+00 1.300000000000000519e-13
6.711611767496280301e+00 1.300000000000000519e-13
6.836516004510238886e+00 1.300000000000000519e-13
6.963744730628222079e+00 1.300000000000000519e-13
7.093341204987996917e+00 1.300000000000000519e-13
7.225349491787214085e+00 1.300000000000000519e-13
7.359814475265763711e+00 1.300000000000000519e-13
7.496781874966877091e+00 1.300000000000000519e-13
7.636298261282241207e+00 1.300000000000000519e-13
7.778411071286489786e+00 1.300000000000000519e-13
7.923168624866253396e+00 1.300000000000000519e-13
8.070620141149499105e+00 1.300000000000000519e-13
8.220815755240540312e+00 1.300000000000000519e-13
8.373806535266488993e+00 1.300000000000000519e-13
8.529644499741024788e+00 1.300000000000000519e-13
8.688382635251183927e+00 1.300000000000000519e-13
8.850074914473438525e+00 1.300000000000000519e-13
9.014776314524917566e+00 1.300000000000000519e-13
9.182542835656281710e+00 1.300000000000000519e-13
9.353431520292385670e+00 1.300000000000000519e-13
9.527500472427290035e+00 1.300000000000000519e-13
9.704808877380306953e+00 1.300000000000000519e-13
9.885417021919574054e+00 1.300000000000000519e-13
1.006938631476027091e+01 1.300000000000000519e-13
1.025677930744421928e+01 1.300000000000000519e-13
1.044765971560804196e+01 1.300000000000000519e-13
1.064209244064724658e+01 1.300000000000000519e-13
1.084014359178330977e+01 1.300000000000000519e-13
1.104188050854160252e+01 1.300000000000000519e-13
1.124737178364751955e+01 1.300000000000000519e-13
1.145668728634871414e+01 1.300000000000000519e-13
1.166989818617147456e+01 1.300000000000000519e-13
1.188707697711903322e+01 1.300000000000000519e-13
1.210829750232039359e+01 1.300000000000000519e-13
1.233363497913775930e+01 1.300000000000000519e-13
1.256316602474120181e+01 1.300000000000000519e-13
1.279696868215941663e+01 1.300000000000000519e-13
1.303512244681508925e+01 1.300000000000000519e-13
1.327770829355429072e+01 1.300000000000000519e-13
1.352480870417875458e+01 1.300000000000000519e-13
1.377650769549053500e+01 1.300000000000000519e-13
1.403289084785873087e+01 1.300000000000000519e-13
1.429404533431761060e+01 1.300000000000000519e-13
1.456005995020648491e+01 1.300000000000000519e-13
1.483102514336104427e+01 1.300000000000000519e-13
1.510703304486654019e+01 1.300000000000000519e-13
1.538817750038346333e+01 1.300000000000000519e-13
1.567455410205595001e+01 1.300000000000000519e-13
1.596626022101425058e+01 1.300000000000000519e-13
1.626339504048192097e+01 1.300000000000000519e-13
1.656605958949913671e+01 1.300000000000000519e-13
1.687435677727375705e+01 1.300000000000000519e-13
1.718839142817145671e+01 1.300000000000000519e-13
1.750827031735725114e+01 1.300000000000000519e-13
1.783410220710008076e+01 1.300000000000000519e-13
1.816599788375326696e+01 1.300000000000000519e-13
1.850407019542302223e+01 1.300000000000000519e-13
1.884843409033795325e+01 1.300000000000000519e-13
1.919920665593284781e+01 1.300000000000000519e-13
1.955650715865949252e+01 1.300000000000000519e-13
1.992045708453869324e+01 1.300000000000000519e-13
2.029118018046678174e+01 1.300000000000000519e-13
2.066880249629081945e+01 1.300000000000000519e-13
2.105345242766706093e+01 1.300000000000000519e-13
2.144526075971667467e+01 1.300000000000000519e-13
2.184436071149426084e+01 1.300000000000000519e-13
2.225088798128369305e+01 1.300000000000000519e-13
2.266498079273692667e+01 1.300000000000000519e-13
2.308677994187169702e+01 1.300000000000000519e-13
2.351642884494348706e+01 1.300000000000000519e-13
2.395407358720876800e+01 1.300000000000000519e-13
2.439986297259550341e+01 1.300000000000000519e-13
2.485394857429798421e+01 1.300000000000000519e-13
2.531648478631355559e+01 1.300000000000000519e-13
2.578762887593800812e+01 1.300000000000000519e-13
2.626754103723835598e+01 1.300000000000000519e-13
2.675638444552045314e+01 1.300000000000000519e-13
2.725432531281027693e+01 1.300000000000000519e-13
2.776153294436801033e+01 1.300000000000000519e-13
2.827817979625341138e+01 1.300000000000000519e-13
2.880444153396297935e+01 1.300000000000000519e-13
2.934049709215787161e+01 1.300000000000000519e-13
2.988652873550382694e+01 1.300000000000000519e-13
3.044272212064302607e+01 1.300000000000000519e-13
3.100926635931926612e+01 1.300000000000000519e-13
3.158635408267819145e+01 1.300000000000000519e-13
3.217418150676371624e+01 1.300000000000000519e-13
3.277294849923382003e+01 1.300000000000000519e-13
3.338285864731761166e+01 1.300000000000000519e-13
3.400411932703705986e+01 1.300000000000000519e-13
3.463694177371734639e+01 1.300000000000000519e-13
3.528154115380883127e+01 1.300000000000000519e-13
3.593813663804625946e+01 1.300000000000000519e-13
3.660695147596902643e+01 1.300000000000000519e-13
3.728821307182833777e+01 1.300000000000000519e-13
3.798215306190736129e+01 1.300000000000000519e-13
3.868900739327975202e+01 1.300000000000000519e-13
3.940901640403447459e+01 1.300000000000000519e-13
4.014242490499322003e+01 1.300000000000000519e-13
4.088948226294860433e+01 1.300000000000000519e-13
4.165044248545184757e+01 1.300000000000000519e-13
4.242556430717777260e+01 1.300000000000000519e-13
4.321511127789761986e+01 1.300000000000000519e-13
4.401935185208874657e+01 1.300000000000000519e-13
4.483855948021186322e+01 1.300000000000000519e-13
4.567301270168746896e+01 1.300000000000000519e-13
4.652299523960189020e+01 1.300000000000000519e-13
4.738879609717650965e+01 1.300000000000000519e-13
4.827070965603183339e+01 1.300000000000000519e-13
4.916903577628026056e+01 1.300000000000000519e-13
5.008407989848212338e+01 1.300000000000000519e-13
5.101615314749833630e+01 1.300000000000000519e-13
5.196557243827657402e+01 1.300000000000000519e-13
5.293266058360561033e+01 1.300000000000000519e-13
5.391774640387500028e+01 1.300000000000000519e-13
5.492116483887789258e+01 1.300000000000000519e-13
5.594325706169377810e+01 1.300000000000000519e-13
5.698437059469141985e+01 1.300000000000000519e-13
5.804485942768977935e+01 1.300000000000000519e-13
5.912508413831875487e+01 1.300000000000000519e-13
6.022541201461928040e+01 1.300000000000000519e-13
6.134621717992506262e+01 1.300000000000000519e-13
6.248788072006894367e+01 1.300000000000000519e-13
6.365079081295571228e+01 1.300000000000000519e-13
6.483534286054720042e+01 1.300000000000000519e-13
6.604193962330305112e+01 1.300000000000000519e-13
6.727099135712336420e+01 1.300000000000000519e-13
6.852291595284064840e+01 1.300000000000000519e-13
6.979813907830660469e+01 1.300000000000000519e-13
7.109709432312430977e+01 1.300000000000000519e-13
7.242022334607315770e+01 1.300000000000000519e-13
7.376797602527730646e+01 1.300000000000000519e-13
7.514081061116969806e+01 1.300000000000000519e-13
7.653919388230147547e+01 1.300000000000000519e-13
7.796360130405228972e+01 1.300000000000000519e-13
7.941451719029339529e+01 1.300000000000000519e-13
8.089243486805938232e+01 1.300000000000000519e-13
8.239785684528519027e+01 1.300000000000000519e-13
8.393129498166364044e+01 1.300000000000000519e-13
8.549327066268375575e+01 1.300000000000000519e-13
8.708431497690723688e+01 1.300000000000000519e-13
8.870496889654403105e+01 1.300000000000000519e-13
9.035578346138929362e+01 1.300000000000000519e-13
9.203731996618220990e+01 1.300000000000000519e-13
9.375015015145289965e+01 1.300000000000000519e-13
9.549485639791966207e+01 1.300000000000000519e-13
9.727203192450537017e+01 1.300000000000000519e-13
9.908228099003797240e+01 1.300000000000000519e-13
1.009262190987048342e+02 1.300000000000000519e-13
1.028044732093309790e+02 1.300061042693361598e-13
1.047176819485520269e+02 1.300136578494045888e-13
1.066664958279538808e+02 1.300212118683490803e-13
1.086515774652537232e+02 1.300287663261952059e-13
1.106736018095974572e+02 1.300363212229689413e-13
1.127332563710487108e+02 1.300438765586947475e-13
1.148312414543511153e+02 1.300514323333986758e-13
1.169682703970384665e+02 1.300589885471067271e-13
1.191450698119774785e+02 1.300665451998433876e-13
1.213623798344241749e+02 1.300741022916346582e-13
1.236209543736769092e+02 1.300816598225065902e-13
1.259215613694150875e+02 1.300892177924836447e-13
1.282649830528060022e+02 1.300967762015918729e-13
1.306520162124720059e+02 1.301043350498573010e-13
1.330834724654075956e+02 1.301118943373043646e-13
1.355601785329369022e+02 1.301194540639591658e-13
1.380829765218092291e+02 1.301270142298477052e-13
1.406527242105236439e+02 1.301345748349944692e-13
1.432702953409829547e+02 1.301421358794255091e-13
1.459365799155757770e+02 1.301496973631663208e-13
1.486524844997857144e+02 1.301572592862429810e-13
1.514189325304351996e+02 1.301648216486799507e-13
1.542368646296627333e+02 1.301723844505033064e-13
1.571072389247448768e+02 1.301799476917390742e-13
1.600310313738701780e+02 1.301875113724117657e-13
1.630092360979741102e+02 1.301950754925474069e-13
1.660428657187529495e+02 1.302026400521720491e-13
1.691329517029647036e+02 1.302102050513102292e-13
1.722805447131392214e+02 1.302177704899879479e-13
1.754867149648152065e+02 1.302253363682313071e-13
1.787525525904235337e+02 1.302329026860647931e-13
1.820791680099462440e+02 1.302404694435144571e-13
1.854676923084697648e+02 1.302480366406058456e-13
1.889192776207664508e+02 1.302556042773650353e-13
1.924350975230332210e+02 1.302631723538165123e-13
1.960163474319185752e+02 1.302707408699863533e-13
1.996642450109793288e+02 1.302783098259006349e-13
2.033800305846980052e+02 1.302858792215838432e-13
2.071649675602066907e+02 1.302934490570620801e-13
2.110203428568596564e+02 1.303010193323613970e-13
2.149474673437980528e+02 1.303085900475063054e-13
2.189476762856620837e+02 1.303161612025229070e-13
2.230223297965936240e+02 1.303237327974372532e-13
2.271728133026902583e+02 1.303313048322738808e-13
2.314005380130654146e+02 1.303388773070588410e-13
2.357069413996727860e+02 1.303464502218182610e-13
2.400934876860651741e+02 1.303540235765766270e-13
2.445616683452444136e+02 1.303615973713600156e-13
2.491130026067791050e+02 9.878871634174684286e-14
2.537490379733571615e+02 8.372948624520075600e-14
2.584713507469563751e+02 8.574616377160873537e-14
2.632815465648019995e+02 8.781141424917049342e-14
2.681812609453012897e+02 8.992640758807425786e-14
2.731721598441379228e+02 9.241855146633290381e-14
2.782559402207126027e+02 9.531785841623859305e-14
2.834343306151309321e+02 8.298154238360069584e-14
2.887090917359234368e+02 7.431866480106871689e-14
2.940820170587060716e+02 7.114952288417810000e-14
2.995549334359816385e+02 6.970065198988824674e-14
3.051297017182870945e+02 6.888796504951276398e-14
3.108082173869063922e+02 6.832836353722516479e-14
3.165924111983520675e+02 7.163430214719199288e-14
3.224842498408438587e+02 7.570306529389194051e-14
3.284857366030046819e+02 7.900367080388014765e-14
3.345989120549974700e+02 8.184588923730860987e-14
3.408258547423452001e+02 8.203615821316945908e-14
3.471686818926559681e+02 8.229167505741538264e-14
3.536295501355039050e+02 8.322862677221400623e-14
3.602106562357073472e+02 8.383211152798426267e-14
3.669142378402493705e+02 8.369089629362085485e-14
3.737425742391064318e+02 8.400057670590391915e-14
3.806979871402284061e+02 8.485459881856034912e-14
3.877828414589453132e+02 8.604877074583516038e-14
3.949995461220647144e+02 8.751178289368422984e-14
4.023505548869293307e+02 8.848439977421145732e-14
4.098383671757261482e+02 8.907842406788370596e-14
4.174655289253134924e+02 8.745936378807539692e-14
4.252346334528677403e+02 8.520341085611773192e-14
4.331483223376403089e+02 8.377237687170165704e-14
4.412092863191189736e+02 8.257241848622783782e-14
4.494202662119142246e+02 8.227029017209698391e-14
4.577840538376616450e+02 8.203615821316945908e-14
4.663034929742726717e+02 8.203615821316945908e-14
4.749814803228504729e+02 8.187980819235238194e-14
4.838209664925957441e+02 8.133586266080838107e-14
4.928249570040513277e+02 7.956140219633919062e-14
5.019965133110079023e+02 7.604211782848528842e-14
5.113387538414320943e+02 7.315413414269975950e-14
5.208548550577665992e+02 7.084795806903281151e-14
5.305480525369574707e+02 6.904668623698204231e-14
5.404216420705914743e+02 6.754985491431897168e-14
5.504789807854967876e+02 6.682888413413191598e-14
5.607234882852027340e+02 6.637972747872305076e-14
5.711586478126434940e+02 6.593358960334759776e-14
5.817880074344935792e+02 6.546552915664958898e-14
5.926151812475552560e+02 6.483782704905833637e-14
6.036438506075863870e+02 6.423238163862816614e-14
6.148777653810017227e+02 6.388946791954328186e-14
6.263207452198691954e+02 6.363251538177099991e-14
6.379766808606282211e+02 6.363251538177099991e-14
6.498495354469888525e+02 6.329045513576311430e-14
6.619433458774387873e+02 6.223237242227313338e-14
6.742622241778335592e+02 5.664112118094893878e-14
6.868103588995306836e+02 4.056248162050435751e-14
6.995920165435373974e+02 2.599382417971336981e-14
7.126115430111744899e+02 2.304672624369130379e-14
7.258733650817246144e+02 2.405367172573873029e-14
7.393819919175873565e+02 2.510865844042404264e-14
7.531420165974375323e+02 2.618955759568337911e-14
7.671581176779302496e+02 2.725667063684156689e-14
7.814350607844542083e+02 2.833433911157118432e-14
7.959777002314978063e+02 2.949298075700780219e-14
8.107909806731694289e+02 3.070503726825644205e-14
8.258799387844271678e+02 3.188323752950816872e-14
8.412497049736118697e+02 3.283419009113737212e-14
8.569055051268347825e+02 3.236104390935644437e-14
8.728526623848371173e+02 3.178113055990516913e-14
8.890965989529166791e+02 3.174395656032791354e-14
9.056428379445294468e+02 3.170576114458645080e-14
9.224970052592174170e+02 3.154580578016146691e-14
9.396648314954691159e+02 3.077363157367332014e-14
9.571521538991855778e+02 2.896143316773864142e-14
9.749649183484095829e+02 2.807514634676740275e-14
9.931091813749800394e+02 2.813628698637697175e-14
1.011591112223829782e+03 2.118740570519339878e-14
1.030416994950587423e+03 9.482001704942439522e-15
1.049593230558226651e+03 9.447288700549579635e-15
1.069126339173477163e+03 9.419722706325333120e-15
1.089022962263730506e+03 9.392237146187696624e-15
1.109289864895222763e+03 9.366836819114208946e-15
1.129933938033221693e+03 9.343229337073274261e-15
1.150962200885031052e+03 9.319681353582206881e-15
1.172381803286599734e+03 9.295915434770173093e-15
1.194200028133532442e+03 9.269273062574612718e-15
1.216424293857367957e+03 9.242226495479581028e-15
1.239062156947915582e+03 9.215258846848419422e-15
1.262121314522546072e+03 9.188369886407099748e-15
1.285609606943296512e+03 9.161559384553354674e-15
1.309535020482667733e+03 9.134827112354983207e-15
1.333905690039058754e+03 9.108172841547739703e-15
1.358729901902709116e+03 9.081596344533421671e-15
1.384016096573130199e+03 9.055097394377973348e-15
1.409772871628967778e+03 9.028675764809423617e-15
1.436008984651260562e+03 9.002531182826048200e-15
1.462733356201129936e+03 8.977455804422146477e-15
1.489955072852853618e+03 8.952450270219724294e-15
1.517683390283403924e+03 8.927514385676889779e-15
1.545927736419478606e+03 8.902647956793551776e-15
1.574697714643086783e+03 8.877850790110119798e-15
1.604003107056819999e+03 8.853122692705647050e-15
1.633853877809860251e+03 8.828400585815543666e-15
1.664260176485901866e+03 8.802723993888116782e-15
1.695232341554121376e+03 8.777038758000380939e-15
1.726780903884355894e+03 8.751428468384170463e-15
1.758916590327732592e+03 8.726796778124964714e-15
1.791650327363899578e+03 8.703645861121821829e-15
1.824993244816150536e+03 8.680556360119498084e-15
1.858956679635688261e+03 8.658113501359077917e-15
1.893552179756295118e+03 8.654696747778808878e-15
1.928791508020777655e+03 8.656995012801376980e-15
1.964686646180444541e+03 8.659293888130993303e-15
2.001249798969035055e+03 8.715081688444716645e-15
2.038493398252464203e+03 8.985861597958178843e-15
2.076430107255774601e+03 9.265054711388365302e-15
2.115072824868794669e+03 9.564131011661041381e-15
2.154434690031882383e+03 9.981775989104028539e-15
2.194529086203311181e+03 1.041912479014331503e-14
2.235369645909796418e+03 1.087563590999032709e-14
2.276970255381680090e+03 1.135214894043362409e-14
2.319345059274427513e+03 1.184954025974770376e-14
2.362508465477945265e+03 1.236621080298817759e-14
2.406475150015421605e+03 1.290483677724671359e-14
2.451260062033339636e+03 1.346769241113684372e-14
2.496878428884326695e+03 1.405763180891713624e-14
2.543345761304648022e+03 1.467356312452598332e-14
2.590677858688006381e+03 1.531648130326395037e-14
2.638890814457512988e+03 1.598756876720182576e-14
2.688001021537607357e+03 1.668839160818282449e-14
2.738025177927857840e+03 1.742323754800793288e-14
2.788980292380439550e+03 1.819113596300867126e-14
2.840883690183301042e+03 1.897212497824499848e-14
2.893753019050953299e+03 1.973485589157544646e-14
2.947606255124858762e+03 2.052825065762738852e-14
3.002461709085549501e+03 2.123942628611451645e-14
3.058338032378431762e+03 2.141191327546005488e-14
3.115254223555484714e+03 2.158580104470853526e-14
3.173229634734979300e+03 2.176110096969962934e-14
3.232283978181380917e+03 2.179668161056116914e-14
3.292437333007768757e+03 2.172730615204649130e-14
3.353710152002928680e+03 2.165815150486126780e-14
3.416123268585524784e+03 2.158921696619718236e-14
3.479697903887695247e+03 2.150368710068459429e-14
3.544455673970435782e+03 2.141815684372822202e-14
3.610418597173337275e+03 2.133296678074969693e-14
3.677609101601030488e+03 2.124922470122299486e-14
3.746050032748988997e+03 2.116750784479457380e-14
3.815764661271252407e+03 2.108611746145031449e-14
3.886776690892667830e+03 2.100504002918889186e-14
3.959110266468458576e+03 2.063801629966042527e-14
4.032789982193705328e+03 2.020613623539501312e-14
4.107840889965642418e+03 1.978329388033583598e-14
4.184288507901585035e+03 1.913006694376126377e-14
4.262158829015324955e+03 1.830354372391211677e-14
4.341478330055092556e+03 1.751252243887300766e-14
4.422273980505897271e+03 1.675190162004263913e-14
4.504573251759454251e+03 1.602300965984484533e-14
4.588404126454761354e+03 1.532583251637002690e-14
4.673795107992463272e+03 1.465899024628680445e-14
4.760775230226367967e+03 1.402171643397014607e-14
4.849374067335233121e+03 1.349638208951833636e-14
4.939621743878316011e+03 1.304850559809300084e-14
5.031548945038056445e+03 1.261553399283692543e-14
5.125186927053332511e+03 1.239316677683713080e-14
5.220567527846975281e+03 1.236850321742220444e-14
5.317723177850966749e+03 1.234388874079410656e-14
5.416686911033146316e+03 1.231932324927350346e-14
5.517492376129128388e+03 1.234391321172534772e-14
5.620173848083188204e+03 1.237343616575201090e-14
5.724766239702178609e+03 1.240302972986799513e-14
5.831305113526218520e+03 1.248453192736424434e-14
5.939826693920350408e+03 1.267745662207033047e-14
6.050367879391224051e+03 1.287424090405731493e-14
6.162966255132942024e+03 1.328162448251679824e-14
6.277660105806499814e+03 1.435033022787983433e-14
6.394488428556936924e+03 1.550501525465274079e-14
6.513490946272796464e+03 1.674734170731533770e-14
6.634708121092350666e+03 1.808087937745005424e-14
6.758181168161110691e+03 1.954509748980765370e-14
6.883952069645496522e+03 2.118380822428246405e-14
7.012063589007177143e+03 1.920012890361102821e-14
7.142559285543118676e+03 1.728769885442343721e-14
7.275483529196232666e+03 1.647353401044223005e-14
7.410881515641569422e+03 1.740544919132569554e-14
7.548799281653431535e+03 1.588908009134999878e-14
7.689283720758305208e+03 1.584821512258996237e-14
7.832382599179204590e+03 1.642708947240237271e-14
7.978144572076628720e+03 1.827454335626332990e-14
8.126619200091945459e+03 1.861466582329269434e-14
8.277856966198472946e+03 1.501825044937789458e-14
8.431909292866250325e+03 1.261016718555653040e-14
8.588828559546258475e+03 1.253164788300676977e-14
8.748668120479915160e+03 1.238206626839779859e-14
8.911482322840201959e+03 1.207175935718271390e-14
9.077326525210222826e+03 1.072749953967599842e-14
9.246257116405733541e+03 8.824194279206956097e-15
9.418331534647961234e+03 9.114666457687437792e-15
9.593608287093147737e+03 9.226779137580790574e-15
9.772146969725725285e+03 8.003349741094230759e-15
9.954008287621518321e+03 7.316643533866163772e-15
1.013925407558814368e+04 6.974871243184737427e-15
1.032794731918952493e+04 7.606054739657395089e-15
1.052015217616159134e+04 8.213961683001339992e-15
1.071593399822671199e+04 6.515557737891387546e-15
1.091535935331391011e+04 5.168333415001323202e-15
1.111849604819269916e+04 4.590434625578971724e-15
1.132541315152812604e+04 4.511227023834639731e-15
1.153618101736478457e+04 6.031898939276924821e-15
1.175087130904807600e+04 6.594014602702211472e-15
1.196955702359042880e+04 6.361991428440487863e-15
1.219231251649109436e+04 6.138132438918729425e-15
1.241921352701784599e+04 5.922150361485435472e-15
1.265033720395903765e+04 6.177804597026542136e-15
1.288576213185518100e+04 4.206450351057252964e-15
1.312556835771842816e+04 3.191217334071034146e-15
1.336983741824945173e+04 2.602989484869430715e-15
1.361865236756082777e+04 2.480816230650989552e-15
1.387209780541620967e+04 2.639466013544275727e-15
1.413025990599533725e+04 2.779229894507563460e-15
1.439322644719406526e+04 2.821662643983787113e-15
1.466108684046983035e+04 2.723590392499969704e-15
1.493393216124253377e+04 2.659075490495540169e-15
1.521185517986104787e+04 2.634956528739245616e-15
1.549495039314631686e+04 2.665294153547759146e-15
1.578331405652116518e+04 2.745035039948308939e-15
1.607704421673822071e+04 2.690880501204396112e-15
1.637624074521688999e+04 2.562782127992921921e-15
1.668100537200059262e+04 2.346094835982710598e-15
1.699144172034625808e+04 2.116289097229940652e-15
1.730765534195724103e+04 1.764971486761352350e-15
1.762975375287203860e+04 1.489508059513818687e-15
1.795784647002096972e+04 1.269807055711803154e-15
1.829204504846293639e+04 1.077589401689281862e-15
1.863246311931559831e+04 9.484263271434697597e-16
1.897921642839099513e+04 8.648588455858122761e-16
1.933242287555043367e+04 9.287746438066390841e-16
1.969220255479173647e+04 1.090805266132148651e-15
2.005867779508234162e+04 1.387518863829684733e-15
2.043197320195270368e+04 1.445645025530906585e-15
2.081221569986337272e+04 1.389048726865623690e-15
2.119953457536068890e+04 1.212303811637015852e-15
2.159406152103567729e+04 9.786197399848396336e-16
2.199593068030074937e+04 8.196003218479750919e-16
2.240527869300018210e+04 7.068385963832311326e-16
2.282224474186896259e+04 6.061934110140905275e-16
2.324697059985645683e+04 5.300266972611908590e-16
2.367960067833078574e+04 4.766590688593479631e-16
2.412028207618006854e+04 4.434133608770210195e-16
2.456916462982790108e+04 4.191477790828693476e-16
2.502640096417916720e+04 4.311724479296959531e-16
2.549214654451420574e+04 4.544259950621594800e-16
2.596655972934872261e+04 4.442807648378187309e-16
2.644980182427719774e+04 4.297593405556883402e-16
2.694203713681882437e+04 3.605280067542911933e-16
2.744343303228362493e+04 6.769790480004148833e-16
2.795415999067859229e+04 8.212362852340775006e-16
2.847439166467247924e+04 8.151369499164371727e-16
2.900430493863991433e+04 7.393756266349722023e-16
2.954407998880379819e+04 7.249025390677145598e-16
3.009390034449718223e+04 7.256800357399325806e-16
3.065395295056529721e+04 7.285341882390098883e-16
3.122442823092858089e+04 7.316647875814299370e-16
3.180552015332919837e+04 6.741689342254826193e-16
3.239742629528195539e+04 6.227300555079571549e-16
3.300034791125282209e+04 5.988348842948168429e-16
3.361449000108768814e+04 5.463840849846228032e-16
3.424006137971425778e+04 3.836974869409607148e-16
3.487727474814177549e+04 3.134681366097394403e-16
3.552634676578139624e+04 3.118091878063058943e-16
3.618749812411276798e+04 3.099465195253928045e-16
3.686095362172161549e+04 3.022360297501011235e-16
3.754694224073336954e+04 2.924588671044659114e-16
3.824569722466998792e+04 2.691620867999517557e-16
3.895745615775501210e+04 2.143134232809489268e-16
3.968246104569477757e+04 1.708797202004367656e-16
4.042095839796309883e+04 1.693982022460700426e-16
4.117319931161679415e+04 1.969333141334804441e-16
4.193943955667185946e+04 2.065010826417141829e-16
4.271993966306776565e+04 2.022364049713013784e-16
4.351496500925045257e+04 1.357939620628287038e-16
4.432478591240400419e+04 1.499621144811116664e-16
4.514967772036101815e+04 1.781424910533882194e-16
4.598992090522438230e+04 1.573882298216212464e-16
4.684580115873044997e+04 1.180957951698362101e-16
4.771760948938741058e+04 1.142869708318474225e-16
4.860564232142138644e+04 1.316695460638536366e-16
4.951020159556351427e+04 1.277761549733571643e-16
5.043159487171359069e+04 1.194906528881496169e-16
5.137013543351338740e+04 9.873513350657900051e-17
5.232614239486656879e+04 5.025437377024333389e-17
5.329994080844092969e+04 3.937917548724695682e-17
5.429186177618942747e+04 3.611991310422961809e-17
5.530224256192900066e+04 7.678408833389774189e-17
5.633142670601351711e+04 8.098513298308792833e-17
5.737976414214127726e+04 5.346270945561762445e-17
5.844761131633637706e+04 4.059863285010793531e-17
5.953533130814370088e+04 5.151121192704951245e-17
6.064329395408061828e+04 5.513192911697323010e-17
6.177187597338488558e+04 5.271146435328710794e-17
6.292146109610337589e+04 3.644728932880429979e-17
6.409244019356456556e+04 4.065647553648243307e-17
6.528521141127847659e+04 4.355874414947798891e-17
6.650018030431118677e+04 4.364271234208738064e-17
6.773775997517745418e+04 4.127650384601734829e-17
6.899837121430011757e+04 3.746850295231198151e-17
7.028244264308353013e+04 3.163795576127206615e-17
7.159041085964888043e+04 2.460511796032149730e-17
7.292272058728312550e+04 2.406099617259851410e-17
7.427982482564910606e+04 1.668130847005432588e-17
7.566218500481046794e+04 1.451069018933896132e-17
7.707027114212303422e+04 1.628060657987709103e-17
7.850456200204508787e+04 2.348997118191453652e-17
7.996554525892346282e+04 2.484164268880010850e-17
8.145371766280736483e+04 2.365601326042435737e-17
8.296958520834914816e+04 2.235809517684095730e-17
8.451366330684721470e+04 2.122537697988359547e-17
8.608647696149244439e+04 2.007796072952454289e-17
8.768856094587426924e+04 1.870546996904027436e-17
8.932045998580958985e+04 1.659344615948779840e-17
9.098272894455568166e+04 1.356777090767487032e-17
9.267593301146883459e+04 1.341637773967435791e-17
9.440064789417602879e+04 1.213992957722390499e-17
9.615746001432095363e+04 9.481135872151880455e-18
9.794696670695385546e+04 9.506749004812897001e-18
9.976977642363210907e+04 1.125288120991927157e-17
1.016265089392995142e+05 1.081595545591534747e-17
1.035177955630176293e+05 1.028504234756833990e-17
1.054442793526168389e+05 9.117331903698832583e-18
1.074066153333432303e+05 7.983351842819405082e-18
1.094054707205743616e+05 7.526953406451523300e-18
1.114415251466788177e+05 7.701708548028837199e-18
1.135154708920998964e+05 6.664862480912173494e-18
1.156280131207375380e+05 5.505264781657328787e-18
1.177798701197118062e+05 5.501659474533475626e-18
1.199717735435885552e+05 5.550650939144776942e-18
1.222044686631488730e+05 5.800048793877665779e-18
1.244787146187906183e+05 5.799120812609570169e-18
1.267952846786433947e+05 5.260804095595877931e-18
1.291549665014882630e+05 3.635984883402755326e-18
1.315585624045705190e+05 4.404453951752767125e-18
1.340068896363950626e+05 4.697277387220454311e-18
1.365007806546013744e+05 4.452337231316154273e-18
1.390410834090069693e+05 4.211227877381757933e-18
1.416286616299197485e+05 3.942549431725381453e-18
1.442643951218158763e+05 3.552578298765559327e-18
1.469491800624817261e+05 2.713324783979042082e-18
1.496839293077255425e+05 2.456068845633710592e-18
1.524695727017573081e+05 2.652803536563426855e-18
1.553070573933458363e+05 2.920647114740346618e-18
1.581973481578601641e+05 2.814860176656402762e-18
1.611414277253019973e+05 2.680497625786623275e-18
1.641402971144466428e+05 2.485385967722826782e-18
1.671949759731988306e+05 2.341675335359435517e-18
1.703065029252842651e+05 2.257864275663771727e-18
1.734759359233932628e+05 2.126378920955381516e-18
1.767043526088946674e+05 1.957361487686462128e-18
1.799928506782476325e+05 1.642353648303937535e-18
1.833425482562288817e+05 1.628290505452049647e-18
1.867545842761074018e+05 1.703274750562401416e-18
1.902301188668945688e+05 1.468992222978281488e-18
1.937703337477988971e+05 1.355551768529128552e-18
1.973764326300255489e+05 1.329983417555542454e-18
2.010496416260497062e+05 1.309781919304770891e-18
2.047912096665083372e+05 1.293734368342323719e-18
2.086024089248504897e+05 1.252124246771353680e-18
2.124845352498882858e+05 1.198926259700728211e-18
2.164389086064020230e+05 1.137831926520313575e-18
2.204668735239407688e+05 1.076718224935198099e-18
2.245697995539771800e+05 1.017956599027728912e-18
2.287490817355704203e+05 9.622494163038086114e-19
2.330061410696924722e+05 9.095907822213682681e-19
2.373424250023866189e+05 8.597911110790409779e-19
2.417594079169128381e+05 8.123039552790737994e-19
2.462585916350544139e+05 7.675612980624458378e-19
2.508415059277541295e+05 7.259458720895006444e-19
2.555097090352507075e+05 6.864053060623114276e-19
2.602647881969004520e+05 6.484944283027149799e-19
2.651083601908536511e+05 6.127907538339358513e-19
2.700420718837769818e+05 5.792560761001740950e-19
2.750676007908067550e+05 5.474263609331240124e-19
2.801866556459195563e+05 5.171914346171079865e-19
2.854009769829237484e+05 4.884844095917441170e-19
2.907123377272575162e+05 4.612576130331594544e-19
2.961225437988037593e+05 4.356980020299664020e-19
3.016334347259197384e+05 4.116339489855444127e-19
3.072468842709003366e+05 3.888989785768595362e-19
3.129648010670750518e+05 3.674196841899382791e-19
3.187891292677642778e+05 3.468150076593532380e-19
3.247218492073132074e+05 3.273089983085319204e-19
3.307649780744242598e+05 3.089000706652218647e-19
3.369205705980267376e+05 2.915375244605237144e-19
3.431907197459042654e+05 2.754356042764256332e-19
3.495775574363271589e+05 2.602230098629804295e-19
3.560832552629281417e+05 2.458506228344694048e-19
3.627100252330648364e+05 2.322720376646278796e-19
3.694601205199302640e+05 2.194434118525839977e-19
3.763358362286532647e+05 2.075809235349121263e-19
3.833395101766597363e+05 1.968532082795868170e-19
3.904735236885563936e+05 1.878439498586767804e-19
3.977403024058036390e+05 1.807329150838616773e-19
4.051423171114647412e+05 1.734977366840988634e-19
4.126820845702951774e+05 1.662155449810647092e-19
4.203621683844709187e+05 1.576953373103003497e-19
4.281851798652415746e+05 1.487462884341757767e-19
4.361537789208005415e+05 1.403050889158926604e-19
4.442706749606882804e+05 1.323429188245443584e-19
4.525386278170166770e+05 1.246122904524956919e-19
4.609604486828428926e+05 1.172889383793415053e-19
4.695390010680062696e+05 1.105598427583006063e-19
4.782772017727485509e+05 1.042262777899505947e-19
4.871780218794631073e+05 9.810099331954551950e-20
4.962444877628913382e+05 9.231792732791185720e-20
5.054796821191235213e+05 8.675287783171407639e-20
5.148867450137497508e+05 8.156144446666879569e-20
5.244688749495118391e+05 7.680930977424041507e-20
5.342293299538352294e+05 7.222360227451688916e-20
5.441714286865887698e+05 6.768822176073081603e-20
5.542985515684663551e+05 6.355073481027083808e-20
5.646141419303672155e+05 5.981591536482656956e-20
5.751217071841614088e+05 5.622309445459700895e-20
5.858248200152536156e+05 5.277728383877920370e-20
5.967271195973310387e+05 4.949388806278602464e-20
6.078323128297224175e+05 4.638585123822747736e-20
6.191441755977848079e+05 4.347298786398582418e-20
6.306665540567405988e+05 4.074304175461095056e-20
6.424033659394191345e+05 3.806869974590011348e-20
6.543586018883228535e+05 3.554451250521448425e-20
6.665363268124907045e+05 3.323620022074014390e-20
6.789406812696112320e+05 3.108191868133016012e-20
6.915758828738525044e+05 2.900544691002586078e-20
7.044462277299036505e+05 2.706004828262546079e-20
7.175560918936921516e+05 2.518467916787616376e-20
7.309099328602902824e+05 2.343415445863342970e-20
7.445122910795143107e+05 2.178670682014072687e-20
7.583677914997190237e+05 2.023537386409736116e-20
7.724811451403399697e+05 1.875240053778914216e-20
7.868571506936843507e+05 1.736316711676919092e-20
8.015006961565397214e+05 1.605622607191236090e-20
8.164167604921471793e+05 1.482381448053660705e-20
8.316104153230962111e+05 1.366399948945738381e-20
8.470868266557402676e+05 1.252644484349917308e-20
8.628512566366887186e+05 1.144164540222130735e-20
8.789090653419963783e+05 1.043908500587802357e-20
8.952657125996400137e+05 9.519732740885821221e-21
9.119267598459298024e+05 8.556395997438193413e-21
9.288978720164498081e+05 7.661940466281460850e-21
9.461848194721991895e+05 6.743633806538991668e-21
9.637934799615795491e+05 5.923275016481437724e-21
9.817298406188840745e+05 5.488601135177615522e-21
1.000000000000000000e+06 1.000000000000000000e+00
