# CRESST Surface
# https://arxiv.org/pdf/2010.07240
# mass [GeV]    sigma_contact [cm^2]
0.15935414621139782	4.729841916791187e-25
0.1764722870194164	2.301246760682719e-28
0.2939288701184691	1.8099588937619554e-29
0.3991918664143828	7.754799116401107e-30
0.6648863469579913	5.075998351652317e-30
1.3581240463159918	8.931414506078425e-30
3.072165505575877	3.6678973917049204e-29
35.55986619782597	3.8811198601877485e-27
138141.75307301688	3.275951197108081e-23
5275.9938860563325	3.275951197108081e-23
35.55986619782597	3.5657200187482626e-25
9.438200893650285	2.333985531532326e-25
0.3604695112269913	7.225962535056759e-25
0.15935414621139782	4.729841916791187e-25
