# Fireballs
# https://journals.aps.org/prd/pdf/10.1103/PhysRevD.100.123008
# Mass [GeV]    sigma_contact [cm^2]
5.619999999999999723e+24 5.124805876960926367e-05
3.645286791615561867e+25 7.503585183991662733e-05
4.413434490575506539e+25 8.325879240251366279e-05
8.172709711029958089e+25 8.325879240251366279e-05
2.574162560839566129e+26 1.262046244477114075e-04
3.116599181301299288e+26 1.847849797422287097e-04
8.641468011567963063e+26 1.784895946352773699e-04
1.379070197567638662e+27 2.524355627417235182e-04
1.937411610470188553e+27 2.524355627417235182e-04
2.608572924490383398e+27 3.107943523010736554e-04
3.587660067678306051e+27 3.107943523010736554e-04
4.532217152030096746e+27 3.826446970194593124e-04
8.756983659755284325e+27 4.101127070551287669e-04
2.005469821326160035e+28 7.141072476526671032e-04
4.129919830062722645e+28 1.160155301739966734e-03
5.329276639887990285e+28 3.517519868011972830e-03
8.687490280574309191e+28 5.331896621604275896e-03
1.446597195877485050e+29 6.124868574657223175e-03
2.032278130518589449e+29 8.082149540079961933e-03
3.243261676389779282e+29 2.450458274063607722e-02
4.185126927455517851e+29 3.465651959445344155e-02
4.804913412903417304e+29 3.587886612820771065e-02
5.343448983877847170e+29 5.438559333684877400e-02
8.086348665203257446e+29 8.534592616952919875e-02
1.375412511813539117e+30 1.767306309557248323e-01
1.932273044746748835e+30 8.408745006670871325e-01
1.973766237393096583e+30 1.980497021270836058e+03
5.501854427208925147e+24 3.016962364005816924e-02
5.619999999999999723e+24 5.124805876960926367e-05
