# Envelope of best limits as of 2024 
#  Mass [MeV] 	 sigma_e [cm^2]
1.000000000000000056e-01 1.000000000000000000e+00
1.009262190987047642e-01 1.000000000000000000e+00
1.018610170155975769e-01 1.000000000000000000e+00
1.028044732093309210e-01 1.000000000000000000e+00
1.037566678745185655e-01 1.000000000000000000e+00
1.047176819485520216e-01 1.000000000000000000e+00
1.056875971184804280e-01 1.000000000000000000e+00
1.066664958279539277e-01 1.000000000000000000e+00
1.076544612842315340e-01 1.000000000000000000e+00
1.086515774652538069e-01 1.000000000000000000e+00
1.096579291267809897e-01 1.000000000000000000e+00
1.106736018095973717e-01 1.000000000000000000e+00
1.116986818467823189e-01 1.000000000000000000e+00
1.127332563710486818e-01 1.000000000000000000e+00
1.137774133221491069e-01 1.000000000000000000e+00
1.148312414543511129e-01 1.000000000000000000e+00
1.158948303439810978e-01 1.000000000000000000e+00
1.169682703970385262e-01 1.000000000000000000e+00
1.180516528568805179e-01 1.000000000000000000e+00
1.191450698119776025e-01 1.000000000000000000e+00
1.202486142037412220e-01 1.000000000000000000e+00
1.213623798344240778e-01 1.000000000000000000e+00
1.224864613750931419e-01 1.000000000000000000e+00
1.236209543736768862e-01 1.000000000000000000e+00
1.247659552630869806e-01 1.000000000000000000e+00
1.259215613694150970e-01 1.000000000000000000e+00
1.270878709202058476e-01 1.000000000000000000e+00
1.282649830528060642e-01 1.000000000000000000e+00
1.294529978227915712e-01 1.000000000000000000e+00
1.306520162124721329e-01 1.000000000000000000e+00
1.318621401394748371e-01 1.000000000000000000e+00
1.330834724654074985e-01 1.000000000000000000e+00
1.343161170046016095e-01 1.000000000000000000e+00
1.355601785329368647e-01 1.000000000000000000e+00
1.368157627967472034e-01 1.000000000000000000e+00
1.380829765218092309e-01 1.000000000000000000e+00
1.393619274224142390e-01 1.000000000000000000e+00
1.406527242105237163e-01 1.000000000000000000e+00
1.419554766050101224e-01 1.000000000000000000e+00
1.432702953409830948e-01 1.000000000000000000e+00
1.445972921792019472e-01 1.000000000000000000e+00
1.459365799155756538e-01 1.000000000000000000e+00
1.472882723907502633e-01 1.000000000000000000e+00
1.486524844997856865e-01 1.000000000000000000e+00
1.500293322019218278e-01 1.000000000000000000e+00
1.514189325304352018e-01 1.000000000000000000e+00
1.528214036025870026e-01 1.000000000000000000e+00
1.542368646296628232e-01 1.000000000000000000e+00
1.556654359271061605e-01 1.000000000000000000e+00
1.571072389247450407e-01 1.000000000000000000e+00
1.585623961771137069e-01 1.000000000000000000e+00
1.600310313738700918e-01 1.000000000000000000e+00
1.615132693503090466e-01 1.000000000000000000e+00
1.630092360979740751e-01 1.000000000000000000e+00
1.645190587753662392e-01 1.000000000000000000e+00
1.660428657187530133e-01 1.000000000000000000e+00
1.675807864530767799e-01 1.000000000000000000e+00
1.691329517029648011e-01 1.000000000000000000e+00
1.706994934038407463e-01 1.000000000000000000e+00
1.722805447131393886e-01 1.000000000000000000e+00
1.738762400216250781e-01 1.000000000000000000e+00
1.754867149648151048e-01 1.000000000000000000e+00
1.771121064345087814e-01 1.000000000000000000e+00
1.787525525904234969e-01 1.000000000000000000e+00
1.804081928719382666e-01 1.000000000000000000e+00
1.820791680099462795e-01 1.000000000000000000e+00
1.837656200388171346e-01 1.000000000000000000e+00
1.854676923084698503e-01 1.000000000000000000e+00
1.871855294965578675e-01 1.000000000000000000e+00
1.889192776207666291e-01 1.000000000000000000e+00
1.906690840512252350e-01 1.000000000000000000e+00
1.924350975230331162e-01 1.000000000000000000e+00
1.942174681489025334e-01 1.000000000000000000e+00
1.960163474319185639e-01 1.000000000000000000e+00
1.978318882784164401e-01 1.000000000000000000e+00
1.996642450109794020e-01 1.000000000000000000e+00
2.015135733815557606e-01 1.000000000000000000e+00
2.033800305846981127e-01 1.000000000000000000e+00
2.052637752709252084e-01 1.000000000000000000e+00
2.071649675602068863e-01 1.000000000000000000e+00
2.090837690555750472e-01 1.000000000000000000e+00
2.110203428568595552e-01 1.000000000000000000e+00
2.129748535745520088e-01 1.000000000000000000e+00
2.149474673437980488e-01 1.000000000000000000e+00
2.169383518385184229e-01 1.000000000000000000e+00
2.189476762856621128e-01 1.000000000000000000e+00
2.209756114795902171e-01 1.000000000000000000e+00
2.230223297965937546e-01 1.000000000000000000e+00
2.250880052095461659e-01 1.000000000000000000e+00
2.271728133026905128e-01 1.000000000000000000e+00
2.292769312865649278e-01 1.000000000000000000e+00
2.314005380130652878e-01 1.000000000000000000e+00
2.335438139906478860e-01 1.000000000000000000e+00
2.357069413996727703e-01 1.000000000000000000e+00
2.378901041078893275e-01 1.000000000000000000e+00
2.400934876860652545e-01 1.000000000000000000e+00
2.423172794237599403e-01 1.000000000000000000e+00
2.445616683452445927e-01 1.000000000000000000e+00
2.468268452255692469e-01 1.000000000000000000e+00
2.491130026067788494e-01 1.000000000000000000e+00
2.514203348142797223e-01 1.000000000000000000e+00
2.537490379733570167e-01 1.000000000000000000e+00
2.560993100258458499e-01 1.000000000000000000e+00
2.584713507469563742e-01 1.000000000000000000e+00
2.608653617622547771e-01 1.000000000000000000e+00
2.632815465648021269e-01 1.000000000000000000e+00
2.657201105324505375e-01 1.000000000000000000e+00
2.681812609453014806e-01 1.000000000000000000e+00
2.706652070033241375e-01 1.000000000000000000e+00
2.731721598441376186e-01 1.000000000000000000e+00
2.757023325609583853e-01 1.000000000000000000e+00
2.782559402207124277e-01 1.000000000000000000e+00
2.808331998823171971e-01 1.000000000000000000e+00
2.834343306151309028e-01 1.000000000000000000e+00
2.860595535175741722e-01 1.000000000000000000e+00
2.887090917359236286e-01 1.000000000000000000e+00
2.913831704832787195e-01 1.000000000000000000e+00
2.940820170587062909e-01 1.000000000000000000e+00
2.968058608665602449e-01 1.000000000000000000e+00
2.995549334359813298e-01 1.000000000000000000e+00
3.023294684405777866e-01 1.000000000000000000e+00
3.051297017182869054e-01 1.000000000000000000e+00
3.079558712914226004e-01 1.000000000000000000e+00
3.108082173869063936e-01 1.000000000000000000e+00
3.136869824566877463e-01 1.000000000000000000e+00
3.165924111983522415e-01 1.000000000000000000e+00
3.195247505759211681e-01 1.000000000000000000e+00
3.224842498408441172e-01 1.000000000000000000e+00
3.254711605531848129e-01 1.000000000000000000e+00
3.284857366030044523e-01 1.000000000000000000e+00
3.315282342319424980e-01 1.000000000000000000e+00
3.345989120549973106e-01 1.000000000000000000e+00
3.376980310825090648e-01 1.000000000000000000e+00
3.408258547423451690e-01 1.000000000000000000e+00
3.439826489022925204e-01 1.000000000000000000e+00
3.471686818926561502e-01 1.000000000000000000e+00
3.503842245290673674e-01 1.000000000000000000e+00
3.536295501355041782e-01 1.000000000000000000e+00
3.569049345675229801e-01 1.000000000000000000e+00
3.602106562357070829e-01 1.000000000000000000e+00
3.635469961293319452e-01 1.000000000000000000e+00
3.669142378402492910e-01 1.000000000000000000e+00
3.703126675869926054e-01 1.000000000000000000e+00
3.737425742391063954e-01 1.000000000000000000e+00
3.772042493416998266e-01 1.000000000000000000e+00
3.806979871402286220e-01 1.000000000000000000e+00
3.842240846055060000e-01 1.000000000000000000e+00
3.877828414589456485e-01 1.000000000000000000e+00
3.913745601980384015e-01 1.000000000000000000e+00
3.949995461220643933e-01 1.000000000000000000e+00
3.986581073580440782e-01 1.000000000000000000e+00
4.023505548869292237e-01 1.000000000000000000e+00
4.060772025700365440e-01 1.000000000000000000e+00
4.098383671757261371e-01 1.000000000000000000e+00
4.136343684063274462e-01 1.000000000000000000e+00
4.174655289253136892e-01 1.000000000000000000e+00
4.213321743847288081e-01 1.000000000000000000e+00
4.252346334528682159e-01 1.000000000000000000e+00
4.291732378422157268e-01 1.000000000000000000e+00
4.331483223376399461e-01 1.000000000000000000e+00
4.371602248248504519e-01 1.000000000000000000e+00
4.412092863191188763e-01 1.000000000000000000e+00
4.452958509942655518e-01 1.000000000000000000e+00
4.494202662119142211e-01 1.000000000000000000e+00
4.535828825510187512e-01 1.000000000000000000e+00
4.577840538376618529e-01 1.000000000000000000e+00
4.620241371751311887e-01 1.000000000000000000e+00
4.663034929742731483e-01 1.000000000000000000e+00
4.706224849841281754e-01 1.000000000000000000e+00
4.749814803228500915e-01 1.000000000000000000e+00
4.793808495089109112e-01 1.000000000000000000e+00
4.838209664925955944e-01 1.000000000000000000e+00
4.883022086877880086e-01 1.000000000000000000e+00
4.928249570040514893e-01 1.000000000000000000e+00
4.973895958790063854e-01 1.000000000000000000e+00
5.019965133110081412e-01 1.000000000000000000e+00
5.066461008921266940e-01 1.000000000000000000e+00
5.113387538414325695e-01 1.000000000000000000e+00
5.160748710385908433e-01 1.000000000000000000e+00
5.208548550577661862e-01 1.000000000000000000e+00
5.256791122018421580e-01 1.000000000000000000e+00
5.305480525369572486e-01 8.162881969755702933e-30
5.354620899273607737e-01 6.400022175739315966e-30
5.404216420705916235e-01 4.912181581173163933e-30
5.454271305329833064e-01 3.527771150395424916e-30
5.504789807854970629e-01 2.768970239782808911e-30
5.555776222398876030e-01 2.259852715027824439e-30
5.607234882852032420e-01 1.853034733173407591e-30
5.659170163246244334e-01 1.540893435928703925e-30
5.711586478126432498e-01 1.281331935328593482e-30
5.764488282925875895e-01 1.083246339915120909e-30
5.817880074344934371e-01 9.158721288133318074e-31
5.871766390733255125e-01 7.783644503821195706e-31
5.926151812475554115e-01 6.711856654241362910e-31
5.981040962380941295e-01 5.787651237793339287e-31
6.036438506075867405e-01 4.962259841351445067e-31
6.092349152400710066e-01 4.219869982134218676e-31
6.148777653810023613e-01 3.588546999841856575e-31
6.205728806776501516e-01 3.083333354882608370e-31
6.263207452198689129e-01 2.651741753230891164e-31
6.321218475812451221e-01 2.282810700018286738e-31
6.379766808606280870e-01 1.993067058676193145e-31
6.438857427240419762e-01 1.740098861613164385e-31
6.498495354469889795e-01 1.519238419503372676e-31
6.558685659571431570e-01 1.345756337663704567e-31
6.619433458774393042e-01 1.194942793000645611e-31
6.680743915695612767e-01 1.061030320706552182e-31
6.742622241778342129e-01 9.465401171190056444e-32
6.805073696735207678e-01 8.539222407788837794e-32
6.868103588995303488e-01 7.703669185372287192e-32
6.931717276155405782e-01 6.949873897595475390e-32
6.995920165435373095e-01 6.294655701311892310e-32
7.060717714137773049e-01 5.738995393991104012e-32
7.126115430111746862e-01 5.232385962807632090e-32
7.192118872221189285e-01 4.770497444979926816e-32
7.258733650817251748e-01 4.354567282425911767e-32
7.325965428215229780e-01 4.018844106509217107e-32
7.393819919175865785e-01 3.709004111064345059e-32
7.462302891391109361e-01 3.423051785863182153e-32
7.531420165974371805e-01 3.159145468118313949e-32
7.601177617955328092e-01 2.903257991825434991e-32
7.671581176779301847e-01 2.653123906415083924e-32
7.742636826811269968e-01 2.424540458550654150e-32
7.814350607844543495e-01 2.215650924156004516e-32
7.886728615614151394e-01 2.030215776024543225e-32
7.959777002314983863e-01 1.885841357520901902e-32
8.033501977124734017e-01 1.751733814570287046e-32
8.107909806731686819e-01 1.627163040449431533e-32
8.183006815867391870e-01 1.511450848400804975e-32
8.258799387844267814e-01 1.403967279456227889e-32
8.335293965098193869e-01 1.306556407600702176e-32
8.412497049736118448e-01 1.217699510371691960e-32
8.490415204088747059e-01 1.134885634430729845e-32
8.569055051268349432e-01 1.057703803169059416e-32
8.648423275731722537e-01 9.857709898667042703e-33
8.728526623848377186e-01 9.187302168634426854e-33
8.809371904473990433e-01 8.562487840021228650e-33
8.890965989529160396e-01 7.980166175530166529e-33
8.973315814583522343e-01 7.437447314251476942e-33
9.056428379445289334e-01 6.931637930282908592e-33
9.140310748756229620e-01 6.460227866686051305e-33
9.224970052592174063e-01 6.027330113676169544e-33
9.310413487069078009e-01 5.626875116342864284e-33
9.396648314954693104e-01 5.253026294856119460e-33
9.483681866285922357e-01 4.904015938491986660e-33
9.571521538991862865e-01 4.578193782988126969e-33
9.660174799522646127e-01 4.274019207416445454e-33
9.749649183484089265e-01 4.015399380354145048e-33
9.839952296278231536e-01 3.774090218621691173e-33
9.931091813749796104e-01 3.547282755480146468e-33
1.002307548283865479e+00 3.334105497860156527e-33
1.011591112223829692e+00 3.133739325879215907e-33
1.020960662306046540e+00 2.945414345426228762e-33
1.030416994950587917e+00 2.768406929893166153e-33
1.039960913954119714e+00 2.602036939686135557e-33
1.049593230558227619e+00 2.445665108832995634e-33
1.059314763518369951e+00 2.298690588644943527e-33
1.069126339173475992e+00 2.160548638994278903e-33
1.079028791516184249e+00 2.030708458336602701e-33
1.089022962263729966e+00 1.908671144140227295e-33
1.099109700929497224e+00 1.796472277603276869e-33
1.109289864895222744e+00 1.695623938722404312e-33
1.119564319483878245e+00 1.600436910389891856e-33
1.129933938033222285e+00 1.510593384325695415e-33
1.140399601970032428e+00 1.425793393013296403e-33
1.150962200885032205e+00 1.345753808175089740e-33
1.161622632608501959e+00 1.270207395470002074e-33
1.172381803286598467e+00 1.198901922257663612e-33
1.183240627458378658e+00 1.133580856982082215e-33
1.194200028133531877e+00 1.072220599714740398e-33
1.205260936870842681e+00 1.014181747487651326e-33
1.216424293857367944e+00 9.592845140363385066e-34
1.227691047988359152e+00 9.073588448515622911e-34
1.239062156947916327e+00 8.582438904034827243e-34
1.250538587290390691e+00 8.117875078799779303e-34
1.262121314522547388e+00 7.675227945886200656e-34
1.273811323186478495e+00 7.251511277678408106e-34
1.285609606943295846e+00 6.851186203333745388e-34
1.297517168657587483e+00 6.472961372512439370e-34
1.309535020482667012e+00 6.115616724830934677e-34
1.321664183946605231e+00 5.777999554246431088e-34
1.333905690039058678e+00 5.459020790710994489e-34
1.346260579298910409e+00 5.186005664505576665e-34
1.358729901902709924e+00 4.932172290079798793e-34
1.371314717753944867e+00 4.690763001962557216e-34
1.384016096573131627e+00 4.461169692882887397e-34
1.396835117988739716e+00 4.242814019887671846e-34
1.409772871628967028e+00 4.035145947501992727e-34
1.422830457214352640e+00 3.837642362196405938e-34
1.436008984651259812e+00 3.660746358885520511e-34
1.449309574126216527e+00 3.499642234219980844e-34
1.462733356201129986e+00 3.345628067841513327e-34
1.476281471909390186e+00 3.198391840994549075e-34
1.489955072852854556e+00 3.057635266415073347e-34
1.503755321299737657e+00 2.923073184028067858e-34
1.517683390283405265e+00 2.794432983238607020e-34
1.531740463702079724e+00 2.671454050647870098e-34
1.545927736419477672e+00 2.554054405508407716e-34
1.560246414366368795e+00 2.441969931652324689e-34
1.574697714643085833e+00 2.334804275990794410e-34
1.589282865622978047e+00 2.232341576579596423e-34
1.604003107056819921e+00 2.134375444558937269e-34
1.618859690178198418e+00 2.040708548427524673e-34
1.633853877809861244e+00 1.951152216561298000e-34
1.648986944471064975e+00 1.865526057175366370e-34
1.664260176485903520e+00 1.787068533129380183e-34
1.679674872092653093e+00 1.713551832802353593e-34
1.695232341554120614e+00 1.643059473806831220e-34
1.710933907269014398e+00 1.575467040323703113e-34
1.726780903884356011e+00 1.510655234770997146e-34
1.742774678408919087e+00 1.448509667248952198e-34
1.758916590327732621e+00 1.388920653647181975e-34
1.775208011717635204e+00 1.331783022057087199e-34
1.791650327363900397e+00 1.278695663134841351e-34
1.808244934877951682e+00 1.230600733277538018e-34
1.824993244816152327e+00 1.184314773564336485e-34
1.841896680799710806e+00 1.139769744120911599e-34
1.858956679635687337e+00 1.096900164222139679e-34
1.876174691439120412e+00 1.055643016036173593e-34
1.893552179756295306e+00 1.015937651988781063e-34
1.911090621689137903e+00 9.777257056121231175e-35
1.928791508020777812e+00 9.409510057466251516e-35
1.946656343342262341e+00 9.070845942625014346e-35
1.964686646180445528e+00 8.764416389071230418e-35
1.982883949127071332e+00 8.468338579101794774e-35
2.001249798969037208e+00 8.182262812128259514e-35
2.019785756819878486e+00 7.905851201079048007e-35
2.038493398252463340e+00 7.638777273318322707e-35
2.057374313432912771e+00 7.380725585045328786e-35
2.076430107255774704e+00 7.131391348720075607e-35
2.095662399480433091e+00 6.890480073076339444e-35
2.115072824868794665e+00 6.683839261835212040e-35
2.134663033324244452e+00 6.483666368904505846e-35
2.154434690031883370e+00 6.289488411742786030e-35
2.174389475600079891e+00 6.101125849282486744e-35
2.194529086203313550e+00 5.918404517493629216e-35
2.214855233726359174e+00 5.741155468348341022e-35
2.235369645909795366e+00 5.569214813607330485e-35
2.256074066496860375e+00 5.404375824743598983e-35
2.276970255381680186e+00 5.255227567232391244e-35
2.298059988758851091e+00 5.110195456236528303e-35
2.319345059274428689e+00 4.969165895644204471e-35
2.340827276178293115e+00 4.832028424333238238e-35
2.362508465477946462e+00 4.570695713799572223e-35
2.384390470093720626e+00 4.298997949112033394e-35
2.406475150015424003e+00 4.043450827555983891e-35
2.428764382460451898e+00 3.803094299740290206e-35
2.451260062033338460e+00 3.573802155809364525e-35
2.473964100886812734e+00 3.356260599778835005e-35
2.496878428884326873e+00 3.151961055067558732e-35
2.520004993764092038e+00 2.960097464814641351e-35
2.543345761304649510e+00 2.779912837791792026e-35
2.566902715491950371e+00 2.610696261720398920e-35
2.590677858688007706e+00 2.451842231466806916e-35
2.614673211801092023e+00 2.310419010261920242e-35
2.638890814457510281e+00 2.177153135903939368e-35
2.663332725174982318e+00 2.051574089428450010e-35
2.688001021537606228e+00 1.933238491589482131e-35
2.712897800372465973e+00 1.821728537429708209e-35
2.738025177927857712e+00 1.716650521145582631e-35
2.763385290053169907e+00 1.616154882071233073e-35
2.788980292380441206e+00 1.520303621012101147e-35
2.814812360507579658e+00 1.430137127142439803e-35
2.840883690183302779e+00 1.345318247068042820e-35
2.867196497493769591e+00 1.265529823360756237e-35
2.893753019050950392e+00 1.190473508633309671e-35
2.920555512182746671e+00 1.120876270575539024e-35
2.947606255124857189e+00 1.057827825285552337e-35
2.974907547214440395e+00 9.983258075164417128e-36
3.002461709085549213e+00 9.421707333935300359e-36
3.030271082866396348e+00 8.891743398596681173e-36
3.058338032378433269e+00 8.391589535127731996e-36
3.086664943337273037e+00 7.919568949456968288e-36
3.115254223555488089e+00 7.480522185376295263e-36
3.144108303147264749e+00 7.067347669349759404e-36
3.173229634734976212e+00 6.676994177907240368e-36
3.202620693657651785e+00 6.308201228751638948e-36
3.232283978181379247e+00 5.959777960282230241e-36
3.262222009711670090e+00 5.630599286207973150e-36
3.292437333007768974e+00 5.321449510336368383e-36
3.322932516398971803e+00 5.046587089338911263e-36
3.353710152002930656e+00 4.785921805856304792e-36
3.384772855945981096e+00 4.538720352247205183e-36
3.416123268585528283e+00 4.304287297526698375e-36
3.447764054734464345e+00 4.081963130968550878e-36
3.479697903887691623e+00 3.871122406759658139e-36
3.511927530450729584e+00 3.671894607664627985e-36
3.544455673970433818e+00 3.491064153248732763e-36
3.577285099367873311e+00 3.319139088757756283e-36
3.610418597173337130e+00 3.155680848851637914e-36
3.643858983763544224e+00 3.000272466296694206e-36
3.677609101601032382e+00 2.852517508319566393e-36
3.711671819475764966e+00 2.712039065343058738e-36
3.746050032748993175e+00 2.578478789523607076e-36
3.780746663599349411e+00 2.469357741416167872e-36
3.815764661271248581e+00 2.368863823091227596e-36
3.851107002325570683e+00 2.272459643345237545e-36
3.886776690892665531e+00 2.179978764627355773e-36
3.922776758927719598e+00 2.091261522792267370e-36
3.959110266468458761e+00 2.006154751447355046e-36
3.995780301895269560e+00 1.924511517517449171e-36
4.032789982193706990e+00 1.816867900829794409e-36
4.070142453219436796e+00 1.712791498996479029e-36
4.107840889965646447e+00 1.614676949102769787e-36
4.145888496832911052e+00 1.522182735897142628e-36
4.184288507901582577e+00 1.449209921476738875e-36
4.223044187206673961e+00 1.416594700276135736e-36
4.262158829015322503e+00 1.384713501550929245e-36
4.301635758106795215e+00 1.353549805744510437e-36
4.341478330055092094e+00 1.323087465081395503e-36
4.381689931514192615e+00 1.293310695200188486e-36
4.422273980505899260e+00 1.264204066974736514e-36
4.463233926710395316e+00 1.231526175991644607e-36
4.504573251759458330e+00 1.189312215514897921e-36
4.546295469532399380e+00 1.148545255105137872e-36
4.588404126454759258e+00 1.109175694839234304e-36
4.630902801799739343e+00 1.071155634968392471e-36
4.673795107992461340e+00 1.034438817640032154e-36
4.717084690917017653e+00 9.989805706171406138e-37
4.760775230226368393e+00 9.647377529270549606e-37
4.804870439655131165e+00 9.342586495639520494e-37
4.849374067335235239e+00 9.064244449594612903e-37
4.894289896114528915e+00 8.794194999463480208e-37
4.939621743878320537e+00 8.532191085385615623e-37
4.985373463873894018e+00 8.277993008112177922e-37
5.031548945038053944e+00 8.031368209712126764e-37
5.078152112327673606e+00 7.792091060811802720e-37
5.125186927053330344e+00 7.559942654174549080e-37
5.172657387216019309e+00 7.358950256217058096e-37
5.220567527846974976e+00 7.165482377313949824e-37
5.268921421350674095e+00 6.977100797252827239e-37
5.317723177850969485e+00 6.793671796493200263e-37
5.366976945540476329e+00 6.615065171000521758e-37
5.416686911033152363e+00 6.441154139823474746e-37
5.466857299720180308e+00 6.271815255100502915e-37
5.517492376129125908e+00 6.111852133178298903e-37
5.568596444286411540e+00 5.971887128575675328e-37
5.620173848083187984e+00 5.835127404808801227e-37
5.672228971644543094e+00 5.701499559063508880e-37
5.724766239702178794e+00 5.570931869492917156e-37
5.777790117970504014e+00 5.443354256722858428e-37
5.831305113526221717e+00 5.318698246237998166e-37
5.885315775191449994e+00 5.196896931629369054e-37
5.939826693920356782e+00 5.083263045768842919e-37
5.994842503189408589e+00 4.976451471855985928e-37
6.050367879391221670e+00 4.871884265826240992e-37
6.106407542232039631e+00 4.769514268116338515e-37
6.162966255132942273e+00 4.669295310098540120e-37
6.220048825634711953e+00 4.571182193259016434e-37
6.277660105806499580e+00 4.475130668813349691e-37
6.335804992658251145e+00 4.381097417750427906e-37
6.394488428556940107e+00 4.297640688156651478e-37
6.453715401646701544e+00 4.217095314059136663e-37
6.513490946272802340e+00 4.138059502477189527e-37
6.573820143409585093e+00 4.060504961544162402e-37
6.634708121092347533e+00 3.984403929632937548e-37
6.696160054853218746e+00 3.909729165418105188e-37
6.758181168161110364e+00 3.836453938124986177e-37
6.820776732865684977e+00 3.765429571293176466e-37
6.883952069645496330e+00 3.699617298465755040e-37
6.947712548460236448e+00 3.634955294199324737e-37
7.012063589007180298e+00 3.571423454071142904e-37
7.077010661181889262e+00 3.509002025043836044e-37
7.142559285543126357e+00 3.447671599324347877e-37
7.208715033782135073e+00 3.387413108329289318e-37
7.275483529196228538e+00 3.328207816756676194e-37
7.342870447166761849e+00 3.274437221849986521e-37
7.410881515641570161e+00 3.225913761451004977e-37
7.479522515621821022e+00 3.178109363916692450e-37
7.548799281653435500e+00 3.131013373547844560e-37
7.618717702322995500e+00 3.084615292550475407e-37
7.689283720758309570e+00 3.038904778696250151e-37
7.760503335133570602e+00 2.993871643016771912e-37
7.832382599179195992e+00 2.949505847532844310e-37
7.904927622696424017e+00 2.911281579514264398e-37
7.978144572076624641e+00 2.874791962698418495e-37
8.052039670825474005e+00 2.838759701895380082e-37
8.126619200091946382e+00 2.803179064665557826e-37
8.201889499202202671e+00 2.768044390419134168e-37
8.277856966198475774e+00 2.733350089515235034e-37
8.354528058382866718e+00 2.699090642372849689e-37
8.431909292866254901e+00 2.666199207308928268e-37
8.510007247122246099e+00 2.639906933930801364e-37
8.588828559546250574e+00 2.613873937367961176e-37
8.668379930019778357e+00 2.588097660805864003e-37
8.748668120479909049e+00 2.562575572643562201e-37
8.829699955494087149e+00 2.537305166245062303e-37
8.911482322840202031e+00 2.512283959693140008e-37
8.994022174092044963e+00 2.487509495545577355e-37
9.077326525210228425e+00 2.463404151702606189e-37
9.161402457138516198e+00 2.440053666145762797e-37
9.246257116405738330e+00 2.416924518681355815e-37
9.331897715733239451e+00 2.394014611256564689e-37
9.418331534647951031e+00 2.371321865705947057e-37
9.505565920101195942e+00 2.348844223562848892e-37
9.593608287093141840e+00 2.326579645872835080e-37
9.682466119303123619e+00 2.304526113008502742e-37
9.772146969725724830e+00 2.288068288743233616e-37
9.862658461312820535e+00 2.273391286138674736e-37
9.954008287621523010e+00 2.258808430376860729e-37
1.004620421346813153e+01 2.244319117545183774e-37
1.013925407558815373e+01 2.229922747604735749e-37
1.023316578330244830e+01 2.215618724365754299e-37
1.032794731918951392e+01 2.201406455462639583e-37
1.042360673976401131e+01 2.187330083969228002e-37
1.052015217616159148e+01 2.173858775355323348e-37
1.061759183483000157e+01 2.160470433714305284e-37
1.071593399822671167e+01 2.147164548069972028e-37
1.081518702552288147e+01 2.133940610593010744e-37
1.091535935331391016e+01 2.120798116581829230e-37
1.101645949633656940e+01 2.107736564443186720e-37
1.111849604819271065e+01 2.094755455672945391e-37
1.122147768207980256e+01 2.082384677361936798e-37
1.132541315152811556e+01 2.070891946401889494e-37
1.143031129114478617e+01 2.059462644099551560e-37
1.153618101736478430e+01 2.048096420390640464e-37
1.164303132920876749e+01 2.036792927142887070e-37
1.175087130904807609e+01 2.025551818145371731e-37
1.185971012337669350e+01 2.014372749097922177e-37
1.196955702359042739e+01 2.003255377600566543e-37
1.208042134677328860e+01 1.995489236807885537e-37
1.219231251649110703e+01 1.989078825158993420e-37
1.230524004359261525e+01 1.982689006644263382e-37
1.241921352701783299e+01 1.976319715109193609e-37
1.253424265461399401e+01 1.969970884611897794e-37
1.265033720395903849e+01 1.963642449422292036e-37
1.276750704319265672e+01 1.957334344021447109e-37
1.288576213185518071e+01 1.951082439631152267e-37
1.300511252173408572e+01 1.946066621182045512e-37
1.312556835771842678e+01 1.941063697336572276e-37
1.324713987866117471e+01 1.936073634945445421e-37
1.336983741824946570e+01 1.931096400944598078e-37
1.349367140588306491e+01 1.926131962354964814e-37
1.361865236756081288e+01 1.921180286282229804e-37
1.374479092677536585e+01 1.916241339916736628e-37
1.387209780541621029e+01 1.913013280371546918e-37
1.400058382468097484e+01 1.913013280371546918e-37
1.413025990599533621e+01 1.913013280371546918e-37
1.426113707194128288e+01 1.913013280371546918e-37
1.439322644719406519e+01 1.913013280371546918e-37
1.452653925946781222e+01 1.913013280371546918e-37
1.466108684046984401e+01 1.913013280371546918e-37
1.479688062686396322e+01 1.913013280371546918e-37
1.493393216124251843e+01 1.913013280371546918e-37
1.507225309310755534e+01 1.913013280371546918e-37
1.521185517986104863e+01 1.913013280371546918e-37
1.535275028780422701e+01 1.913013280371546918e-37
1.549495039314631661e+01 1.913013280371546918e-37
1.563846758302246265e+01 1.913013280371546918e-37
1.578331405652118136e+01 1.913013280371546918e-37
1.592950212572123014e+01 1.913013280371546918e-37
1.607704421673823703e+01 1.913013280371546918e-37
1.622595287078087267e+01 1.913013280371546918e-37
1.637624074521687234e+01 1.913013280371546918e-37
1.652792061464895568e+01 1.754348769718206205e-37
1.668100537200059108e+01 1.553411909687043928e-37
1.683550802961202209e+01 1.407279541659292271e-37
1.699144172034625910e+01 1.275527092029456283e-37
1.714881969870539180e+01 1.159074224090806753e-37
1.730765534195725763e+01 1.053253251417948469e-37
1.746796215127245588e+01 9.561754517840634823e-38
1.762975375287205893e+01 8.680270821923525212e-38
1.779304389918577201e+01 7.887767552125103059e-38
1.795784647002095014e+01 7.168324596594373383e-38
1.812417547374237614e+01 6.607155447119497726e-38
1.829204504846293844e+01 6.098186134039269681e-38
1.846146946324547500e+01 5.618572593028074843e-38
1.863246311931559873e+01 5.159305761837926800e-38
1.880504055128581697e+01 4.737579786219104590e-38
1.897921642839101608e+01 4.446362709437801346e-38
1.915500555573527919e+01 4.179028447773082216e-38
1.933242287555045280e+01 3.927767460406953953e-38
1.951148346846616377e+01 3.673566261104775485e-38
1.969220255479171300e+01 3.429619198237077119e-38
1.987459549580983875e+01 3.201871698750570830e-38
2.005867779508233895e+01 2.999892578157973654e-38
2.024446509976803910e+01 2.816160562926970440e-38
2.043197320195270450e+01 2.643681435104880566e-38
2.062121803999142600e+01 2.491868779678082578e-38
2.081221569986339404e+01 2.355152356762534274e-38
2.100498241653915343e+01 2.225936882712089103e-38
2.119953457536071184e+01 2.104279746808200964e-38
2.139588871343421417e+01 1.991817492072421578e-38
2.159406152103565546e+01 1.885365730361364719e-38
2.179406984302955763e+01 1.784603233664040251e-38
2.199593068030074861e+01 1.688995585850503121e-38
2.219966119119954939e+01 1.598286798632169637e-38
2.240527869300018082e+01 1.512449595536110432e-38
2.261280066337277361e+01 1.431222344447177000e-38
2.282224474186898533e+01 1.355022322104333477e-38
2.303362873142131306e+01 1.282999385325133884e-38
2.324697059985647840e+01 1.214804653688890857e-38
2.346228848142262535e+01 1.150207595372225265e-38
2.367960067833076110e+01 1.087312104980736298e-38
2.389892566231050353e+01 1.027855856972537007e-38
2.412028207618006803e+01 9.716507871780439956e-39
2.434368873543110467e+01 9.192660901551224969e-39
2.456916462982790250e+01 8.711539821328262221e-39
2.479672892502157566e+01 8.255599425600672507e-39
2.502640096417919224e+01 7.823521819772438374e-39
2.525820026962784581e+01 7.468846527351589556e-39
2.549214654451423101e+01 7.159604261093531430e-39
2.572825967447932172e+01 6.863165950424893942e-39
2.596655972934869894e+01 6.579001456691867397e-39
2.620706696483852483e+01 6.321822433450846056e-39
2.644980182427719839e+01 6.089191343589225101e-39
2.669478494034320804e+01 5.865120637151827788e-39
2.694203713681882206e+01 5.649295308244931750e-39
2.719157943036018921e+01 5.441411942594974224e-39
2.744343303228365372e+01 5.237181285440280026e-39
2.769761935036891032e+01 5.039273255175497890e-39
2.795415999067856561e+01 4.848843978520443866e-39
2.821307675939470627e+01 4.665610840588393853e-39
2.847439166467247773e+01 4.489301906236578344e-39
2.873812691851066248e+01 4.328735772869768302e-39
2.900430493863991543e+01 4.176163542859124743e-39
2.927294835042815890e+01 4.028968930377441550e-39
2.954407998880379793e+01 3.886962393918470112e-39
2.981772290019673477e+01 3.749961072626344144e-39
3.009390034449721085e+01 3.655844164008962317e-39
3.037263579703311578e+01 3.578214163486884421e-39
3.065395295056526592e+01 3.502232596735694784e-39
3.093787571730136676e+01 3.427864460098632559e-39
3.122442823092858077e+01 3.355075493203703230e-39
3.151363484866479325e+01 3.283832163180740035e-39
3.180552015332919780e+01 3.212884313986650995e-39
3.210010895543171472e+01 3.131989629539888302e-39
3.239742629528195295e+01 3.053131728659559592e-39
3.269749744511767631e+01 2.976259328776025807e-39
3.300034791125285238e+01 2.901322438522895294e-39
3.330600343624588788e+01 2.828272325227220567e-39
3.361449000108765262e+01 2.757061483217514082e-39
3.392583382740991738e+01 2.687550141319144900e-39
3.424006137971425545e+01 2.619729905787269412e-39
3.455719936762139355e+01 2.553621111570249288e-39
3.487727474814177242e+01 2.489180570505271276e-39
3.520031472796679139e+01 2.426366184281327536e-39
3.552634676578139050e+01 2.365136916936842632e-39
3.585539857459816915e+01 2.305452768051323095e-39
3.618749812411280686e+01 2.247274746613513039e-39
3.652267364308175246e+01 2.190564845548985941e-39
3.686095362172157763e+01 2.135286016890534395e-39
3.720236681413065583e+01 2.081402147575164278e-39
3.754694224073336528e+01 2.028878035851685163e-39
3.789470919074667421e+01 1.977679368283990223e-39
3.824569722466998911e+01 1.930555249705597981e-39
3.859993617679766942e+01 1.886335147716785141e-39
3.895745615775501136e+01 1.843127923976475042e-39
3.931828755705770106e+01 1.800910378123230146e-39
3.968246104569481503e+01 1.759659841208803550e-39
4.005000757873611406e+01 1.719354163525796223e-39
4.042095839796306223e+01 1.681131052648211852e-39
4.079534503452448746e+01 1.653177659664597708e-39
4.117319931161679136e+01 1.625689068147868443e-39
4.155455334718875093e+01 1.598657549504825143e-39
4.193943955667186430e+01 1.572075503651151466e-39
4.232789065573548726e+01 1.545935456874756851e-39
4.271993966306776969e+01 1.520230059734391285e-39
4.311561990318228510e+01 1.495377716132823523e-39
4.351496500925049560e+01 1.471198051732418091e-39
4.391800892596086214e+01 1.447409362912435040e-39
4.432478591240396071e+01 1.424005327752876627e-39
4.473533054498463457e+01 1.400979726556612859e-39
4.514967772036101934e+01 1.378326440196618610e-39
4.556786265841063965e+01 1.356084713043090720e-39
4.598992090522438048e+01 1.334545794742424611e-39
4.641588833612777165e+01 1.313348982651739234e-39
4.684580115873045258e+01 1.292488843041346020e-39
4.727969591600390942e+01 1.271960028486450755e-39
4.771760948938745628e+01 1.251757276496271774e-39
4.815957910192350511e+01 1.231875408165061158e-39
4.860564232142133534e+01 1.213924676203256779e-39
4.905583706365045771e+01 1.197219937858401431e-39
4.951020159556351530e+01 1.180745072329064982e-39
4.996877453854884266e+01 1.164496916350435900e-39
5.043159487171358535e+01 1.148472350187163734e-39
5.089870193519679731e+01 1.112543163422508734e-39
5.137013543351343969e+01 1.064492703612492816e-39
5.184593543892913203e+01 1.018517531093669459e-39
5.232614239486662200e+01 9.745280147291621481e-40
5.281079711934330589e+01 9.324383945283367566e-40
5.329994080844087989e+01 8.952616865104965528e-40
5.379361503980702963e+01 8.705964141343462017e-40
5.429186177618942821e+01 8.466106924086442914e-40
5.479472336900287388e+01 8.232857990959272216e-40
5.530224256192899901e+01 8.006035277733741890e-40
5.581446249454960906e+01 7.785461736216441403e-40
5.633142670601357338e+01 7.570965196052458391e-40
5.685317913873753071e+01 7.352214581728730062e-40
5.737976414214134024e+01 7.137312874673646067e-40
5.791122647641758192e+01 6.928692641476899332e-40
5.844761131633631379e+01 6.726170277669275695e-40
5.898896425508499419e+01 6.529567545452278421e-40
5.953533130814370367e+01 6.338711416832697867e-40
6.008675891719686746e+01 6.153433921342915541e-40
6.064329395408061885e+01 5.973571998211231703e-40
6.120498372476696858e+01 5.798967352854225944e-40
6.177187597338494385e+01 5.629466317563161774e-40
6.234401888627863997e+01 5.464919716263024593e-40
6.292146109610344240e+01 5.305182733223673121e-40
6.350425168595962333e+01 5.150114785609413903e-40
6.409244019356449940e+01 4.999579399753434128e-40
6.468607661546327847e+01 4.853444091048690319e-40
6.528521141127846761e+01 4.717887558837278070e-40
6.588989550799949768e+01 4.589581266879612887e-40
6.650018030431118632e+01 4.464764355359828022e-40
6.711611767496279413e+01 4.343341928106851858e-40
6.773775997517752501e+01 4.225221669717949967e-40
6.836516004510238531e+01 4.110313775373326762e-40
6.899837121430017817e+01 4.008903347273227795e-40
6.963744730628222612e+01 3.945000443913746607e-40
7.028244264308345635e+01 3.882116168519080234e-40
7.093341204987996207e+01 3.820234283909441555e-40
7.159041085964888396e+01 3.739533667383989230e-40
7.225349491787214617e+01 3.653271631584863975e-40
7.292272058728312345e+01 3.568999453207028999e-40
7.359814475265763178e+01 3.486671231031942908e-40
7.427982482564918598e+01 3.406242122671576272e-40
7.496781874966876558e+01 3.327668320143964956e-40
7.566218500481055287e+01 3.250907026011618655e-40
7.636298261282242095e+01 3.175916430070916779e-40
7.707027114212294805e+01 3.102655686578996918e-40
7.778411071286490142e+01 3.031084892005711719e-40
7.850456200204509116e+01 2.961165063299557491e-40
7.923168624866254106e+01 2.892858116653946029e-40
7.996554525892345566e+01 2.832550259786511378e-40
8.070620141149498750e+01 2.780282170614910661e-40
8.145371766280744907e+01 2.728978566763989809e-40
8.220815755240541023e+01 2.678621650913268796e-40
8.296958520834907347e+01 2.629193954150187689e-40
8.373806535266488993e+01 2.580678329910103694e-40
8.451366330684713546e+01 2.533430874272337479e-40
8.529644499741024788e+01 2.492093739001842819e-40
8.608647696149245121e+01 2.451431087795517342e-40
8.688382635251184638e+01 2.411431915324823619e-40
8.768856094587427208e+01 2.372085395831568495e-40
8.850074914473438525e+01 2.335587173239258555e-40
8.932045998580969126e+01 2.299681213650573518e-40
9.014776314524917211e+01 2.264327251413456731e-40
9.098272894455558912e+01 2.229516800441485701e-40
9.182542835656282421e+01 2.195241505108398530e-40
9.267593301146882823e+01 2.161493138242473889e-40
9.353431520292386381e+01 2.128263599151747131e-40
9.440064789417603208e+01 2.095544911679582528e-40
9.527500472427290390e+01 2.063329222290140378e-40
9.615746001432096079e+01 2.031608798183309119e-40
9.704808877380307308e+01 2.000376025438451153e-40
9.794696670695395824e+01 1.969623407187019472e-40
9.885417021919573699e+01 1.939343561812932922e-40
9.976977642363200971e+01 1.909529221180784756e-40
1.006938631476027126e+02 1.880173228891257621e-40
1.016265089392995122e+02 1.851268538563357547e-40
1.025677930744421928e+02 1.822808212143055440e-40
1.035177955630176285e+02 1.794785418237932925e-40
1.044765971560804161e+02 1.767193430477426967e-40
1.054442793526168458e+02 1.740025625898314774e-40
1.064209244064724658e+02 1.713275483354874338e-40
1.074066153333433391e+02 1.686936581953773441e-40
1.084014359178330977e+02 1.662887910477475279e-40
1.094054707205742432e+02 1.644906752847985944e-40
1.104188050854160252e+02 1.627120029267661169e-40
1.114415251466788135e+02 1.609525637280073664e-40
1.124737178364751884e+02 1.592121497163180600e-40
1.135154708920998985e+02 1.574905551683412007e-40
1.145668728634871485e+02 1.557875765852419859e-40
1.156280131207375348e+02 1.541030126686692589e-40
1.166989818617147421e+02 1.524366642969532579e-40
1.177798701197119300e+02 1.507883345015613177e-40
1.188707697711903251e+02 1.491578284438305719e-40
1.199717735435884265e+02 1.475449533919296308e-40
1.210829750232039430e+02 1.459495186980697308e-40
1.222044686631488730e+02 1.443713357759841752e-40
1.233363497913776001e+02 1.426959915941721147e-40
1.244787146187906188e+02 1.410358706483959521e-40
1.256316602474120145e+02 1.393950635006002971e-40
1.267952846786433980e+02 1.377733454546352433e-40
1.279696868215941663e+02 1.361704944284524140e-40
1.291549665014883885e+02 1.345869181385675922e-40
1.303512244681508889e+02 1.331995644571988526e-40
1.315585624045703810e+02 1.318265119446475385e-40
1.327770829355428930e+02 1.304676131810961199e-40
1.340068896363950728e+02 1.291227222663631159e-40
1.352480870417875281e+02 1.277916948042405691e-40
1.365007806546013853e+02 1.270424024228440775e-40
1.377650769549053678e+02 1.264806427012081684e-40
1.390410834090069727e+02 1.259213669847455951e-40
1.403289084785873229e+02 1.253645642896113881e-40
1.416286616299198897e+02 1.248102236805292345e-40
1.429404533431761024e+02 1.242583342705787942e-40
1.442643951218157383e+02 1.237088852209736763e-40
1.456005995020648527e+02 1.231618657408608879e-40
1.469491800624817301e+02 1.226172650871007070e-40
1.483102514336104321e+02 1.220750725640577099e-40
1.496839293077255491e+02 1.215352775233907376e-40
1.510703304486654019e+02 1.209978693638437803e-40
1.524695727017573006e+02 1.204628375310377999e-40
1.538817750038346333e+02 1.199301715172633272e-40
1.553070573933460139e+02 1.193998608612742624e-40
1.567455410205595001e+02 1.188738163759715693e-40
1.581973481578599774e+02 1.185053836802336280e-40
1.596626022101425235e+02 1.181380928898826586e-40
1.611414277253019804e+02 1.177719404657433140e-40
1.626339504048192168e+02 1.174069228796094065e-40
1.641402971144466392e+02 1.170430366142099759e-40
1.656605958949913600e+02 1.166802781631752968e-40
1.671949759731990071e+02 1.164974957415253661e-40
1.687435677727375776e+02 1.164351138371936394e-40
1.703065029252844340e+02 1.163727653370285626e-40
1.718839142817145671e+02 1.163104502231467845e-40
1.734759359233930809e+02 1.161828623958818284e-40
1.750827031735725257e+02 1.158309708765213823e-40
1.767043526088946521e+02 1.154801451567017881e-40
1.783410220710008218e+02 1.151303820083581475e-40
1.799928506782476347e+02 1.147816782132026702e-40
1.816599788375326625e+02 1.144340305626949845e-40
1.833425482562290654e+02 1.140874358580107950e-40
1.850407019542302010e+02 1.137418909100199210e-40
1.867545842761076074e+02 1.133973925392457782e-40
1.884843409033795467e+02 1.130539375758434989e-40
1.902301188668943723e+02 1.127115228595689979e-40
1.919920665593284639e+02 1.123701452397498328e-40
1.937703337477989010e+02 1.120298015752562275e-40
1.955650715865949110e+02 1.116904887344721776e-40
1.973764326300255334e+02 1.113522035952648425e-40
1.992045708453869111e+02 1.111981044329709479e-40
2.010496416260499188e+02 1.110560630725388064e-40
2.029118018046678174e+02 1.109142031517829505e-40
2.047912096665085357e+02 1.107725244389355973e-40
2.066880249629082016e+02 1.106310267025304330e-40
2.086024089248502662e+02 1.104897097113913771e-40
2.105345242766705951e+02 1.104867673517112172e-40
2.124845352498882960e+02 1.106088917608477138e-40
2.144526075971667467e+02 1.107311511578335931e-40
2.164389086064020375e+02 1.108535456918786489e-40
2.184436071149426084e+02 1.109760755123521984e-40
2.204668735239409898e+02 1.111283156266970553e-40
2.225088798128369376e+02 1.112855668716165799e-40
2.245697995539773899e+02 1.114430406336694748e-40
2.266498079273692952e+02 1.116007372277232345e-40
2.287490817355701722e+02 1.117586569690963336e-40
2.308677994187169702e+02 1.119168001735515995e-40
2.330061410696924611e+02 1.120751671572987410e-40
2.351642884494348493e+02 1.122337582369966933e-40
2.373424250023866193e+02 1.123925737297469705e-40
2.395407358720876800e+02 1.125516139531053702e-40
2.417594079169130907e+02 1.127108792250751219e-40
2.439986297259550270e+02 1.128703698641113528e-40
2.462585916350546711e+02 1.130300861891142365e-40
2.485394857429798492e+02 1.131900285194407991e-40
2.508415059277538717e+02 1.133048149959962310e-40
2.531648478631355488e+02 1.133048149959962310e-40
2.555097090352506939e+02 1.133048149959962310e-40
2.578762887593800883e+02 1.133048149959962310e-40
2.602647881969004402e+02 1.133048149959962310e-40
2.626754103723835669e+02 1.133048149959962310e-40
2.651083601908538867e+02 1.133048149959962310e-40
2.675638444552045030e+02 1.133048149959962310e-40
2.700420718837772824e+02 1.133048149959962310e-40
2.725432531281027764e+02 1.133048149959962310e-40
2.750676007908064662e+02 1.133048149959962310e-40
2.776153294436800820e+02 1.134554225234381400e-40
2.801866556459195294e+02 1.137596758098269175e-40
2.827817979625340854e+02 1.140647450119333516e-40
2.854009769829237371e+02 1.143706323177940089e-40
2.880444153396297793e+02 1.146773399213206358e-40
2.907123377272578182e+02 1.149848700223008322e-40
2.934049709215786947e+02 1.152932248264289239e-40
2.961225437988034628e+02 1.156024065453085930e-40
2.988652873550382765e+02 1.159124173964743507e-40
3.016334347259196988e+02 1.162232596034131521e-40
3.044272212064302607e+02 1.165349353955671082e-40
3.072468842709003525e+02 1.168474470083646035e-40
3.100926635931926398e+02 1.171607966832211729e-40
3.129648010670750296e+02 1.174749866675707620e-40
3.158635408267819003e+02 1.177900192148666039e-40
3.187891292677645652e+02 1.182051239546577042e-40
3.217418150676371624e+02 1.186809284233178993e-40
3.247218492073128573e+02 1.191586481210696406e-40
3.277294849923382003e+02 1.196382907571792832e-40
3.307649780744242776e+02 1.201198640719430238e-40
3.338285864731760739e+02 1.206033758368135116e-40
3.369205705980266998e+02 1.210542772816782431e-40
3.400411932703706270e+02 1.213789084088221143e-40
3.431907197459042891e+02 1.217044100989177518e-40
3.463694177371734213e+02 1.220307846865488655e-40
3.495775574363275382e+02 1.223580345125679028e-40
3.528154115380883127e+02 1.229088411676622303e-40
3.560832552629277643e+02 1.235047906192372078e-40
3.593813663804625662e+02 1.241036296574782893e-40
3.627100252330648118e+02 1.247053722931602146e-40
3.660695147596902643e+02 1.253100326049858163e-40
3.694601205199302285e+02 1.259176247399215028e-40
3.728821307182833493e+02 1.265281629135343917e-40
3.763358362286532497e+02 1.271416614103126008e-40
3.798215306190735987e+02 1.277581345840055420e-40
3.833395101766601556e+02 1.283775968579661334e-40
3.868900739327975771e+02 1.290000627254735366e-40
3.904735236885559857e+02 1.296255467500891117e-40
3.940901640403447459e+02 1.302540635659823161e-40
3.977403024058036749e+02 1.308856278782795018e-40
4.014242490499322003e+02 1.314339052527780127e-40
4.051423171114647062e+02 1.319147751475760802e-40
4.088948226294860433e+02 1.323974043742244758e-40
4.126820845702951601e+02 1.328817993694924794e-40
4.165044248545185042e+02 1.333679665936991535e-40
4.203621683844713743e+02 1.338559125307996617e-40
4.242556430717776834e+02 1.343222570871199797e-40
4.281851798652411389e+02 1.346464043297945283e-40
4.321511127789761986e+02 1.349713338064577954e-40
4.361537789208005620e+02 1.352970474048013259e-40
4.401935185208874373e+02 1.356235470170720614e-40
4.442706749606882681e+02 1.361267212989092622e-40
4.483855948021186464e+02 1.366854305744966979e-40
4.525386278170166747e+02 1.372464329785114124e-40
4.567301270168746896e+02 1.378097379227185766e-40
4.609604486828433778e+02 1.383753548575055988e-40
4.652299523960189163e+02 1.389432932720497227e-40
4.695390010680058026e+02 1.395135626944748795e-40
4.738879609717650965e+02 1.400861726920116192e-40
4.782772017727485263e+02 1.406611328711575718e-40
4.827070965603182913e+02 1.412384528778386019e-40
4.871780218794630741e+02 1.418181423975706770e-40
4.916903577628026483e+02 1.424002111556223681e-40
4.962444877628913673e+02 1.429846689171779006e-40
5.008407989848212196e+02 1.435715254875011435e-40
5.054796821191240497e+02 1.441607907120999860e-40
5.101615314749833487e+02 1.450511660924378809e-40
5.148867450137491915e+02 1.459811484472427608e-40
5.196557243827656976e+02 1.469170932993067028e-40
5.244688749495119282e+02 1.478590388766384106e-40
5.293266058360561601e+02 1.488070236523419996e-40
5.342293299538351903e+02 1.497610863461883918e-40
5.391774640387500312e+02 1.507043883285112198e-40
5.441714286865892518e+02 1.516355397684648241e-40
5.492116483887789400e+02 1.525724444782053421e-40
5.542985515684669053e+02 1.535151380052407746e-40
5.594325706169377099e+02 1.544690906433810269e-40
5.646141419303667135e+02 1.554727800791950686e-40
5.698437059469141559e+02 1.564829911594324258e-40
5.751217071841613233e+02 1.574997662595973328e-40
5.804485942768977793e+02 1.585231480305387894e-40
5.858248200152536356e+02 1.595531794002292363e-40
5.912508413831875487e+02 1.605899035755807309e-40
5.967271195973316935e+02 1.616333640442497444e-40
6.022541201461928040e+02 1.626836045764532767e-40
6.078323128297230369e+02 1.637406692268207988e-40
6.134621717992506547e+02 1.648046023362316766e-40
6.191441755977841694e+02 1.658754485336804290e-40
6.248788072006893799e+02 1.669532527381380102e-40
6.306665540567405515e+02 1.680380601604521821e-40
6.365079081295571086e+02 1.691299163052361207e-40
6.424033659394191318e+02 1.702424784253883316e-40
6.483534286054720042e+02 1.713652607499984013e-40
6.543586018883236193e+02 1.724954480428638725e-40
6.604193962330305112e+02 1.736330891411935481e-40
6.665363268124913247e+02 1.747782332042871762e-40
6.727099135712336420e+02 1.759309297156596615e-40
6.789406812696105362e+02 1.771049700501033136e-40
6.852291595284063987e+02 1.783066524603710919e-40
6.915758828738524926e+02 1.795164884566999402e-40
6.979813907830659900e+02 1.807345333623338677e-40
7.044462277299037396e+02 1.819643992643704066e-40
7.109709432312431545e+02 1.832931980840785755e-40
7.175560918936928374e+02 1.846317004848740246e-40
7.242022334607315770e+02 1.859799773273599199e-40
7.309099328602910646e+02 1.873380999896005580e-40
7.376797602527731215e+02 1.887061403709000064e-40
7.445122910795136022e+02 1.900841708956115359e-40
7.514081061116969522e+02 1.914722645169595319e-40
7.583677914997190328e+02 1.928704947209201340e-40
7.653919388230148115e+02 1.942789355300991834e-40
7.724811451403400042e+02 1.956976615076541758e-40
7.796360130405229256e+02 1.971267477612416627e-40
7.868571506936851847e+02 1.985662699469934048e-40
7.941451719029339529e+02 2.000163042735216039e-40
8.015006961565404708e+02 2.014769275059567209e-40
8.089243486805937664e+02 2.028131361936307756e-40
8.164167604921464090e+02 2.041134541646184802e-40
8.239785684528519596e+02 2.054221090059756207e-40
8.316104153230961629e+02 2.067391541687881485e-40
8.393129498166364328e+02 2.080646434468387301e-40
8.470868266557401967e+02 2.093986309788039797e-40
8.549327066268375575e+02 2.107580948182001978e-40
8.628512566366895271e+02 2.121597072166667763e-40
8.708431497690723972e+02 2.135706408102053508e-40
8.789090653419954151e+02 2.149909575879132168e-40
8.870496889654402821e+02 2.164207199511256962e-40
8.952657125996391869e+02 2.181086306066090439e-40
9.035578346138929646e+02 2.198187727663439473e-40
9.119267598459298370e+02 2.215423237774277031e-40
9.203731996618221274e+02 2.232793887757402070e-40
9.288978720164498100e+02 2.250300737215089816e-40
9.375015015145289681e+02 2.267944854057613567e-40
9.461848194722001608e+02 2.285727314568609893e-40
9.549485639791965923e+02 2.303649203470620832e-40
9.637934799615785550e+02 2.321711613991147508e-40
9.727203192450537017e+02 2.339915647929562644e-40
9.817298406188840545e+02 2.358262415724208632e-40
9.908228099003797524e+02 2.376753036520016415e-40
1.000000000000000000e+03 2.395388638237003640e-40
