# Combination of DAMIC-M and DAMIC-M-DailyModulation 
#  Mass [MeV] 	 sigma_e [cm^2]
1.000000000000000056e-01 1.000000000000000000e+00
1.009262190987047642e-01 1.000000000000000000e+00
1.018610170155975769e-01 1.000000000000000000e+00
1.028044732093309210e-01 1.000000000000000000e+00
1.037566678745185655e-01 1.000000000000000000e+00
1.047176819485520216e-01 1.000000000000000000e+00
1.056875971184804280e-01 1.000000000000000000e+00
1.066664958279539277e-01 1.000000000000000000e+00
1.076544612842315340e-01 1.000000000000000000e+00
1.086515774652538069e-01 1.000000000000000000e+00
1.096579291267809897e-01 1.000000000000000000e+00
1.106736018095973717e-01 1.000000000000000000e+00
1.116986818467823189e-01 1.000000000000000000e+00
1.127332563710486818e-01 1.000000000000000000e+00
1.137774133221491069e-01 1.000000000000000000e+00
1.148312414543511129e-01 1.000000000000000000e+00
1.158948303439810978e-01 1.000000000000000000e+00
1.169682703970385262e-01 1.000000000000000000e+00
1.180516528568805179e-01 1.000000000000000000e+00
1.191450698119776025e-01 1.000000000000000000e+00
1.202486142037412220e-01 1.000000000000000000e+00
1.213623798344240778e-01 1.000000000000000000e+00
1.224864613750931419e-01 1.000000000000000000e+00
1.236209543736768862e-01 1.000000000000000000e+00
1.247659552630869806e-01 1.000000000000000000e+00
1.259215613694150970e-01 1.000000000000000000e+00
1.270878709202058476e-01 1.000000000000000000e+00
1.282649830528060642e-01 1.000000000000000000e+00
1.294529978227915712e-01 1.000000000000000000e+00
1.306520162124721329e-01 1.000000000000000000e+00
1.318621401394748371e-01 1.000000000000000000e+00
1.330834724654074985e-01 1.000000000000000000e+00
1.343161170046016095e-01 1.000000000000000000e+00
1.355601785329368647e-01 1.000000000000000000e+00
1.368157627967472034e-01 1.000000000000000000e+00
1.380829765218092309e-01 1.000000000000000000e+00
1.393619274224142390e-01 1.000000000000000000e+00
1.406527242105237163e-01 1.000000000000000000e+00
1.419554766050101224e-01 1.000000000000000000e+00
1.432702953409830948e-01 1.000000000000000000e+00
1.445972921792019472e-01 1.000000000000000000e+00
1.459365799155756538e-01 1.000000000000000000e+00
1.472882723907502633e-01 1.000000000000000000e+00
1.486524844997856865e-01 1.000000000000000000e+00
1.500293322019218278e-01 1.000000000000000000e+00
1.514189325304352018e-01 1.000000000000000000e+00
1.528214036025870026e-01 1.000000000000000000e+00
1.542368646296628232e-01 1.000000000000000000e+00
1.556654359271061605e-01 1.000000000000000000e+00
1.571072389247450407e-01 1.000000000000000000e+00
1.585623961771137069e-01 1.000000000000000000e+00
1.600310313738700918e-01 1.000000000000000000e+00
1.615132693503090466e-01 1.000000000000000000e+00
1.630092360979740751e-01 1.000000000000000000e+00
1.645190587753662392e-01 1.000000000000000000e+00
1.660428657187530133e-01 1.000000000000000000e+00
1.675807864530767799e-01 1.000000000000000000e+00
1.691329517029648011e-01 1.000000000000000000e+00
1.706994934038407463e-01 1.000000000000000000e+00
1.722805447131393886e-01 1.000000000000000000e+00
1.738762400216250781e-01 1.000000000000000000e+00
1.754867149648151048e-01 1.000000000000000000e+00
1.771121064345087814e-01 1.000000000000000000e+00
1.787525525904234969e-01 1.000000000000000000e+00
1.804081928719382666e-01 1.000000000000000000e+00
1.820791680099462795e-01 1.000000000000000000e+00
1.837656200388171346e-01 1.000000000000000000e+00
1.854676923084698503e-01 1.000000000000000000e+00
1.871855294965578675e-01 1.000000000000000000e+00
1.889192776207666291e-01 1.000000000000000000e+00
1.906690840512252350e-01 1.000000000000000000e+00
1.924350975230331162e-01 1.000000000000000000e+00
1.942174681489025334e-01 1.000000000000000000e+00
1.960163474319185639e-01 1.000000000000000000e+00
1.978318882784164401e-01 1.000000000000000000e+00
1.996642450109794020e-01 1.000000000000000000e+00
2.015135733815557606e-01 1.000000000000000000e+00
2.033800305846981127e-01 1.000000000000000000e+00
2.052637752709252084e-01 1.000000000000000000e+00
2.071649675602068863e-01 1.000000000000000000e+00
2.090837690555750472e-01 1.000000000000000000e+00
2.110203428568595552e-01 1.000000000000000000e+00
2.129748535745520088e-01 1.000000000000000000e+00
2.149474673437980488e-01 1.000000000000000000e+00
2.169383518385184229e-01 1.000000000000000000e+00
2.189476762856621128e-01 1.000000000000000000e+00
2.209756114795902171e-01 1.000000000000000000e+00
2.230223297965937546e-01 1.000000000000000000e+00
2.250880052095461659e-01 1.000000000000000000e+00
2.271728133026905128e-01 1.000000000000000000e+00
2.292769312865649278e-01 1.000000000000000000e+00
2.314005380130652878e-01 1.000000000000000000e+00
2.335438139906478860e-01 1.000000000000000000e+00
2.357069413996727703e-01 1.000000000000000000e+00
2.378901041078893275e-01 1.000000000000000000e+00
2.400934876860652545e-01 1.000000000000000000e+00
2.423172794237599403e-01 1.000000000000000000e+00
2.445616683452445927e-01 1.000000000000000000e+00
2.468268452255692469e-01 1.000000000000000000e+00
2.491130026067788494e-01 1.000000000000000000e+00
2.514203348142797223e-01 1.000000000000000000e+00
2.537490379733570167e-01 1.000000000000000000e+00
2.560993100258458499e-01 1.000000000000000000e+00
2.584713507469563742e-01 1.000000000000000000e+00
2.608653617622547771e-01 1.000000000000000000e+00
2.632815465648021269e-01 1.000000000000000000e+00
2.657201105324505375e-01 1.000000000000000000e+00
2.681812609453014806e-01 1.000000000000000000e+00
2.706652070033241375e-01 1.000000000000000000e+00
2.731721598441376186e-01 1.000000000000000000e+00
2.757023325609583853e-01 1.000000000000000000e+00
2.782559402207124277e-01 1.000000000000000000e+00
2.808331998823171971e-01 1.000000000000000000e+00
2.834343306151309028e-01 1.000000000000000000e+00
2.860595535175741722e-01 1.000000000000000000e+00
2.887090917359236286e-01 1.000000000000000000e+00
2.913831704832787195e-01 1.000000000000000000e+00
2.940820170587062909e-01 1.000000000000000000e+00
2.968058608665602449e-01 1.000000000000000000e+00
2.995549334359813298e-01 1.000000000000000000e+00
3.023294684405777866e-01 1.000000000000000000e+00
3.051297017182869054e-01 1.000000000000000000e+00
3.079558712914226004e-01 1.000000000000000000e+00
3.108082173869063936e-01 1.000000000000000000e+00
3.136869824566877463e-01 1.000000000000000000e+00
3.165924111983522415e-01 1.000000000000000000e+00
3.195247505759211681e-01 1.000000000000000000e+00
3.224842498408441172e-01 1.000000000000000000e+00
3.254711605531848129e-01 1.000000000000000000e+00
3.284857366030044523e-01 1.000000000000000000e+00
3.315282342319424980e-01 1.000000000000000000e+00
3.345989120549973106e-01 1.000000000000000000e+00
3.376980310825090648e-01 1.000000000000000000e+00
3.408258547423451690e-01 1.000000000000000000e+00
3.439826489022925204e-01 1.000000000000000000e+00
3.471686818926561502e-01 1.000000000000000000e+00
3.503842245290673674e-01 1.000000000000000000e+00
3.536295501355041782e-01 1.000000000000000000e+00
3.569049345675229801e-01 1.000000000000000000e+00
3.602106562357070829e-01 1.000000000000000000e+00
3.635469961293319452e-01 1.000000000000000000e+00
3.669142378402492910e-01 1.000000000000000000e+00
3.703126675869926054e-01 1.000000000000000000e+00
3.737425742391063954e-01 1.000000000000000000e+00
3.772042493416998266e-01 1.000000000000000000e+00
3.806979871402286220e-01 1.000000000000000000e+00
3.842240846055060000e-01 1.000000000000000000e+00
3.877828414589456485e-01 1.000000000000000000e+00
3.913745601980384015e-01 1.000000000000000000e+00
3.949995461220643933e-01 1.000000000000000000e+00
3.986581073580440782e-01 1.000000000000000000e+00
4.023505548869292237e-01 1.000000000000000000e+00
4.060772025700365440e-01 1.000000000000000000e+00
4.098383671757261371e-01 1.000000000000000000e+00
4.136343684063274462e-01 1.000000000000000000e+00
4.174655289253136892e-01 1.000000000000000000e+00
4.213321743847288081e-01 1.000000000000000000e+00
4.252346334528682159e-01 1.000000000000000000e+00
4.291732378422157268e-01 1.000000000000000000e+00
4.331483223376399461e-01 1.000000000000000000e+00
4.371602248248504519e-01 1.000000000000000000e+00
4.412092863191188763e-01 1.000000000000000000e+00
4.452958509942655518e-01 1.000000000000000000e+00
4.494202662119142211e-01 1.000000000000000000e+00
4.535828825510187512e-01 1.000000000000000000e+00
4.577840538376618529e-01 1.000000000000000000e+00
4.620241371751311887e-01 1.000000000000000000e+00
4.663034929742731483e-01 1.000000000000000000e+00
4.706224849841281754e-01 1.000000000000000000e+00
4.749814803228500915e-01 1.000000000000000000e+00
4.793808495089109112e-01 1.000000000000000000e+00
4.838209664925955944e-01 1.000000000000000000e+00
4.883022086877880086e-01 1.000000000000000000e+00
4.928249570040514893e-01 1.000000000000000000e+00
4.973895958790063854e-01 1.000000000000000000e+00
5.019965133110081412e-01 1.000000000000000000e+00
5.066461008921266940e-01 1.000000000000000000e+00
5.113387538414325695e-01 1.000000000000000000e+00
5.160748710385908433e-01 1.000000000000000000e+00
5.208548550577661862e-01 1.000000000000000000e+00
5.256791122018421580e-01 1.000000000000000000e+00
5.305480525369572486e-01 1.000000000000000000e+00
5.354620899273607737e-01 4.116903213060934133e-30
5.404216420705916235e-01 3.459661803635583363e-30
5.454271305329833064e-01 2.907345442944217602e-30
5.504789807854970629e-01 2.456140219477527130e-30
5.555776222398876030e-01 2.076948644116570820e-30
5.607234882852032420e-01 1.758615465190327689e-30
5.659170163246244334e-01 1.491993139139589655e-30
5.711586478126432498e-01 1.265793217051398827e-30
5.764488282925875895e-01 1.078345046740093561e-30
5.817880074344934371e-01 9.188222742596201280e-31
5.871766390733255125e-01 7.867595964918418231e-31
5.926151812475554115e-01 6.774675331006670151e-31
5.981040962380941295e-01 5.833576869631007269e-31
6.036438506075867405e-01 5.035313159084563558e-31
6.092349152400710066e-01 4.350343215224679776e-31
6.148777653810023613e-01 3.758551949466459525e-31
6.205728806776501516e-01 3.308512358477608250e-31
6.263207452198689129e-01 2.920829417684673850e-31
6.321218475812451221e-01 2.578574163506483246e-31
6.379766808606280870e-01 2.289642890976634333e-31
6.438857427240419762e-01 2.041346489192005749e-31
6.498495354469889795e-01 1.819976165435610864e-31
6.558685659571431570e-01 1.623288472608632506e-31
6.619433458774393042e-01 1.457330843149944697e-31
6.680743915695612767e-01 1.308339966822502250e-31
6.742622241778342129e-01 1.174581239964189818e-31
6.805073696735207678e-01 1.054151177812399685e-31
6.868103588995303488e-01 9.433612920896549605e-32
6.931717276155405782e-01 8.442152758960712006e-32
6.995920165435373095e-01 7.554893740420146525e-32
7.060717714137773049e-01 6.780497635961036385e-32
7.126115430111746862e-01 6.135359206334045683e-32
7.192118872221189285e-01 5.551603232055789404e-32
7.258733650817251748e-01 5.023389407152259376e-32
7.325965428215229780e-01 4.545433108436474040e-32
7.393819919175865785e-01 4.112952524415831911e-32
7.462302891391109361e-01 3.721620814681269914e-32
7.531420165974371805e-01 3.367522821148042047e-32
7.601177617955328092e-01 3.053378827402528620e-32
7.671581176779301847e-01 2.772657095983091859e-32
7.742636826811269968e-01 2.517744376463508154e-32
7.814350607844543495e-01 2.286267838311955104e-32
7.886728615614151394e-01 2.084236556766035864e-32
7.959777002314983863e-01 1.902690070426733503e-32
8.033501977124734017e-01 1.736957108994261512e-32
8.107909806731686819e-01 1.585660242505521873e-32
8.183006815867391870e-01 1.450998027146483804e-32
8.258799387844267814e-01 1.328130193049960876e-32
8.335293965098193869e-01 1.215666580305306480e-32
8.412497049736118448e-01 1.113122518188614462e-32
8.490415204088747059e-01 1.025195351826517226e-32
8.569055051268349432e-01 9.442136801949167696e-33
8.648423275731722537e-01 8.696288685652102829e-33
8.728526623848377186e-01 8.016267024643032848e-33
8.809371904473990433e-01 7.412505232692159063e-33
8.890965989529160396e-01 6.854217013452763986e-33
8.973315814583522343e-01 6.337977430397373392e-33
9.056428379445289334e-01 5.869393595746414844e-33
9.140310748756229620e-01 5.448980444348723278e-33
9.224970052592174063e-01 5.058680662413375598e-33
9.310413487069078009e-01 4.696337288348118550e-33
9.396648314954693104e-01 4.368208738326797359e-33
9.483681866285922357e-01 4.069700463385700772e-33
9.571521538991862865e-01 3.791591211372746073e-33
9.660174799522646127e-01 3.532486983624180332e-33
9.749649183484089265e-01 3.298169397887977953e-33
9.839952296278231536e-01 3.082314406164327935e-33
9.931091813749796104e-01 2.880586456393710516e-33
1.002307548283865479e+00 2.692060977350048748e-33
1.011591112223829692e+00 2.525386792838574248e-33
1.020960662306046540e+00 2.370572225982643722e-33
1.030416994950587917e+00 2.225248304353319956e-33
1.039960913954119714e+00 2.088979769358280916e-33
1.049593230558227619e+00 1.972228463098266681e-33
1.059314763518369951e+00 1.862002288250927569e-33
1.069126339173475992e+00 1.757936560759841395e-33
1.079028791516184249e+00 1.659812769929943028e-33
1.089022962263729966e+00 1.567740654403352572e-33
1.099109700929497224e+00 1.480775906774564004e-33
1.109289864895222744e+00 1.398635214265436041e-33
1.119564319483878245e+00 1.322403470886153433e-33
1.129933938033222285e+00 1.252921943468508905e-33
1.140399601970032428e+00 1.187091104179412280e-33
1.150962200885032205e+00 1.124719139103570094e-33
1.161622632608501959e+00 1.065624312584091074e-33
1.172381803286598467e+00 1.009634437692047394e-33
1.183240627458378658e+00 9.565863745186272256e-34
1.194200028133531877e+00 9.063255548280056282e-34
1.205260936870842681e+00 8.577204137495508068e-34
1.216424293857367944e+00 8.112174011367636906e-34
1.227691047988359152e+00 7.490308112195934330e-34
1.239062156947916327e+00 6.752804998989814419e-34
1.250538587290390691e+00 6.087917168605386888e-34
1.262121314522547388e+00 5.488494848784264337e-34
1.273811323186478495e+00 4.948092240885741367e-34
1.285609606943295846e+00 4.460898205951045244e-34
1.297517168657587483e+00 4.021673775486330613e-34
1.309535020482667012e+00 3.625695814994791329e-34
1.321664183946605231e+00 3.223926977653587144e-34
1.333905690039058678e+00 2.854045938318272729e-34
1.346260579298910409e+00 2.526601338830409564e-34
1.358729901902709924e+00 2.243871821420643329e-34
1.371314717753944867e+00 2.001769584777779385e-34
1.384016096573131627e+00 1.785788935129295534e-34
1.396835117988739716e+00 1.598101303550656014e-34
1.409772871628967028e+00 1.436220114796793637e-34
1.422830457214352640e+00 1.290736834745072998e-34
1.436008984651259812e+00 1.167426232622804447e-34
1.449309574126216527e+00 1.059317387902825933e-34
1.462733356201129986e+00 9.612199014855036677e-35
1.476281471909390186e+00 8.656620033269171242e-35
1.489955072852854556e+00 7.780298088652193318e-35
1.503755321299737657e+00 6.992687459498517141e-35
1.517683390283405265e+00 6.282836338658393594e-35
1.531740463702079724e+00 5.641575278263868121e-35
1.545927736419477672e+00 5.065764871907164212e-35
1.560246414366368795e+00 4.546974293451917675e-35
1.574697714643085833e+00 4.064332958472136718e-35
1.589282865622978047e+00 3.632921879745734347e-35
1.604003107056819921e+00 3.249416532260665387e-35
1.618859690178198418e+00 2.912326497915310007e-35
1.633853877809861244e+00 2.610205723474562551e-35
1.648986944471064975e+00 2.381616115747528782e-35
1.664260176485903520e+00 2.208367589518008504e-35
1.679674872092653093e+00 2.047721871794123586e-35
1.695232341554120614e+00 1.898762182585380220e-35
1.710933907269014398e+00 1.766748654081694566e-35
1.726780903884356011e+00 1.644853122230768543e-35
1.742774678408919087e+00 1.531367683491190373e-35
1.758916590327732621e+00 1.425712089636758214e-35
1.775208011717635204e+00 1.317627356602458917e-35
1.791650327363900397e+00 1.207342706455817371e-35
1.808244934877951682e+00 1.106288817948285126e-35
1.824993244816152327e+00 1.013693081652124535e-35
1.841896680799710806e+00 9.322467578781601209e-36
1.858956679635687337e+00 8.574093224980112601e-36
1.876174691439120412e+00 7.885795687611059654e-36
1.893552179756295306e+00 7.251305785393753402e-36
1.911090621689137903e+00 6.666683436082082496e-36
1.928791508020777812e+00 6.129195120478264577e-36
1.946656343342262341e+00 5.635207661284052572e-36
1.964686646180445528e+00 5.182833345534292178e-36
1.982883949127071332e+00 4.766774021857600194e-36
2.001249798969037208e+00 4.384114452577377334e-36
2.019785756819878486e+00 4.041730284267164389e-36
2.038493398252463340e+00 3.731313210488635878e-36
2.057374313432912771e+00 3.444737104047422787e-36
2.076430107255774704e+00 3.179958151196027490e-36
2.095662399480433091e+00 2.934621372281083641e-36
2.115072824868794665e+00 2.708212557894723410e-36
2.134663033324244452e+00 2.499271397671909580e-36
2.154434690031883370e+00 2.311511855574667347e-36
2.174389475600079891e+00 2.139618985429403076e-36
2.194529086203313550e+00 1.980508727121286969e-36
2.214855233726359174e+00 1.831512351721404666e-36
2.235369645909795366e+00 1.689572443171171997e-36
2.256074066496860375e+00 1.558632699386609070e-36
2.276970255381680186e+00 1.437840621404494769e-36
2.298059988758851091e+00 1.333746387359464424e-36
2.319345059274428689e+00 1.238628092240566358e-36
2.340827276178293115e+00 1.150293313202441396e-36
2.362508465477946462e+00 1.067629996035836007e-36
2.384390470093720626e+00 9.723924538910807611e-37
2.406475150015424003e+00 8.856505417562091851e-37
2.428764382460451898e+00 8.066464100727576022e-37
2.451260062033338460e+00 7.533032997947073502e-37
2.473964100886812734e+00 7.049213208573153004e-37
2.496878428884326873e+00 6.596467435289803886e-37
2.520004993764092038e+00 6.172799905090002348e-37
2.543345761304649510e+00 5.736621890913087904e-37
2.566902715491950371e+00 5.294097384100490354e-37
2.590677858688007706e+00 4.885709333002348316e-37
2.614673211801092023e+00 4.514522236577516052e-37
2.638890814457510281e+00 4.208065357180705069e-37
2.663332725174982318e+00 3.922411524929928737e-37
2.688001021537606228e+00 3.656148577789887416e-37
2.712897800372465973e+00 3.407960214759473806e-37
2.738025177927857712e+00 3.176619488588708753e-37
2.763385290053169907e+00 2.982585702535292541e-37
2.788980292380441206e+00 2.806720704102813515e-37
2.814812360507579658e+00 2.641225398533598835e-37
2.840883690183302779e+00 2.485488347900620900e-37
2.867196497493769591e+00 2.338934167064868172e-37
2.893753019050950392e+00 2.201021397860990326e-37
2.920555512182746671e+00 2.071240508629293055e-37
2.947606255124857189e+00 1.947743985626145825e-37
2.974907547214440395e+00 1.831516877058540492e-37
3.002461709085549213e+00 1.722225351845666067e-37
3.030271082866396348e+00 1.619455545123582550e-37
3.058338032378433269e+00 1.522818288455078473e-37
3.086664943337273037e+00 1.434568324774819137e-37
3.115254223555488089e+00 1.352320304020126307e-37
3.144108303147264749e+00 1.274787804165510853e-37
3.173229634734976212e+00 1.201700470530640495e-37
3.202620693657651785e+00 1.132803448664050608e-37
3.232283978181379247e+00 1.068786203917405054e-37
3.262222009711670090e+00 1.008478833059501560e-37
3.292437333007768974e+00 9.515743681957796736e-38
3.322932516398971803e+00 8.978807968235979740e-38
3.353710152002930656e+00 8.476843689940587426e-38
3.384772855945981096e+00 8.058174953329437611e-38
3.416123268585528283e+00 7.660184138528090399e-38
3.447764054734464345e+00 7.281849969255491891e-38
3.479697903887691623e+00 6.922201609755959975e-38
3.511927530450729584e+00 6.583763603005720493e-38
3.544455673970433818e+00 6.377550697780736580e-38
3.577285099367873311e+00 6.177796676082784743e-38
3.610418597173337130e+00 5.984299236429470565e-38
3.643858983763544224e+00 5.796862413710469541e-38
3.677609101601032382e+00 5.615296380723651194e-38
3.711671819475764966e+00 5.439417255926441915e-38
3.746050032748993175e+00 5.269046917209630366e-38
3.780746663599349411e+00 5.099458694594654372e-38
3.815764661271248581e+00 4.933631149477565825e-38
3.851107002325570683e+00 4.773196093321923980e-38
3.886776690892665531e+00 4.617978169631894495e-38
3.922776758927719598e+00 4.467807724269510285e-38
3.959110266468458761e+00 4.322520620021416803e-38
3.995780301895269560e+00 4.181958057195692923e-38
4.032789982193706990e+00 4.044533940319159117e-38
4.070142453219436796e+00 3.910198058407473517e-38
4.107840889965646447e+00 3.780324032777754080e-38
4.145888496832911052e+00 3.654763666528221323e-38
4.184288507901582577e+00 3.533373684996040833e-38
4.223044187206673961e+00 3.416015572268711318e-38
4.262158829015322503e+00 3.302555413126533513e-38
4.301635758106795215e+00 3.192863740233919677e-38
4.341478330055092094e+00 3.092069299369308993e-38
4.381689931514192615e+00 3.016307944423392291e-38
4.422273980505899260e+00 2.942402881283181110e-38
4.463233926710395316e+00 2.870308627403343268e-38
4.504573251759458330e+00 2.799980814643976457e-38
4.546295469532399380e+00 2.731376161965827720e-38
4.588404126454759258e+00 2.664452448794246482e-38
4.630902801799739343e+00 2.599168489036038150e-38
4.673795107992461340e+00 2.535484105732511928e-38
4.717084690917017653e+00 2.473360106333974089e-38
4.760775230226368393e+00 2.412758258580025300e-38
4.804870439655131165e+00 2.353641266970472130e-38
4.849374067335235239e+00 2.296833642123673743e-38
4.894289896114528915e+00 2.241695432493565170e-38
4.939621743878320537e+00 2.187880880835656280e-38
4.985373463873894018e+00 2.135358211173955336e-38
5.031548945038053944e+00 2.084096410352272698e-38
5.078152112327673606e+00 2.034065209722038863e-38
5.125186927053330344e+00 1.985235067269409394e-38
5.172657387216019309e+00 1.938064610989771002e-38
5.220567527846974976e+00 1.894782804429608115e-38
5.268921421350674095e+00 1.852467588337351869e-38
5.317723177850969485e+00 1.811097376341972885e-38
5.366976945540476329e+00 1.770651064149954114e-38
5.416686911033152363e+00 1.731108018779063888e-38
5.466857299720180308e+00 1.692448068033033802e-38
5.517492376129125908e+00 1.654651490210833573e-38
5.568596444286411540e+00 1.622325677386404838e-38
5.620173848083187984e+00 1.594268909258039808e-38
5.672228971644543094e+00 1.566697359510190165e-38
5.724766239702178794e+00 1.539602636696042868e-38
5.777790117970504014e+00 1.512976494491852231e-38
5.831305113526221717e+00 1.486810829187231350e-38
5.885315775191449994e+00 1.461097677218624336e-38
5.939826693920356782e+00 1.435829212745683738e-38
5.994842503189408589e+00 1.412270076417026490e-38
6.050367879391221670e+00 1.389143701202747478e-38
6.106407542232039631e+00 1.366396027795944191e-38
6.162966255132942273e+00 1.344020854833079199e-38
6.220048825634711953e+00 1.322012082500019587e-38
6.277660105806499580e+00 1.300363710868956363e-38
6.335804992658251145e+00 1.279069838262907883e-38
6.394488428556940107e+00 1.258051523973465660e-38
6.453715401646701544e+00 1.237257792995418872e-38
6.513490946272802340e+00 1.216807751635601710e-38
6.573820143409585093e+00 1.196695719212956737e-38
6.634708121092347533e+00 1.176916108939662855e-38
6.696160054853218746e+00 1.157463426369297045e-38
6.758181168161110364e+00 1.138332267870450946e-38
6.820776732865684977e+00 1.119517319125752253e-38
6.883952069645496330e+00 1.103026877761048568e-38
6.947712548460236448e+00 1.087333003106333652e-38
7.012063589007180298e+00 1.071862421017415210e-38
7.077010661181889262e+00 1.056611954485999797e-38
7.142559285543126357e+00 1.041578471706308004e-38
7.208715033782135073e+00 1.026758885431865936e-38
7.275483529196228538e+00 1.012150152341616250e-38
7.342870447166761849e+00 9.986096066349828775e-39
7.410881515641570161e+00 9.888581059760150320e-39
7.479522515621821022e+00 9.792018294811951269e-39
7.548799281653435500e+00 9.696398472791366555e-39
7.618717702322995500e+00 9.601712385787196630e-39
7.689283720758309570e+00 9.507950915804215154e-39
7.760503335133570602e+00 9.415105033885126642e-39
7.832382599179195992e+00 9.323165799241111403e-39
7.904927622696424017e+00 9.232124358390845548e-39
7.978144572076624641e+00 9.141971944307943859e-39
8.052039670825474005e+00 9.052699875576714592e-39
8.126619200091946382e+00 8.964299555556167486e-39
8.201889499202202671e+00 8.876762471552184927e-39
8.277856966198475774e+00 8.790080193997767521e-39
8.354528058382866718e+00 8.704244375641436304e-39
8.431909292866254901e+00 8.619314457989514047e-39
8.510007247122246099e+00 8.543126668828264128e-39
8.588828559546250574e+00 8.467612318285082146e-39
8.668379930019778357e+00 8.392765453705647915e-39
8.748668120479909049e+00 8.318580175052304628e-39
8.829699955494087149e+00 8.245050634438970386e-39
8.911482322840202031e+00 8.172171035670028868e-39
8.994022174092044963e+00 8.099935633783957362e-39
9.077326525210228425e+00 8.041392360592510403e-39
9.161402457138516198e+00 8.001410441833592447e-39
9.246257116405738330e+00 7.961627313751079246e-39
9.331897715733239451e+00 7.922041987955121949e-39
9.418331534647951031e+00 7.882653480969769202e-39
9.505565920101195942e+00 7.843460814208929228e-39
9.593608287093141840e+00 7.804463013952437624e-39
9.682466119303123619e+00 7.765659111321099373e-39
9.772146969725724830e+00 7.727048142252996773e-39
9.862658461312820535e+00 7.688629147479926555e-39
9.954008287621523010e+00 7.650401172502799494e-39
1.004620421346813153e+01 7.612363267568311136e-39
1.013925407558815373e+01 7.574514487645718237e-39
1.023316578330244830e+01 7.536853892402610312e-39
1.032794731918951392e+01 7.499380546181923597e-39
1.042360673976401131e+01 7.463185252584768398e-39
1.052015217616159148e+01 7.430706462454508719e-39
1.061759183483000157e+01 7.398369015701458224e-39
1.071593399822671167e+01 7.366172297218026148e-39
1.081518702552288147e+01 7.334115694573489548e-39
1.091535935331391016e+01 7.302198598002345633e-39
1.101645949633656940e+01 7.270420400392705860e-39
1.111849604819271065e+01 7.238780497274755279e-39
1.122147768207980256e+01 7.207278286809129658e-39
1.132541315152811556e+01 7.175913169775946453e-39
1.143031129114478617e+01 7.144684549562695140e-39
1.153618101736478430e+01 7.113591832153358234e-39
1.164303132920876749e+01 7.082634426116999833e-39
1.175087130904807609e+01 7.051811742596395929e-39
1.185971012337669350e+01 7.021123195297297669e-39
1.196955702359042739e+01 6.991138776722334100e-39
1.208042134677328860e+01 6.971564935954852826e-39
1.219231251649110703e+01 6.952045898168031806e-39
1.230524004359261525e+01 6.932581509923865038e-39
1.241921352701783299e+01 6.913171618214283168e-39
1.253424265461399401e+01 6.893816070459493457e-39
1.265033720395903849e+01 6.874514714506901796e-39
1.276750704319265672e+01 6.855267398630020377e-39
1.288576213185518071e+01 6.838529843525931045e-39
1.300511252173408572e+01 6.824696385039881707e-39
1.312556835771842678e+01 6.810890909845167605e-39
1.324713987866117471e+01 6.797113361335334961e-39
1.336983741824946570e+01 6.783363683018434732e-39
1.349367140588306491e+01 6.769641818516461441e-39
1.361865236756081288e+01 6.755947711565785143e-39
1.374479092677536585e+01 6.742281306016595479e-39
1.387209780541621029e+01 6.727730787949762561e-39
1.400058382468097484e+01 6.713075731318049068e-39
1.413025990599533621e+01 6.698452597884867272e-39
1.426113707194128288e+01 6.683861318111502598e-39
1.439322644719406519e+01 6.669301822611045158e-39
1.452653925946781222e+01 6.654774042147729384e-39
1.466108684046984401e+01 6.640277907636281502e-39
1.479688062686396322e+01 6.629842819160104681e-39
1.493393216124251843e+01 6.629842819160104681e-39
1.507225309310755534e+01 6.629842819160104681e-39
1.521185517986104863e+01 6.629842819160104681e-39
1.535275028780422701e+01 6.629842819160104681e-39
1.549495039314631661e+01 6.629842819160104681e-39
1.563846758302246265e+01 6.629842819160104681e-39
1.578331405652118136e+01 6.629842819160104681e-39
1.592950212572123014e+01 6.629842819160104681e-39
1.607704421673823703e+01 6.629842819160104681e-39
1.622595287078087267e+01 6.629842819160104681e-39
1.637624074521687234e+01 6.629842819160104681e-39
1.652792061464895568e+01 6.629842819160104681e-39
1.668100537200059108e+01 6.629842819160104681e-39
1.683550802961202209e+01 6.629842819160104681e-39
1.699144172034625910e+01 6.629842819160104681e-39
1.714881969870539180e+01 6.629842819160104681e-39
1.730765534195725763e+01 6.629842819160104681e-39
1.746796215127245588e+01 6.629842819160104681e-39
1.762975375287205893e+01 6.629842819160104681e-39
1.779304389918577201e+01 6.629842819160104681e-39
1.795784647002095014e+01 6.629842819160104681e-39
1.812417547374237614e+01 6.629842819160104681e-39
1.829204504846293844e+01 6.634539802777641953e-39
1.846146946324547500e+01 6.643847067448297336e-39
1.863246311931559873e+01 6.653167388815799415e-39
1.880504055128581697e+01 6.662500785196954506e-39
1.897921642839101608e+01 6.671847274933828375e-39
1.915500555573527919e+01 6.681206876394655873e-39
1.933242287555045280e+01 6.690579607973000471e-39
1.951148346846616377e+01 6.699965488088666498e-39
1.969220255479171300e+01 6.719879783766396453e-39
1.987459549580983875e+01 6.740846598069828011e-39
2.005867779508233895e+01 6.761878831296948804e-39
2.024446509976803910e+01 6.782976687562264657e-39
2.043197320195270450e+01 6.804140371617584389e-39
2.062121803999142600e+01 6.825370088853125201e-39
2.081221569986339404e+01 6.846666045300387729e-39
2.100498241653915343e+01 6.870100641336051392e-39
2.119953457536071184e+01 6.897979851048887295e-39
2.139588871343421417e+01 6.925972195979678898e-39
2.159406152103565546e+01 6.954078135236874636e-39
2.179406984302955763e+01 6.982298129792006993e-39
2.199593068030074861e+01 7.010632642486913407e-39
2.219966119119954939e+01 7.039082138042010356e-39
2.240527869300018082e+01 7.067647083063570375e-39
2.261280066337277361e+01 7.082594105191857639e-39
2.282224474186898533e+01 7.092529922874982959e-39
2.303362873142131306e+01 7.102479679020590154e-39
2.324697059985647840e+01 7.112443393182486202e-39
2.346228848142262535e+01 7.122421084941439332e-39
2.367960067833076110e+01 7.132412773906157825e-39
2.389892566231050353e+01 7.142418479712389516e-39
2.412028207618006803e+01 7.153220270160273528e-39
2.434368873543110467e+01 7.168836189353506775e-39
2.456916462982790250e+01 7.184486199057335884e-39
2.479672892502157566e+01 7.200170373693672671e-39
2.502640096417919224e+01 7.215888787846430075e-39
2.525820026962784581e+01 7.231641516262808950e-39
2.549214654451423101e+01 7.247428633852718615e-39
2.572825967447932172e+01 7.263250215690074088e-39
2.596655972934869894e+01 7.280587065966913533e-39
2.620706696483852483e+01 7.299183931427731241e-39
2.644980182427719839e+01 7.317828299020155066e-39
2.669478494034320804e+01 7.336520290079281289e-39
2.694203713681882206e+01 7.355260026250137271e-39
2.719157943036018921e+01 7.374047629488468408e-39
2.744343303228365372e+01 7.392883222061530298e-39
2.769761935036891032e+01 7.411766926548891358e-39
2.795415999067856561e+01 7.434297163022636214e-39
2.821307675939470627e+01 7.457054229152561075e-39
2.847439166467247773e+01 7.479880956751147490e-39
2.873812691851066248e+01 7.502777559058546105e-39
2.900430493863991543e+01 7.525744249967655960e-39
2.927294835042815890e+01 7.548781244025997248e-39
2.954407998880379793e+01 7.571888756438211813e-39
2.981772290019673477e+01 7.598709946055581813e-39
3.009390034449721085e+01 7.631941800729013950e-39
3.037263579703311578e+01 7.665318990093846336e-39
3.065395295056526592e+01 7.698842149750247469e-39
3.093787571730136676e+01 7.732511918078095081e-39
3.122442823092858077e+01 7.766328936248999657e-39
3.151363484866479325e+01 7.800293848239024868e-39
3.180552015332919780e+01 7.834407300840187767e-39
3.210010895543171472e+01 7.868669943673284926e-39
3.239742629528195295e+01 7.903082429200004705e-39
3.269749744511767631e+01 7.937645412735870850e-39
3.300034791125285238e+01 7.972359552461944972e-39
3.330600343624588788e+01 8.007225509437878459e-39
3.361449000108765262e+01 8.043722680848898360e-39
3.392583382740991738e+01 8.089995200654068652e-39
3.424006137971425545e+01 8.136533908911421656e-39
3.455719936762139355e+01 8.183340336903019488e-39
3.487727474814177242e+01 8.230416024720356749e-39
3.520031472796679139e+01 8.277762521313955446e-39
3.552634676578139050e+01 8.325381384545275099e-39
3.585539857459816915e+01 8.373274181237565741e-39
3.618749812411280686e+01 8.421442487227019779e-39
3.652267364308175246e+01 8.469887887415568235e-39
3.686095362172157763e+01 8.518611975821938641e-39
3.720236681413065583e+01 8.567616355635206909e-39
3.754694224073336528e+01 8.616902639266430760e-39
3.789470919074667421e+01 8.666472448402831936e-39
3.824569722466998911e+01 8.716327414060022130e-39
3.859993617679766942e+01 8.766469176636803793e-39
3.895745615775501136e+01 8.816899385968005529e-39
3.931828755705770106e+01 8.867619701379913249e-39
3.968246104569481503e+01 8.918631791743713721e-39
4.005000757873611406e+01 8.969937335531570422e-39
4.042095839796306223e+01 9.021538020870676558e-39
4.079534503452448746e+01 9.073435545599834668e-39
4.117319931161679136e+01 9.133857491612854263e-39
4.155455334718875093e+01 9.196672047814916407e-39
4.193943955667186430e+01 9.259918586722628678e-39
4.232789065573548726e+01 9.323600079128910595e-39
4.271993966306776969e+01 9.387719516257612251e-39
4.311561990318228510e+01 9.452279909903566923e-39
4.351496500925049560e+01 9.517284292573589852e-39
4.391800892596086214e+01 9.582735717629850922e-39
4.432478591240396071e+01 9.648637259432675738e-39
4.473533054498463457e+01 9.714992013485267733e-39
4.514967772036101934e+01 9.781803096578474665e-39
4.556786265841063965e+01 9.849073646938137819e-39
4.598992090522438048e+01 9.916806824371870903e-39
4.641588833612777165e+01 9.985005810417797835e-39
4.684580115873045258e+01 1.005367380849334665e-38
4.727969591600390942e+01 1.012281404404669269e-38
4.771760948938745628e+01 1.019242976470761450e-38
4.815957910192350511e+01 1.026252424044037257e-38
4.860564232142133534e+01 1.033310076369663117e-38
4.905583706365045771e+01 1.040416264957111554e-38
4.951020159556351530e+01 1.047571323595682936e-38
4.996877453854884266e+01 1.054775588370132660e-38
5.043159487171358535e+01 1.062029397676559618e-38
5.089870193519679731e+01 1.069333092238233326e-38
5.137013543351343969e+01 1.076687015121633117e-38
5.184593543892913203e+01 1.084091511752491651e-38
5.232614239486662200e+01 1.091546929932125398e-38
5.281079711934330589e+01 1.099053619853702358e-38
5.329994080844087989e+01 1.106611934118725498e-38
5.379361503980702963e+01 1.114222227753523372e-38
5.429186177618942821e+01 1.121528056375577805e-38
5.479472336900287388e+01 1.127496519947669228e-38
5.530224256192899901e+01 1.133496746039859794e-38
5.581446249454960906e+01 1.139528903683500194e-38
5.633142670601357338e+01 1.145593162809535514e-38
5.685317913873753071e+01 1.151689694253236865e-38
5.737976414214134024e+01 1.157818669758956763e-38
5.791122647641758192e+01 1.163980261985080792e-38
5.844761131633631379e+01 1.170174644508815871e-38
5.898896425508499419e+01 1.176401991831118427e-38
5.953533130814370367e+01 1.182662479381532775e-38
6.008675891719686746e+01 1.188956283523249667e-38
6.064329395408061885e+01 1.195283581558015147e-38
6.120498372476696858e+01 1.201644551731069032e-38
6.177187597338494385e+01 1.208039373236280848e-38
6.234401888627863997e+01 1.214468226221141690e-38
6.292146109610344240e+01 1.220931291791777742e-38
6.350425168595962333e+01 1.227428752018172346e-38
6.409244019356449940e+01 1.233960789939214505e-38
6.468607661546327847e+01 1.239514306335614114e-38
6.528521141127846761e+01 1.244932085280636561e-38
6.588989550799949768e+01 1.250373544733860354e-38
6.650018030431118632e+01 1.255838788200149141e-38
6.711611767496279413e+01 1.261327919636774021e-38
6.773775997517752501e+01 1.266841043455412898e-38
6.836516004510238531e+01 1.272378264524053517e-38
6.899837121430017817e+01 1.279730064139593904e-38
6.963744730628222612e+01 1.291947424359840368e-38
7.028244264308345635e+01 1.304281421592011451e-38
7.093341204987996207e+01 1.316733169349362165e-38
7.159041085964888396e+01 1.329303791775687293e-38
7.225349491787214617e+01 1.341994423746720973e-38
7.292272058728312345e+01 1.354806210972724134e-38
7.359814475265763178e+01 1.367740310101854198e-38
7.427982482564918598e+01 1.377432431794276807e-38
7.496781874966876558e+01 1.385609622601655380e-38
7.566218500481055287e+01 1.393835357677286743e-38
7.636298261282242095e+01 1.402109925206468293e-38
7.707027114212294805e+01 1.410433615085323150e-38
7.778411071286490142e+01 1.418806718930887505e-38
7.850456200204509116e+01 1.427229530091487151e-38
7.923168624866254106e+01 1.435963904800664708e-38
7.996554525892345566e+01 1.447416506153092866e-38
8.070620141149498750e+01 1.458960448295703362e-38
8.145371766280744907e+01 1.470596459721499033e-38
8.220815755240541023e+01 1.482325274733614859e-38
8.296958520834907347e+01 1.494147633491657282e-38
8.373806535266488993e+01 1.506064282058411810e-38
8.451366330684713546e+01 1.518075972446924922e-38
8.529644499741024788e+01 1.530183462667960775e-38
8.608647696149245121e+01 1.542387516777860922e-38
8.688382635251184638e+01 1.554688904926660341e-38
8.768856094587427208e+01 1.567088403406839547e-38
8.850074914473438525e+01 1.579586794702213485e-38
8.932045998580969126e+01 1.592184867537335125e-38
9.014776314524917211e+01 1.604883416927269185e-38
9.098272894455558912e+01 1.617683244227762844e-38
9.182542835656282421e+01 1.631046235242418022e-38
9.267593301146882823e+01 1.644566970975960806e-38
9.353431520292386381e+01 1.658199788323639544e-38
9.440064789417603208e+01 1.671945616398224114e-38
9.527500472427290390e+01 1.685805392014438289e-38
9.615746001432096079e+01 1.699780059752916596e-38
9.704808877380307308e+01 1.713870572024415136e-38
9.794696670695395824e+01 1.728333371249990450e-38
9.885417021919573699e+01 1.743475095725549935e-38
9.976977642363200971e+01 1.758749475060355755e-38
1.006938631476027126e+02 1.774157671427986694e-38
1.016265089392995122e+02 1.789700857183599482e-38
1.025677930744421928e+02 1.805380214953303281e-38
1.035177955630176285e+02 1.821196937724025913e-38
1.044765971560804161e+02 1.837152228934312431e-38
1.054442793526168458e+02 1.851991752811313875e-38
1.064209244064724658e+02 1.866471655034019472e-38
1.074066153333433391e+02 1.881064769190882327e-38
1.084014359178330977e+02 1.895771980435810054e-38
1.094054707205742432e+02 1.910594180843367535e-38
1.104188050854160252e+02 1.925532269462761543e-38
1.114415251466788135e+02 1.940587152372559078e-38
1.124737178364751884e+02 1.956167861716047306e-38
1.135154708920998985e+02 1.974535472350638576e-38
1.145668728634871485e+02 1.993075547284926447e-38
1.156280131207375348e+02 2.011789705887693812e-38
1.166989818617147421e+02 2.030679582732929307e-38
1.177798701197119300e+02 2.049746827742533110e-38
1.188707697711903251e+02 2.068993106330491194e-38
1.199717735435884265e+02 2.088420099548408411e-38
1.210829750232039430e+02 2.105357972402841700e-38
1.222044686631488730e+02 2.120166971731952343e-38
1.233363497913776001e+02 2.135080136938756962e-38
1.244787146187906188e+02 2.150098200721688445e-38
1.256316602474120145e+02 2.165221900932913958e-38
1.267952846786433980e+02 2.180451980614622685e-38
1.279696868215941663e+02 2.195789188035530209e-38
1.291549665014883885e+02 2.211234276727643642e-38
1.303512244681508889e+02 2.233729797482349251e-38
1.315585624045703810e+02 2.256811781749102789e-38
1.327770829355428930e+02 2.280132280986739617e-38
1.340068896363950728e+02 2.303693759861708205e-38
1.352480870417875281e+02 2.327498708508800228e-38
1.365007806546013853e+02 2.351549642794206999e-38
1.377650769549053678e+02 2.375849104581681935e-38
1.390410834090069727e+02 2.397302797918604720e-38
1.403289084785873229e+02 2.413413366723084529e-38
1.416286616299198897e+02 2.429632203213787980e-38
1.429404533431761024e+02 2.445960034980989020e-38
1.442643951218157383e+02 2.462397594504418693e-38
1.456005995020648527e+02 2.478945619186404815e-38
1.469491800624817301e+02 2.495604851384832588e-38
1.483102514336104321e+02 2.512376038446323948e-38
1.496839293077255491e+02 2.536238968568340587e-38
1.510703304486654019e+02 2.562446895791769406e-38
1.524695727017573006e+02 2.588925639550135939e-38
1.538817750038346333e+02 2.615677998294351163e-38
1.553070573933460139e+02 2.642706799392619979e-38
1.567455410205595001e+02 2.670014899429596152e-38
1.581973481578599774e+02 2.697605184507941685e-38
1.596626022101425235e+02 2.723970097428620929e-38
1.611414277253019804e+02 2.743557699895690891e-38
1.626339504048192168e+02 2.763286153457554145e-38
1.641402971144466392e+02 2.783156470950311425e-38
1.656605958949913600e+02 2.803169672493195388e-38
1.671949759731990071e+02 2.823326785540939057e-38
1.687435677727375776e+02 2.843628844936528472e-38
1.703065029252844340e+02 2.864076892964327537e-38
1.718839142817145671e+02 2.889157352629806700e-38
1.734759359233930809e+02 2.917648416876303042e-38
1.750827031735725257e+02 2.946420442192995202e-38
1.767043526088946521e+02 2.975476199242468210e-38
1.783410220710008218e+02 3.004818486009705941e-38
1.799928506782476347e+02 3.034450128071719832e-38
1.816599788375326625e+02 3.064373978869595610e-38
1.833425482562290654e+02 3.094592919983272297e-38
1.850407019542302010e+02 3.119299965105767887e-38
1.867545842761076074e+02 3.144178096707522175e-38
1.884843409033795467e+02 3.169254645081975060e-38
1.902301188668943723e+02 3.194531192711836168e-38
1.919920665593284639e+02 3.220009334701139419e-38
1.937703337477989010e+02 3.245690678875698786e-38
1.955650715865949110e+02 3.271576845884622189e-38
1.973764326300255334e+02 3.298915868048623949e-38
1.992045708453869111e+02 3.328335671401494079e-38
2.010496416260499188e+02 3.358017841199566666e-38
2.029118018046678174e+02 3.387964717232497720e-38
2.047912096665085357e+02 3.418178660156182368e-38
2.066880249629082016e+02 3.448662051679063779e-38
2.086024089248502662e+02 3.479417294749545653e-38
2.105345242766705951e+02 3.510446813745632706e-38
2.124845352498882960e+02 3.541304492691782382e-38
2.144526075971667467e+02 3.572329442973000063e-38
2.164389086064020375e+02 3.603626199178260202e-38
2.184436071149426084e+02 3.635197142567211188e-38
2.204668735239409898e+02 3.667044675261256860e-38
2.225088798128369376e+02 3.699171220426682126e-38
2.245697995539773899e+02 3.731579222458784531e-38
2.266498079273692952e+02 3.764010891215391665e-38
2.287490817355701722e+02 3.795804270012847264e-38
2.308677994187169702e+02 3.827866197165981774e-38
2.330061410696924611e+02 3.860198941015502561e-38
2.351642884494348493e+02 3.892804789062305855e-38
2.373424250023866193e+02 3.925686048128877288e-38
2.395407358720876800e+02 3.958845044522680297e-38
2.417594079169130907e+02 3.992284124200939376e-38
2.439986297259550270e+02 4.028775381761756438e-38
2.462585916350546711e+02 4.067237399233091179e-38
2.485394857429798492e+02 4.106066606891893123e-38
2.508415059277538717e+02 4.145266510239050166e-38
2.531648478631355488e+02 4.184840648241789147e-38
2.555097090352506939e+02 4.224792593653310315e-38
2.578762887593800883e+02 4.265125953335060641e-38
2.602647881969004402e+02 4.305552669208452192e-38
2.626754103723835669e+02 4.339215876169395520e-38
2.651083601908538867e+02 4.373142280817201480e-38
2.675638444552045030e+02 4.407333940977722810e-38
2.700420718837772824e+02 4.441792930566253387e-38
2.725432531281027764e+02 4.476521339713038543e-38
2.750676007908064662e+02 4.511521274890128029e-38
2.776153294436800820e+02 4.546794859039213511e-38
2.801866556459195294e+02 4.586826505764469131e-38
2.827817979625340854e+02 4.632780481838418791e-38
2.854009769829237371e+02 4.679194856384896825e-38
2.880444153396297793e+02 4.726074241991791878e-38
2.907123377272578182e+02 4.773423297458986896e-38
2.934049709215786947e+02 4.821246728261653652e-38
2.961225437988034628e+02 4.869549287017409217e-38
2.988652873550382765e+02 4.918335773958933839e-38
3.016334347259196988e+02 4.957672586959939697e-38
3.044272212064302607e+02 4.995656231357578848e-38
3.072468842709003525e+02 5.033930890786163937e-38
3.100926635931926398e+02 5.072498794883023679e-38
3.129648010670750296e+02 5.111362190368048985e-38
3.158635408267819003e+02 5.150523341174321215e-38
3.187891292677645652e+02 5.189984528580581071e-38
3.217418150676371624e+02 5.232565021370486107e-38
3.247218492073128573e+02 5.283342294201974886e-38
3.277294849923382003e+02 5.334612314170991084e-38
3.307649780744242776e+02 5.386379862939250635e-38
3.338285864731760739e+02 5.438649768570136107e-38
3.369205705980266998e+02 5.491426905979073209e-38
3.400411932703706270e+02 5.544716197387830846e-38
3.431907197459042891e+02 5.598522612784117627e-38
3.463694177371734213e+02 5.646913219866569764e-38
3.495775574363275382e+02 5.692837120694642521e-38
3.528154115380883127e+02 5.739134500728991211e-38
3.560832552629277643e+02 5.785808397314333047e-38
3.593813663804625662e+02 5.832861872496792710e-38
3.627100252330648118e+02 5.880298013224791941e-38
3.660695147596902643e+02 5.928119931551567844e-38
3.694601205199302285e+02 5.977108418347699997e-38
3.728821307182833493e+02 6.035110806022351226e-38
3.763358362286532497e+02 6.093676053986609709e-38
3.798215306190735987e+02 6.152809624286505851e-38
3.833395101766601556e+02 6.212517031972150418e-38
3.868900739327975771e+02 6.272803845612286636e-38
3.904735236885559857e+02 6.333675687813235652e-38
3.940901640403447459e+02 6.395138235743893293e-38
3.977403024058036749e+02 6.451752498607823547e-38
4.014242490499322003e+02 6.503208770693817733e-38
4.051423171114647062e+02 6.555075434830274557e-38
4.088948226294860433e+02 6.607355764119350234e-38
4.126820845702951601e+02 6.660053057767990543e-38
4.165044248545185042e+02 6.713170641296125624e-38
4.203621683844713743e+02 6.766711866746540474e-38
4.242556430717776834e+02 6.820680112896398174e-38
4.281851798652411389e+02 6.883769320710240789e-38
4.321511127789761986e+02 6.948405079765197527e-38
4.361537789208005620e+02 7.013647741979565020e-38
4.401935185208874373e+02 7.079503005923848121e-38
4.442706749606882681e+02 7.145976623676241472e-38
4.483855948021186464e+02 7.213074401324117421e-38
4.525386278170166747e+02 7.280802199472091446e-38
4.567301270168746896e+02 7.347037534202777554e-38
4.609604486828433778e+02 7.409095576571673866e-38
4.652299523960189163e+02 7.471677803090390356e-38
4.695390010680058026e+02 7.534788641372127494e-38
4.738879609717650965e+02 7.598432556429191767e-38
4.782772017727485263e+02 7.662614050988027976e-38
4.827070965603182913e+02 7.727337665808150026e-38
4.871780218794630741e+02 7.792607980003769520e-38
4.916903577628026483e+02 7.861069336577039857e-38
4.962444877628913673e+02 7.931174523637228952e-38
5.008407989848212196e+02 8.001904910278074475e-38
5.054796821191240497e+02 8.073266072043016098e-38
5.101615314749833487e+02 8.145263634198306229e-38
5.148867450137491915e+02 8.217903272176447781e-38
5.196557243827656976e+02 8.291190712023573224e-38
5.244688749495119282e+02 8.364965568278653727e-38
5.293266058360561601e+02 8.438250043362771094e-38
5.342293299538351903e+02 8.512176555075214614e-38
5.391774640387500312e+02 8.586750728222753989e-38
5.441714286865892518e+02 8.661978236890844820e-38
5.492116483887789400e+02 8.737864804874796712e-38
5.542985515684669053e+02 8.814416206115411999e-38
5.594325706169377099e+02 8.891638265138307870e-38
5.646141419303667135e+02 8.967289204153242096e-38
5.698437059469141559e+02 9.041624526448594337e-38
5.751217071841613233e+02 9.116576059509127683e-38
5.804485942768977793e+02 9.192148911481068241e-38
5.858248200152536356e+02 9.268348232855325458e-38
5.912508413831875487e+02 9.345179216818211058e-38
5.967271195973316935e+02 9.422647099605982318e-38
6.022541201461928040e+02 9.500757160860789604e-38
6.078323128297230369e+02 9.596452697032844696e-38
6.134621717992506547e+02 9.694106412121165759e-38
6.191441755977841694e+02 9.792753853576215658e-38
6.248788072006893799e+02 9.892405133579337016e-38
6.306665540567405515e+02 9.993070467213660421e-38
6.365079081295571086e+02 1.009476017351170917e-37
6.424033659394191318e+02 1.019748467651205591e-37
6.483534286054720042e+02 1.029217230656532173e-37
6.543586018883236193e+02 1.037102668956738546e-37
6.604193962330305112e+02 1.045048522235777057e-37
6.665363268124913247e+02 1.053055253368285711e-37
6.727099135712336420e+02 1.061123328775307974e-37
6.789406812696105362e+02 1.069253218451414241e-37
6.852291595284063987e+02 1.077445395992026467e-37
6.915758828738524926e+02 1.085700338621130143e-37
6.979813907830659900e+02 1.096881684030272539e-37
7.044462277299037396e+02 1.109079613533537122e-37
7.109709432312431545e+02 1.121413190742796532e-37
7.175560918936928374e+02 1.133883924135345297e-37
7.242022334607315770e+02 1.146493338963651112e-37
7.309099328602910646e+02 1.159242977441755962e-37
7.376797602527731215e+02 1.172134398934048476e-37
7.445122910795136022e+02 1.184377856826512767e-37
7.514081061116969522e+02 1.192894515159956583e-37
7.583677914997190328e+02 1.201472415324924692e-37
7.653919388230148115e+02 1.210111997700939100e-37
7.724811451403400042e+02 1.218813705834196106e-37
7.796360130405229256e+02 1.227577986460415943e-37
7.868571506936851847e+02 1.236405289527659830e-37
7.941451719029339529e+02 1.245296068219508064e-37
8.015006961565404708e+02 1.256861103245298772e-37
8.089243486805937664e+02 1.270442254706906388e-37
8.164167604921464090e+02 1.284170158800564370e-37
8.239785684528519596e+02 1.298046401278046084e-37
8.316104153230961629e+02 1.312072585026140936e-37
8.393129498166364328e+02 1.326250330251808273e-37
8.470868266557401967e+02 1.340581274669332722e-37
8.549327066268375575e+02 1.355067073689501425e-37
8.628512566366895271e+02 1.366758189889250334e-37
8.708431497690723972e+02 1.378517458179525176e-37
8.789090653419954151e+02 1.390377900468080649e-37
8.870496889654402821e+02 1.402340387232325624e-37
8.952657125996391869e+02 1.414405796439121108e-37
9.035578346138929646e+02 1.426575013609151274e-37
9.119267598459298370e+02 1.438848931881843037e-37
9.203731996618221274e+02 1.451161997025089231e-37
9.288978720164498100e+02 1.463479024789787185e-37
9.375015015145289681e+02 1.475900595791744097e-37
9.461848194722001608e+02 1.488427597362600929e-37
9.549485639791965923e+02 1.501060924365403367e-37
9.637934799615785550e+02 1.513801479258551059e-37
9.727203192450537017e+02 1.526650172160165103e-37
9.817298406188840545e+02 1.539607920913251085e-37
9.908228099003797524e+02 1.552675651151165747e-37
1.000000000000000000e+03 1.565854296363763937e-37
