# Combination of DAMIC-M and DAMIC-M-DailyModulation 
#  Mass [MeV] 	 sigma_e [cm^2]
1.000000000000000056e-01 1.000000000000000000e+00
1.009262190987047642e-01 1.000000000000000000e+00
1.018610170155975769e-01 1.000000000000000000e+00
1.028044732093309210e-01 1.000000000000000000e+00
1.037566678745185655e-01 1.000000000000000000e+00
1.047176819485520216e-01 1.000000000000000000e+00
1.056875971184804280e-01 1.000000000000000000e+00
1.066664958279539277e-01 1.000000000000000000e+00
1.076544612842315340e-01 1.000000000000000000e+00
1.086515774652538069e-01 1.000000000000000000e+00
1.096579291267809897e-01 1.000000000000000000e+00
1.106736018095973717e-01 1.000000000000000000e+00
1.116986818467823189e-01 1.000000000000000000e+00
1.127332563710486818e-01 1.000000000000000000e+00
1.137774133221491069e-01 1.000000000000000000e+00
1.148312414543511129e-01 1.000000000000000000e+00
1.158948303439810978e-01 1.000000000000000000e+00
1.169682703970385262e-01 1.000000000000000000e+00
1.180516528568805179e-01 1.000000000000000000e+00
1.191450698119776025e-01 1.000000000000000000e+00
1.202486142037412220e-01 1.000000000000000000e+00
1.213623798344240778e-01 1.000000000000000000e+00
1.224864613750931419e-01 1.000000000000000000e+00
1.236209543736768862e-01 1.000000000000000000e+00
1.247659552630869806e-01 1.000000000000000000e+00
1.259215613694150970e-01 1.000000000000000000e+00
1.270878709202058476e-01 1.000000000000000000e+00
1.282649830528060642e-01 1.000000000000000000e+00
1.294529978227915712e-01 1.000000000000000000e+00
1.306520162124721329e-01 1.000000000000000000e+00
1.318621401394748371e-01 1.000000000000000000e+00
1.330834724654074985e-01 1.000000000000000000e+00
1.343161170046016095e-01 1.000000000000000000e+00
1.355601785329368647e-01 1.000000000000000000e+00
1.368157627967472034e-01 1.000000000000000000e+00
1.380829765218092309e-01 1.000000000000000000e+00
1.393619274224142390e-01 1.000000000000000000e+00
1.406527242105237163e-01 1.000000000000000000e+00
1.419554766050101224e-01 1.000000000000000000e+00
1.432702953409830948e-01 1.000000000000000000e+00
1.445972921792019472e-01 1.000000000000000000e+00
1.459365799155756538e-01 1.000000000000000000e+00
1.472882723907502633e-01 1.000000000000000000e+00
1.486524844997856865e-01 1.000000000000000000e+00
1.500293322019218278e-01 1.000000000000000000e+00
1.514189325304352018e-01 1.000000000000000000e+00
1.528214036025870026e-01 1.000000000000000000e+00
1.542368646296628232e-01 1.000000000000000000e+00
1.556654359271061605e-01 1.000000000000000000e+00
1.571072389247450407e-01 1.000000000000000000e+00
1.585623961771137069e-01 1.000000000000000000e+00
1.600310313738700918e-01 1.000000000000000000e+00
1.615132693503090466e-01 1.000000000000000000e+00
1.630092360979740751e-01 1.000000000000000000e+00
1.645190587753662392e-01 1.000000000000000000e+00
1.660428657187530133e-01 1.000000000000000000e+00
1.675807864530767799e-01 1.000000000000000000e+00
1.691329517029648011e-01 1.000000000000000000e+00
1.706994934038407463e-01 1.000000000000000000e+00
1.722805447131393886e-01 1.000000000000000000e+00
1.738762400216250781e-01 1.000000000000000000e+00
1.754867149648151048e-01 1.000000000000000000e+00
1.771121064345087814e-01 1.000000000000000000e+00
1.787525525904234969e-01 1.000000000000000000e+00
1.804081928719382666e-01 1.000000000000000000e+00
1.820791680099462795e-01 1.000000000000000000e+00
1.837656200388171346e-01 1.000000000000000000e+00
1.854676923084698503e-01 1.000000000000000000e+00
1.871855294965578675e-01 1.000000000000000000e+00
1.889192776207666291e-01 1.000000000000000000e+00
1.906690840512252350e-01 1.000000000000000000e+00
1.924350975230331162e-01 1.000000000000000000e+00
1.942174681489025334e-01 1.000000000000000000e+00
1.960163474319185639e-01 1.000000000000000000e+00
1.978318882784164401e-01 1.000000000000000000e+00
1.996642450109794020e-01 1.000000000000000000e+00
2.015135733815557606e-01 1.000000000000000000e+00
2.033800305846981127e-01 1.000000000000000000e+00
2.052637752709252084e-01 1.000000000000000000e+00
2.071649675602068863e-01 1.000000000000000000e+00
2.090837690555750472e-01 1.000000000000000000e+00
2.110203428568595552e-01 1.000000000000000000e+00
2.129748535745520088e-01 1.000000000000000000e+00
2.149474673437980488e-01 1.000000000000000000e+00
2.169383518385184229e-01 1.000000000000000000e+00
2.189476762856621128e-01 1.000000000000000000e+00
2.209756114795902171e-01 1.000000000000000000e+00
2.230223297965937546e-01 1.000000000000000000e+00
2.250880052095461659e-01 1.000000000000000000e+00
2.271728133026905128e-01 1.000000000000000000e+00
2.292769312865649278e-01 1.000000000000000000e+00
2.314005380130652878e-01 1.000000000000000000e+00
2.335438139906478860e-01 1.000000000000000000e+00
2.357069413996727703e-01 1.000000000000000000e+00
2.378901041078893275e-01 1.000000000000000000e+00
2.400934876860652545e-01 1.000000000000000000e+00
2.423172794237599403e-01 1.000000000000000000e+00
2.445616683452445927e-01 1.000000000000000000e+00
2.468268452255692469e-01 1.000000000000000000e+00
2.491130026067788494e-01 1.000000000000000000e+00
2.514203348142797223e-01 1.000000000000000000e+00
2.537490379733570167e-01 1.000000000000000000e+00
2.560993100258458499e-01 1.000000000000000000e+00
2.584713507469563742e-01 1.000000000000000000e+00
2.608653617622547771e-01 1.000000000000000000e+00
2.632815465648021269e-01 1.000000000000000000e+00
2.657201105324505375e-01 1.000000000000000000e+00
2.681812609453014806e-01 1.000000000000000000e+00
2.706652070033241375e-01 1.000000000000000000e+00
2.731721598441376186e-01 1.000000000000000000e+00
2.757023325609583853e-01 1.000000000000000000e+00
2.782559402207124277e-01 1.000000000000000000e+00
2.808331998823171971e-01 1.000000000000000000e+00
2.834343306151309028e-01 1.000000000000000000e+00
2.860595535175741722e-01 1.000000000000000000e+00
2.887090917359236286e-01 1.000000000000000000e+00
2.913831704832787195e-01 1.000000000000000000e+00
2.940820170587062909e-01 1.000000000000000000e+00
2.968058608665602449e-01 1.000000000000000000e+00
2.995549334359813298e-01 1.000000000000000000e+00
3.023294684405777866e-01 1.000000000000000000e+00
3.051297017182869054e-01 1.000000000000000000e+00
3.079558712914226004e-01 1.000000000000000000e+00
3.108082173869063936e-01 1.000000000000000000e+00
3.136869824566877463e-01 1.000000000000000000e+00
3.165924111983522415e-01 1.000000000000000000e+00
3.195247505759211681e-01 1.000000000000000000e+00
3.224842498408441172e-01 1.000000000000000000e+00
3.254711605531848129e-01 1.000000000000000000e+00
3.284857366030044523e-01 1.000000000000000000e+00
3.315282342319424980e-01 1.000000000000000000e+00
3.345989120549973106e-01 1.000000000000000000e+00
3.376980310825090648e-01 1.000000000000000000e+00
3.408258547423451690e-01 1.000000000000000000e+00
3.439826489022925204e-01 1.000000000000000000e+00
3.471686818926561502e-01 1.000000000000000000e+00
3.503842245290673674e-01 1.000000000000000000e+00
3.536295501355041782e-01 1.000000000000000000e+00
3.569049345675229801e-01 1.000000000000000000e+00
3.602106562357070829e-01 1.000000000000000000e+00
3.635469961293319452e-01 1.000000000000000000e+00
3.669142378402492910e-01 1.000000000000000000e+00
3.703126675869926054e-01 1.000000000000000000e+00
3.737425742391063954e-01 1.000000000000000000e+00
3.772042493416998266e-01 1.000000000000000000e+00
3.806979871402286220e-01 1.000000000000000000e+00
3.842240846055060000e-01 1.000000000000000000e+00
3.877828414589456485e-01 1.000000000000000000e+00
3.913745601980384015e-01 1.000000000000000000e+00
3.949995461220643933e-01 1.000000000000000000e+00
3.986581073580440782e-01 1.000000000000000000e+00
4.023505548869292237e-01 1.000000000000000000e+00
4.060772025700365440e-01 1.000000000000000000e+00
4.098383671757261371e-01 1.000000000000000000e+00
4.136343684063274462e-01 1.000000000000000000e+00
4.174655289253136892e-01 1.000000000000000000e+00
4.213321743847288081e-01 1.000000000000000000e+00
4.252346334528682159e-01 1.000000000000000000e+00
4.291732378422157268e-01 1.000000000000000000e+00
4.331483223376399461e-01 1.000000000000000000e+00
4.371602248248504519e-01 1.000000000000000000e+00
4.412092863191188763e-01 1.000000000000000000e+00
4.452958509942655518e-01 1.000000000000000000e+00
4.494202662119142211e-01 1.000000000000000000e+00
4.535828825510187512e-01 1.000000000000000000e+00
4.577840538376618529e-01 1.000000000000000000e+00
4.620241371751311887e-01 1.000000000000000000e+00
4.663034929742731483e-01 1.000000000000000000e+00
4.706224849841281754e-01 1.000000000000000000e+00
4.749814803228500915e-01 1.000000000000000000e+00
4.793808495089109112e-01 1.000000000000000000e+00
4.838209664925955944e-01 1.000000000000000000e+00
4.883022086877880086e-01 1.000000000000000000e+00
4.928249570040514893e-01 1.000000000000000000e+00
4.973895958790063854e-01 1.000000000000000000e+00
5.019965133110081412e-01 1.000000000000000000e+00
5.066461008921266940e-01 1.000000000000000000e+00
5.113387538414325695e-01 1.000000000000000000e+00
5.160748710385908433e-01 1.000000000000000000e+00
5.208548550577661862e-01 1.000000000000000000e+00
5.256791122018421580e-01 1.000000000000000000e+00
5.305480525369572486e-01 1.000000000000000000e+00
5.354620899273607737e-01 4.116903213060934133e-30
5.404216420705916235e-01 3.459661803635583363e-30
5.454271305329833064e-01 2.907345442944217602e-30
5.504789807854970629e-01 2.456140219477527130e-30
5.555776222398876030e-01 2.076948644116570820e-30
5.607234882852032420e-01 1.758615465190327689e-30
5.659170163246244334e-01 1.491993139139589655e-30
5.711586478126432498e-01 1.265793217051398827e-30
5.764488282925875895e-01 1.078345046740093561e-30
5.817880074344934371e-01 9.188222742596201280e-31
5.871766390733255125e-01 7.867595964918418231e-31
5.926151812475554115e-01 6.774675331006670151e-31
5.981040962380941295e-01 5.833576869631007269e-31
6.036438506075867405e-01 5.035313159084563558e-31
6.092349152400710066e-01 4.350343215224679776e-31
6.148777653810023613e-01 3.758551949466459525e-31
6.205728806776501516e-01 3.308512358477608250e-31
6.263207452198689129e-01 2.920829417684673850e-31
6.321218475812451221e-01 2.578574163506483246e-31
6.379766808606280870e-01 2.289642890976634333e-31
6.438857427240419762e-01 2.041346489192005749e-31
6.498495354469889795e-01 1.819976165435610864e-31
6.558685659571431570e-01 1.623288472608632506e-31
6.619433458774393042e-01 1.457330843149944697e-31
6.680743915695612767e-01 1.308339966822502250e-31
6.742622241778342129e-01 1.174581239964189818e-31
6.805073696735207678e-01 1.054151177812399685e-31
6.868103588995303488e-01 9.433612920896549605e-32
6.931717276155405782e-01 8.442152758960712006e-32
6.995920165435373095e-01 7.554893740420146525e-32
7.060717714137773049e-01 6.780497635961036385e-32
7.126115430111746862e-01 6.135359206334045683e-32
7.192118872221189285e-01 5.551603232055789404e-32
7.258733650817251748e-01 5.023389407152259376e-32
7.325965428215229780e-01 4.545433108436474040e-32
7.393819919175865785e-01 4.112952524415831911e-32
7.462302891391109361e-01 3.721620814681269914e-32
7.531420165974371805e-01 3.367522821148042047e-32
7.601177617955328092e-01 3.053378827402528620e-32
7.671581176779301847e-01 2.772657095983091859e-32
7.742636826811269968e-01 2.517744376463508154e-32
7.814350607844543495e-01 2.286267838311955104e-32
7.886728615614151394e-01 2.084236556766035864e-32
7.959777002314983863e-01 1.902690070426733503e-32
8.033501977124734017e-01 1.736957108994261512e-32
8.107909806731686819e-01 1.585660242505521873e-32
8.183006815867391870e-01 1.450998027146483804e-32
8.258799387844267814e-01 1.328130193049960876e-32
8.335293965098193869e-01 1.215666580305306480e-32
8.412497049736118448e-01 1.113122518188614462e-32
8.490415204088747059e-01 1.025195351826517226e-32
8.569055051268349432e-01 9.442136801949167696e-33
8.648423275731722537e-01 8.696288685652102829e-33
8.728526623848377186e-01 8.016267024643032848e-33
8.809371904473990433e-01 7.412505232692159063e-33
8.890965989529160396e-01 6.854217013452763986e-33
8.973315814583522343e-01 6.337977430397373392e-33
9.056428379445289334e-01 5.869393595746414844e-33
9.140310748756229620e-01 5.448980444348723278e-33
9.224970052592174063e-01 5.058680662413375598e-33
9.310413487069078009e-01 4.696337288348118550e-33
9.396648314954693104e-01 4.368208738326797359e-33
9.483681866285922357e-01 4.069700463385700772e-33
9.571521538991862865e-01 3.791591211372746073e-33
9.660174799522646127e-01 3.532486983624180332e-33
9.749649183484089265e-01 3.298169397887977953e-33
9.839952296278231536e-01 3.082314406164327935e-33
9.931091813749796104e-01 2.880586456393710516e-33
1.002307548283865479e+00 2.692060977350048748e-33
1.011591112223829692e+00 2.525386792838574248e-33
1.020960662306046540e+00 2.370572225982643722e-33
1.030416994950587917e+00 2.225248304353319956e-33
1.039960913954119714e+00 2.088979769358280916e-33
1.049593230558227619e+00 1.972228463098266681e-33
1.059314763518369951e+00 1.862002288250927569e-33
1.069126339173475992e+00 1.757936560759841395e-33
1.079028791516184249e+00 1.659812769929943028e-33
1.089022962263729966e+00 1.567740654403352572e-33
1.099109700929497224e+00 1.480775906774564004e-33
1.109289864895222744e+00 1.398635214265436041e-33
1.119564319483878245e+00 1.322403470886153433e-33
1.129933938033222285e+00 1.252921943468508905e-33
1.140399601970032428e+00 1.187091104179412280e-33
1.150962200885032205e+00 1.124719139103570094e-33
1.161622632608501959e+00 1.065624312584091074e-33
1.172381803286598467e+00 1.009634437692047394e-33
1.183240627458378658e+00 9.565863745186272256e-34
1.194200028133531877e+00 9.063255548280056282e-34
1.205260936870842681e+00 8.577204137495508068e-34
1.216424293857367944e+00 8.112174011367636906e-34
1.227691047988359152e+00 7.672356415423123726e-34
1.239062156947916327e+00 7.256384402355819924e-34
1.250538587290390691e+00 6.877696245129654098e-34
1.262121314522547388e+00 6.522097516190897123e-34
1.273811323186478495e+00 6.184884370376969316e-34
1.285609606943295846e+00 5.865106214675972161e-34
1.297517168657587483e+00 5.557105428748220654e-34
1.309535020482667012e+00 5.265124817905168780e-34
1.321664183946605231e+00 4.988485409096408436e-34
1.333905690039058678e+00 4.728489529487285662e-34
1.346260579298910409e+00 4.495929718315987754e-34
1.358729901902709924e+00 4.274807823086998613e-34
1.371314717753944867e+00 4.064561296383114182e-34
1.384016096573131627e+00 3.864655258379574978e-34
1.396835117988739716e+00 3.674581136077697140e-34
1.409772871628967028e+00 3.493855369464392832e-34
1.422830457214352640e+00 3.322018181306218656e-34
1.436008984651259812e+00 3.162359279812680915e-34
1.449309574126216527e+00 3.014817838018056547e-34
1.462733356201129986e+00 2.874160015420544779e-34
1.476281471909390186e+00 2.740064653350006980e-34
1.489955072852854556e+00 2.615016160436515660e-34
1.503755321299737657e+00 2.497426798603808926e-34
1.517683390283405265e+00 2.385125074463526860e-34
1.531740463702079724e+00 2.277873218952799814e-34
1.545927736419477672e+00 2.175444154763893488e-34
1.560246414366368795e+00 2.077621015568196482e-34
1.574697714643085833e+00 1.984196686859643525e-34
1.589282865622978047e+00 1.894973367444497709e-34
1.604003107056819921e+00 1.815674690372314271e-34
1.618859690178198418e+00 1.740177211905562363e-34
1.633853877809861244e+00 1.667818990313988281e-34
1.648986944471064975e+00 1.598355340937242047e-34
1.664260176485903520e+00 1.530539394110839472e-34
1.679674872092653093e+00 1.465600781583143755e-34
1.695232341554120614e+00 1.403417422146752284e-34
1.710933907269014398e+00 1.344728200215397203e-34
1.726780903884356011e+00 1.291095814931194293e-34
1.742774678408919087e+00 1.239602473619455258e-34
1.758916590327732621e+00 1.190162863850145236e-34
1.775208011717635204e+00 1.143502072857085270e-34
1.791650327363900397e+00 1.099839822772839276e-34
1.808244934877951682e+00 1.057844724963757965e-34
1.824993244816152327e+00 1.017453122685113510e-34
1.841896680799710806e+00 9.795706819990905031e-35
1.858956679635687337e+00 9.438365387416214095e-35
1.876174691439120412e+00 9.094059553168529546e-35
1.893552179756295306e+00 8.762313786541774276e-35
1.911090621689137903e+00 8.450709773822271495e-35
1.928791508020777812e+00 8.153246770431063269e-35
1.946656343342262341e+00 7.866254395040902777e-35
1.964686646180445528e+00 7.589364084000222516e-35
1.982883949127071332e+00 7.333583526855080293e-35
2.001249798969037208e+00 7.087974828029394004e-35
2.019785756819878486e+00 6.850591798512412131e-35
2.038493398252463340e+00 6.621677638110759850e-35
2.057374313432912771e+00 6.414083543170166092e-35
2.076430107255774704e+00 6.212997664214823980e-35
2.095662399480433091e+00 6.018215964249838170e-35
2.115072824868794665e+00 5.829972402523739737e-35
2.134663033324244452e+00 5.649348412926579910e-35
2.154434690031883370e+00 5.474320509102290134e-35
2.174389475600079891e+00 5.304715313328194743e-35
2.194529086203313550e+00 5.140364819463728879e-35
2.214855233726359174e+00 4.981106226528623776e-35
2.235369645909795366e+00 4.826781777436312076e-35
2.256074066496860375e+00 4.677238602724538766e-35
2.276970255381680186e+00 4.532328569127083494e-35
2.298059988758851091e+00 4.391908132837103842e-35
2.319345059274428689e+00 4.263260195187550304e-35
2.340827276178293115e+00 4.167415114480821902e-35
2.362508465477946462e+00 4.073724788369124692e-35
2.384390470093720626e+00 3.982140774435548513e-35
2.406475150015424003e+00 3.892615719328153136e-35
2.428764382460451898e+00 3.803094299740290206e-35
2.451260062033338460e+00 3.573802155809364525e-35
2.473964100886812734e+00 3.356260599778835005e-35
2.496878428884326873e+00 3.151961055067558732e-35
2.520004993764092038e+00 2.960097464814641351e-35
2.543345761304649510e+00 2.779912837791792026e-35
2.566902715491950371e+00 2.610696261720398920e-35
2.590677858688007706e+00 2.451842231466806916e-35
2.614673211801092023e+00 2.310419010261920242e-35
2.638890814457510281e+00 2.177153135903939368e-35
2.663332725174982318e+00 2.051574089428450010e-35
2.688001021537606228e+00 1.933238491589482131e-35
2.712897800372465973e+00 1.821728537429708209e-35
2.738025177927857712e+00 1.716650521145582631e-35
2.763385290053169907e+00 1.616154882071233073e-35
2.788980292380441206e+00 1.520303621012101147e-35
2.814812360507579658e+00 1.430137127142439803e-35
2.840883690183302779e+00 1.345318247068042820e-35
2.867196497493769591e+00 1.265529823360756237e-35
2.893753019050950392e+00 1.190473508633309671e-35
2.920555512182746671e+00 1.120876270575539024e-35
2.947606255124857189e+00 1.057827825285552337e-35
2.974907547214440395e+00 9.983258075164417128e-36
3.002461709085549213e+00 9.421707333935300359e-36
3.030271082866396348e+00 8.891743398596681173e-36
3.058338032378433269e+00 8.391589535127731996e-36
3.086664943337273037e+00 7.919568949456968288e-36
3.115254223555488089e+00 7.480522185376295263e-36
3.144108303147264749e+00 7.067347669349759404e-36
3.173229634734976212e+00 6.676994177907240368e-36
3.202620693657651785e+00 6.308201228751638948e-36
3.232283978181379247e+00 5.959777960282230241e-36
3.262222009711670090e+00 5.630599286207973150e-36
3.292437333007768974e+00 5.321449510336368383e-36
3.322932516398971803e+00 5.046587089338911263e-36
3.353710152002930656e+00 4.785921805856304792e-36
3.384772855945981096e+00 4.538720352247205183e-36
3.416123268585528283e+00 4.304287297526698375e-36
3.447764054734464345e+00 4.081963130968550878e-36
3.479697903887691623e+00 3.871122406759658139e-36
3.511927530450729584e+00 3.671894607664627985e-36
3.544455673970433818e+00 3.491064153248732763e-36
3.577285099367873311e+00 3.319139088757756283e-36
3.610418597173337130e+00 3.155680848851637914e-36
3.643858983763544224e+00 3.000272466296694206e-36
3.677609101601032382e+00 2.852517508319566393e-36
3.711671819475764966e+00 2.712039065343058738e-36
3.746050032748993175e+00 2.578478789523607076e-36
3.780746663599349411e+00 2.469357741416167872e-36
3.815764661271248581e+00 2.368863823091227596e-36
3.851107002325570683e+00 2.272459643345237545e-36
3.886776690892665531e+00 2.179978764627355773e-36
3.922776758927719598e+00 2.091261522792267370e-36
3.959110266468458761e+00 2.006154751447355046e-36
3.995780301895269560e+00 1.924511517517449171e-36
4.032789982193706990e+00 1.816867900829794409e-36
4.070142453219436796e+00 1.712791498996479029e-36
4.107840889965646447e+00 1.614676949102769787e-36
4.145888496832911052e+00 1.522182735897142628e-36
4.184288507901582577e+00 1.449209921476738875e-36
4.223044187206673961e+00 1.416594700276135736e-36
4.262158829015322503e+00 1.384713501550929245e-36
4.301635758106795215e+00 1.353549805744510437e-36
4.341478330055092094e+00 1.323087465081395503e-36
4.381689931514192615e+00 1.293310695200188486e-36
4.422273980505899260e+00 1.264204066974736514e-36
4.463233926710395316e+00 1.231526175991644607e-36
4.504573251759458330e+00 1.189312215514897921e-36
4.546295469532399380e+00 1.148545255105137872e-36
4.588404126454759258e+00 1.109175694839234304e-36
4.630902801799739343e+00 1.071155634968392471e-36
4.673795107992461340e+00 1.034438817640032154e-36
4.717084690917017653e+00 9.989805706171406138e-37
4.760775230226368393e+00 9.647377529270549606e-37
4.804870439655131165e+00 9.342586495639520494e-37
4.849374067335235239e+00 9.064244449594612903e-37
4.894289896114528915e+00 8.794194999463480208e-37
4.939621743878320537e+00 8.532191085385615623e-37
4.985373463873894018e+00 8.277993008112177922e-37
5.031548945038053944e+00 8.031368209712126764e-37
5.078152112327673606e+00 7.792091060811802720e-37
5.125186927053330344e+00 7.559942654174549080e-37
5.172657387216019309e+00 7.358950256217058096e-37
5.220567527846974976e+00 7.165482377313949824e-37
5.268921421350674095e+00 6.977100797252827239e-37
5.317723177850969485e+00 6.793671796493200263e-37
5.366976945540476329e+00 6.615065171000521758e-37
5.416686911033152363e+00 6.441154139823474746e-37
5.466857299720180308e+00 6.271815255100502915e-37
5.517492376129125908e+00 6.111852133178298903e-37
5.568596444286411540e+00 5.971887128575675328e-37
5.620173848083187984e+00 5.835127404808801227e-37
5.672228971644543094e+00 5.701499559063508880e-37
5.724766239702178794e+00 5.570931869492917156e-37
5.777790117970504014e+00 5.443354256722858428e-37
5.831305113526221717e+00 5.318698246237998166e-37
5.885315775191449994e+00 5.196896931629369054e-37
5.939826693920356782e+00 5.083263045768842919e-37
5.994842503189408589e+00 4.976451471855985928e-37
6.050367879391221670e+00 4.871884265826240992e-37
6.106407542232039631e+00 4.769514268116338515e-37
6.162966255132942273e+00 4.669295310098540120e-37
6.220048825634711953e+00 4.571182193259016434e-37
6.277660105806499580e+00 4.475130668813349691e-37
6.335804992658251145e+00 4.381097417750427906e-37
6.394488428556940107e+00 4.297640688156651478e-37
6.453715401646701544e+00 4.217095314059136663e-37
6.513490946272802340e+00 4.138059502477189527e-37
6.573820143409585093e+00 4.060504961544162402e-37
6.634708121092347533e+00 3.984403929632937548e-37
6.696160054853218746e+00 3.909729165418105188e-37
6.758181168161110364e+00 3.836453938124986177e-37
6.820776732865684977e+00 3.765429571293176466e-37
6.883952069645496330e+00 3.699617298465755040e-37
6.947712548460236448e+00 3.634955294199324737e-37
7.012063589007180298e+00 3.571423454071142904e-37
7.077010661181889262e+00 3.509002025043836044e-37
7.142559285543126357e+00 3.447671599324347877e-37
7.208715033782135073e+00 3.387413108329289318e-37
7.275483529196228538e+00 3.328207816756676194e-37
7.342870447166761849e+00 3.274437221849986521e-37
7.410881515641570161e+00 3.225913761451004977e-37
7.479522515621821022e+00 3.178109363916692450e-37
7.548799281653435500e+00 3.131013373547844560e-37
7.618717702322995500e+00 3.084615292550475407e-37
7.689283720758309570e+00 3.038904778696250151e-37
7.760503335133570602e+00 2.993871643016771912e-37
7.832382599179195992e+00 2.949505847532844310e-37
7.904927622696424017e+00 2.911281579514264398e-37
7.978144572076624641e+00 2.874791962698418495e-37
8.052039670825474005e+00 2.838759701895380082e-37
8.126619200091946382e+00 2.803179064665557826e-37
8.201889499202202671e+00 2.768044390419134168e-37
8.277856966198475774e+00 2.733350089515235034e-37
8.354528058382866718e+00 2.699090642372849689e-37
8.431909292866254901e+00 2.666199207308928268e-37
8.510007247122246099e+00 2.639906933930801364e-37
8.588828559546250574e+00 2.613873937367961176e-37
8.668379930019778357e+00 2.588097660805864003e-37
8.748668120479909049e+00 2.562575572643562201e-37
8.829699955494087149e+00 2.537305166245062303e-37
8.911482322840202031e+00 2.512283959693140008e-37
8.994022174092044963e+00 2.487509495545577355e-37
9.077326525210228425e+00 2.463404151702606189e-37
9.161402457138516198e+00 2.440053666145762797e-37
9.246257116405738330e+00 2.416924518681355815e-37
9.331897715733239451e+00 2.394014611256564689e-37
9.418331534647951031e+00 2.371321865705947057e-37
9.505565920101195942e+00 2.348844223562848892e-37
9.593608287093141840e+00 2.326579645872835080e-37
9.682466119303123619e+00 2.304526113008502742e-37
9.772146969725724830e+00 2.288068288743233616e-37
9.862658461312820535e+00 2.273391286138674736e-37
9.954008287621523010e+00 2.258808430376860729e-37
1.004620421346813153e+01 2.244319117545183774e-37
1.013925407558815373e+01 2.229922747604735749e-37
1.023316578330244830e+01 2.215618724365754299e-37
1.032794731918951392e+01 2.201406455462639583e-37
1.042360673976401131e+01 2.187330083969228002e-37
1.052015217616159148e+01 2.173858775355323348e-37
1.061759183483000157e+01 2.160470433714305284e-37
1.071593399822671167e+01 2.147164548069972028e-37
1.081518702552288147e+01 2.133940610593010744e-37
1.091535935331391016e+01 2.120798116581829230e-37
1.101645949633656940e+01 2.107736564443186720e-37
1.111849604819271065e+01 2.094755455672945391e-37
1.122147768207980256e+01 2.082384677361936798e-37
1.132541315152811556e+01 2.070891946401889494e-37
1.143031129114478617e+01 2.059462644099551560e-37
1.153618101736478430e+01 2.048096420390640464e-37
1.164303132920876749e+01 2.036792927142887070e-37
1.175087130904807609e+01 2.025551818145371731e-37
1.185971012337669350e+01 2.014372749097922177e-37
1.196955702359042739e+01 2.003255377600566543e-37
1.208042134677328860e+01 1.995489236807885537e-37
1.219231251649110703e+01 1.989078825158993420e-37
1.230524004359261525e+01 1.982689006644263382e-37
1.241921352701783299e+01 1.976319715109193609e-37
1.253424265461399401e+01 1.969970884611897794e-37
1.265033720395903849e+01 1.963642449422292036e-37
1.276750704319265672e+01 1.957334344021447109e-37
1.288576213185518071e+01 1.951082439631152267e-37
1.300511252173408572e+01 1.946066621182045512e-37
1.312556835771842678e+01 1.941063697336572276e-37
1.324713987866117471e+01 1.936073634945445421e-37
1.336983741824946570e+01 1.931096400944598078e-37
1.349367140588306491e+01 1.926131962354964814e-37
1.361865236756081288e+01 1.921180286282229804e-37
1.374479092677536585e+01 1.916241339916736628e-37
1.387209780541621029e+01 1.913013280371546918e-37
1.400058382468097484e+01 1.913013280371546918e-37
1.413025990599533621e+01 1.913013280371546918e-37
1.426113707194128288e+01 1.913013280371546918e-37
1.439322644719406519e+01 1.913013280371546918e-37
1.452653925946781222e+01 1.913013280371546918e-37
1.466108684046984401e+01 1.913013280371546918e-37
1.479688062686396322e+01 1.913013280371546918e-37
1.493393216124251843e+01 1.913013280371546918e-37
1.507225309310755534e+01 1.913013280371546918e-37
1.521185517986104863e+01 1.913013280371546918e-37
1.535275028780422701e+01 1.913013280371546918e-37
1.549495039314631661e+01 1.913013280371546918e-37
1.563846758302246265e+01 1.913013280371546918e-37
1.578331405652118136e+01 1.913013280371546918e-37
1.592950212572123014e+01 1.913013280371546918e-37
1.607704421673823703e+01 1.913013280371546918e-37
1.622595287078087267e+01 1.913013280371546918e-37
1.637624074521687234e+01 1.913013280371546918e-37
1.652792061464895568e+01 1.913013280371546918e-37
1.668100537200059108e+01 1.913013280371546918e-37
1.683550802961202209e+01 1.913013280371546918e-37
1.699144172034625910e+01 1.913013280371546918e-37
1.714881969870539180e+01 1.913013280371546918e-37
1.730765534195725763e+01 1.913013280371546918e-37
1.746796215127245588e+01 1.913013280371546918e-37
1.762975375287205893e+01 1.913013280371546918e-37
1.779304389918577201e+01 1.913013280371546918e-37
1.795784647002095014e+01 1.913013280371546918e-37
1.812417547374237614e+01 1.913013280371546918e-37
1.829204504846293844e+01 1.913013280371546918e-37
1.846146946324547500e+01 1.914667661825055807e-37
1.863246311931559873e+01 1.917380279465662979e-37
1.880504055128581697e+01 1.920096740224640201e-37
1.897921642839101608e+01 1.922817049546750381e-37
1.915500555573527919e+01 1.925541212884469861e-37
1.933242287555045280e+01 1.928269235697999691e-37
1.951148346846616377e+01 1.931001123455276484e-37
1.969220255479171300e+01 1.933736881631984951e-37
1.987459549580983875e+01 1.938556926594367900e-37
2.005867779508233895e+01 1.943553389455001934e-37
2.024446509976803910e+01 1.948562730266639029e-37
2.043197320195270450e+01 1.953584982221116317e-37
2.062121803999142600e+01 1.958620178595724650e-37
2.081221569986339404e+01 1.963668352753619115e-37
2.100498241653915343e+01 1.968729538143914669e-37
2.119953457536071184e+01 1.974051077301470545e-37
2.139588871343421417e+01 1.980158185028134522e-37
2.159406152103565546e+01 1.986284186270378897e-37
2.179406984302955763e+01 1.992429139478937294e-37
2.199593068030074861e+01 1.998593103285373411e-37
2.219966119119954939e+01 2.004776136502637704e-37
2.240527869300018082e+01 2.010978298125630759e-37
2.261280066337277361e+01 2.017199647331731158e-37
2.282224474186898533e+01 2.023148714750867483e-37
2.303362873142131306e+01 2.028885393342875205e-37
2.324697059985647840e+01 2.034638338401650873e-37
2.346228848142262535e+01 2.040407596051019500e-37
2.367960067833076110e+01 2.046193212545690551e-37
2.389892566231050353e+01 2.051995234271497240e-37
2.412028207618006803e+01 2.057813707745799533e-37
2.434368873543110467e+01 2.063648679617859169e-37
2.456916462982790250e+01 2.072068810564547172e-37
2.479672892502157566e+01 2.080888143788792325e-37
2.502640096417919224e+01 2.089745014684625963e-37
2.525820026962784581e+01 2.098639583023399655e-37
2.549214654451423101e+01 2.107572009256499421e-37
2.572825967447932172e+01 2.116542454518237743e-37
2.596655972934869894e+01 2.125551080628763123e-37
2.620706696483852483e+01 2.134809645873750075e-37
2.644980182427719839e+01 2.145000026235454294e-37
2.669478494034320804e+01 2.155239049740643108e-37
2.694203713681882206e+01 2.165526948584284860e-37
2.719157943036018921e+01 2.175863956069822352e-37
2.744343303228365372e+01 2.186250306614216011e-37
2.769761935036891032e+01 2.196686235753543755e-37
2.795415999067856561e+01 2.207171980148092186e-37
2.821307675939470627e+01 2.217126800129616068e-37
2.847439166467247773e+01 2.226563542746971620e-37
2.873812691851066248e+01 2.236040450911566246e-37
2.900430493863991543e+01 2.245557695579761916e-37
2.927294835042815890e+01 2.255115448435560745e-37
2.954407998880379793e+01 2.264713881893703314e-37
2.981772290019673477e+01 2.274353169102776176e-37
3.009390034449721085e+01 2.284033483948338573e-37
3.037263579703311578e+01 2.294242350640405616e-37
3.065395295056526592e+01 2.304600470014636525e-37
3.093787571730136676e+01 2.315005354560358731e-37
3.122442823092858077e+01 2.325457215414439657e-37
3.151363484866479325e+01 2.335956264667106866e-37
3.180552015332919780e+01 2.346502715366027364e-37
3.210010895543171472e+01 2.357096781520779055e-37
3.239742629528195295e+01 2.368213762127768365e-37
3.269749744511767631e+01 2.382276180076050439e-37
3.300034791125285238e+01 2.396422100452075967e-37
3.330600343624588788e+01 2.410652019091973498e-37
3.361449000108765262e+01 2.424966434776258509e-37
3.392583382740991738e+01 2.439365849247079420e-37
3.424006137971425545e+01 2.453850767225960997e-37
3.455719936762139355e+01 2.468421696431416195e-37
3.487727474814177242e+01 2.482347242426706534e-37
3.520031472796679139e+01 2.495480963493895113e-37
3.552634676578139050e+01 2.508684173078291429e-37
3.585539857459816915e+01 2.521957238833094657e-37
3.618749812411280686e+01 2.535300530356576749e-37
3.652267364308175246e+01 2.548714419202622320e-37
3.686095362172157763e+01 2.562199278890908949e-37
3.720236681413065583e+01 2.575755484917392780e-37
3.754694224073336528e+01 2.590674301174207702e-37
3.789470919074667421e+01 2.606057686480672750e-37
3.824569722466998911e+01 2.621532418099366558e-37
3.859993617679766942e+01 2.637099038443284242e-37
3.895745615775501136e+01 2.652758093146304102e-37
3.931828755705770106e+01 2.668510131082269074e-37
3.968246104569481503e+01 2.684355704384228553e-37
4.005000757873611406e+01 2.700169024734899082e-37
4.042095839796306223e+01 2.714804593795401290e-37
4.079534503452448746e+01 2.729519491179294528e-37
4.117319931161679136e+01 2.744314146865318823e-37
4.155455334718875093e+01 2.759188993162758120e-37
4.193943955667186430e+01 2.774144464724118373e-37
4.232789065573548726e+01 2.789180998557826517e-37
4.271993966306776969e+01 2.804299034041000857e-37
4.311561990318228510e+01 2.819794616923568142e-37
4.351496500925049560e+01 2.835808456481997574e-37
4.391800892596086214e+01 2.851913239918347208e-37
4.432478591240396071e+01 2.868109483710187550e-37
4.473533054498463457e+01 2.884397707268204488e-37
4.514967772036101934e+01 2.900778432952860218e-37
4.556786265841063965e+01 2.917252186091191153e-37
4.598992090522438048e+01 2.933819494993464677e-37
4.641588833612777165e+01 2.951030556288176395e-37
4.684580115873045258e+01 2.968553731655332007e-37
4.727969591600390942e+01 2.986180959376094640e-37
4.771760948938745628e+01 3.003912857311785955e-37
4.815957910192350511e+01 3.021750046992529415e-37
4.860564232142133534e+01 3.039693153639233355e-37
4.905583706365045771e+01 3.057742806185209891e-37
4.951020159556351530e+01 3.075963075318439364e-37
4.996877453854884266e+01 3.095821477320435161e-37
5.043159487171358535e+01 3.115808085065013902e-37
5.089870193519679731e+01 3.135923726247697155e-37
5.137013543351343969e+01 3.156169233907809471e-37
5.184593543892913203e+01 3.176545446462566155e-37
5.232614239486662200e+01 3.197053207742208012e-37
5.281079711934330589e+01 3.217693367024530123e-37
5.329994080844087989e+01 3.239358331212830253e-37
5.379361503980702963e+01 3.262790261818275116e-37
5.429186177618942821e+01 3.286391687526070669e-37
5.479472336900287388e+01 3.310163834380719500e-37
5.530224256192899901e+01 3.334107937295330442e-37
5.581446249454960906e+01 3.358225240115768259e-37
5.633142670601357338e+01 3.382516995685268578e-37
5.685317913873753071e+01 3.406984465909521375e-37
5.737976414214134024e+01 3.431628921822224286e-37
5.791122647641758192e+01 3.456451643651109087e-37
5.844761131633631379e+01 3.481453920884447598e-37
5.898896425508499419e+01 3.506637052338039095e-37
5.953533130814370367e+01 3.532002346222677999e-37
6.008675891719686746e+01 3.557551120212057545e-37
6.064329395408061885e+01 3.583284701511450650e-37
6.120498372476696858e+01 3.609204426926308509e-37
6.177187597338494385e+01 3.635311642931936227e-37
6.234401888627863997e+01 3.661607705743380189e-37
6.292146109610344240e+01 3.688093981385882972e-37
6.350425168595962333e+01 3.714771845765844413e-37
6.409244019356449940e+01 3.741642684742295516e-37
6.468607661546327847e+01 3.768707894198893958e-37
6.528521141127846761e+01 3.795968880116434531e-37
6.588989550799949768e+01 3.823427058645889116e-37
6.650018030431118632e+01 3.851083856181970354e-37
6.711611767496279413e+01 3.878940709437168905e-37
6.773775997517752501e+01 3.906999065516638462e-37
6.836516004510238531e+01 3.935260381992993911e-37
6.899837121430017817e+01 3.963726126982277984e-37
6.963744730628222612e+01 3.992397779220165120e-37
7.028244264308345635e+01 4.021276828138780905e-37
7.093341204987996207e+01 4.051013344189674862e-37
7.159041085964888396e+01 4.081366837874373408e-37
7.225349491787214617e+01 4.111947764672860219e-37
7.292272058728312345e+01 4.142757828699321835e-37
7.359814475265763178e+01 4.173798746836759974e-37
7.427982482564918598e+01 4.205072248832259721e-37
7.496781874966876558e+01 4.236580077393649233e-37
7.566218500481055287e+01 4.268323988286475153e-37
7.636298261282242095e+01 4.300305750432118141e-37
7.707027114212294805e+01 4.332527146005951819e-37
7.778411071286490142e+01 4.364989970536929157e-37
7.850456200204509116e+01 4.397696033007569759e-37
7.923168624866254106e+01 4.430647155954691361e-37
7.996554525892345566e+01 4.463845175571262202e-37
8.070620141149498750e+01 4.497291941808285990e-37
8.145371766280744907e+01 4.530989318478179422e-37
8.220815755240541023e+01 4.564939183358561489e-37
8.296958520834907347e+01 4.599143428296816203e-37
8.373806535266488993e+01 4.633603959315815482e-37
8.451366330684713546e+01 4.668322696719683784e-37
8.529644499741024788e+01 4.703301575201025256e-37
8.608647696149245121e+01 4.738542543948971079e-37
8.688382635251184638e+01 4.774047566757332059e-37
8.768856094587427208e+01 4.811586923249895535e-37
8.850074914473438525e+01 4.850759832322622424e-37
8.932045998580969126e+01 4.890251662539183305e-37
9.014776314524917211e+01 4.930065010354587287e-37
9.098272894455558912e+01 4.970202493362544127e-37
9.182542835656282421e+01 5.010666750467645399e-37
9.267593301146882823e+01 5.051460442058532924e-37
9.353431520292386381e+01 5.092586250183303963e-37
9.440064789417603208e+01 5.134633407395430163e-37
9.527500472427290390e+01 5.177102632920698452e-37
9.615746001432096079e+01 5.219923126973553217e-37
9.704808877380307308e+01 5.263097794942001814e-37
9.794696670695395824e+01 5.306629566244981844e-37
9.885417021919573699e+01 5.350521394530778849e-37
9.976977642363200971e+01 5.394776257877948894e-37
1.006938631476027126e+02 5.439539959593641776e-37
1.016265089392995122e+02 5.485237038526650017e-37
1.025677930744421928e+02 5.531318014450494674e-37
1.035177955630176285e+02 5.577786112449043180e-37
1.044765971560804161e+02 5.624644584699435929e-37
1.054442793526168458e+02 5.671896710700147442e-37
1.064209244064724658e+02 5.719545797500419831e-37
1.074066153333433391e+02 5.767595179931713364e-37
1.084014359178330977e+02 5.814879769552304103e-37
1.094054707205742432e+02 5.861466408920896033e-37
1.104188050854160252e+02 5.908426283000133071e-37
1.114415251466788135e+02 5.955762382006567217e-37
1.124737178364751884e+02 6.003477720113635104e-37
1.135154708920998985e+02 6.051575335642811633e-37
1.145668728634871485e+02 6.100058291257858154e-37
1.156280131207375348e+02 6.148929674159056453e-37
1.166989818617147421e+02 6.199527768026503737e-37
1.177798701197119300e+02 6.250804874304678618e-37
1.188707697711903251e+02 6.302506100245937491e-37
1.199717735435884265e+02 6.354634953799677665e-37
1.210829750232039430e+02 6.407194971929690040e-37
1.222044686631488730e+02 6.460189720854768907e-37
1.233363497913776001e+02 6.513622796290269734e-37
1.244787146187906188e+02 6.567756735162048471e-37
1.256316602474120145e+02 6.623784318835833948e-37
1.267952846786433980e+02 6.680289857199310820e-37
1.279696868215941663e+02 6.737277427542099796e-37
1.291549665014883885e+02 6.794751141935969596e-37
1.303512244681508889e+02 6.852715147531553915e-37
1.315585624045703810e+02 6.911173626857595004e-37
1.327770829355428930e+02 6.970130798122749748e-37
1.340068896363950728e+02 7.028741337877944720e-37
1.352480870417875281e+02 7.086876978215533511e-37
1.365007806546013853e+02 7.145493466049732517e-37
1.377650769549053678e+02 7.204594778533291113e-37
1.390410834090069727e+02 7.264184925714393719e-37
1.403289084785873229e+02 7.324267950808858332e-37
1.416286616299198897e+02 7.384847930474471604e-37
1.429404533431761024e+02 7.445928975087711864e-37
1.442643951218157383e+02 7.509034204852381512e-37
1.456005995020648527e+02 7.573091547288544178e-37
1.469491800624817301e+02 7.637695343903504149e-37
1.483102514336104321e+02 7.702850256335697542e-37
1.496839293077255491e+02 7.768560985990614287e-37
1.510703304486654019e+02 7.834832274380035446e-37
1.524695727017573006e+02 7.901668903464048537e-37
1.538817750038346333e+02 7.969390553257204045e-37
1.553070573933460139e+02 8.040479006587575043e-37
1.567455410205595001e+02 8.112201582208986418e-37
1.581973481578599774e+02 8.184563936611070957e-37
1.596626022101425235e+02 8.257571776740000510e-37
1.611414277253019804e+02 8.331230860449109106e-37
1.626339504048192168e+02 8.405546996952860370e-37
1.641402971144466392e+02 8.480526047284857496e-37
1.656605958949913600e+02 8.554790738524335186e-37
1.671949759731990071e+02 8.627769119612709377e-37
1.687435677727375776e+02 8.701370057613236287e-37
1.703065029252844340e+02 8.775598863374182687e-37
1.718839142817145671e+02 8.850460893049089879e-37
1.734759359233930809e+02 8.925961548483253808e-37
1.750827031735725257e+02 9.002106277603506026e-37
1.767043526088946521e+02 9.078900574811333954e-37
1.783410220710008218e+02 9.156349981379323719e-37
1.799928506782476347e+02 9.234460085851019115e-37
1.816599788375326625e+02 9.313236524444169970e-37
1.833425482562290654e+02 9.392684981457426704e-37
1.850407019542302010e+02 9.472811189680504475e-37
1.867545842761076074e+02 9.553620930807845300e-37
1.884843409033795467e+02 9.635120035855811569e-37
1.902301188668943723e+02 9.717507612847101524e-37
1.919920665593284639e+02 9.804189597097584468e-37
1.937703337477989010e+02 9.891644800849709446e-37
1.955650715865949110e+02 9.979880121365956520e-37
1.973764326300255334e+02 1.006890251743351071e-36
1.992045708453869111e+02 1.015871900991373732e-36
2.010496416260499188e+02 1.024933668229489965e-36
2.029118018046678174e+02 1.034076268125146675e-36
2.047912096665085357e+02 1.043152233462641145e-36
2.066880249629082016e+02 1.052051055602615269e-36
2.086024089248502662e+02 1.061025790953469511e-36
2.105345242766705951e+02 1.070077087108277980e-36
2.124845352498882960e+02 1.079205597184539195e-36
2.144526075971667467e+02 1.088411979871303279e-36
2.164389086064020375e+02 1.097696899476701227e-36
2.184436071149426084e+02 1.107061025975879108e-36
2.204668735239409898e+02 1.116701714650454150e-36
2.225088798128369376e+02 1.126517904984755264e-36
2.245697995539773899e+02 1.136420382992313212e-36
2.266498079273692952e+02 1.146409907171294832e-36
2.287490817355701722e+02 1.156487242687381554e-36
2.308677994187169702e+02 1.166653161432266533e-36
2.330061410696924611e+02 1.176908442082854550e-36
2.351642884494348493e+02 1.187253767192304358e-36
2.373424250023866193e+02 1.197535995567764831e-36
2.395407358720876800e+02 1.207907273330379487e-36
2.417594079169130907e+02 1.218368371693650487e-36
2.439986297259550270e+02 1.228920068550185200e-36
2.462585916350546711e+02 1.239563148529541342e-36
2.485394857429798492e+02 1.250298403056551548e-36
2.508415059277538717e+02 1.261126630410256498e-36
2.531648478631355488e+02 1.272100546426491101e-36
2.555097090352506939e+02 1.283282745687284263e-36
2.578762887593800883e+02 1.294563240307402219e-36
2.602647881969004402e+02 1.305942894336700980e-36
2.626754103723835669e+02 1.317422579420331261e-36
2.651083601908538867e+02 1.329003174865502305e-36
2.675638444552045030e+02 1.340685567708835386e-36
2.700420718837772824e+02 1.352470652784284777e-36
2.725432531281027764e+02 1.364248102482136357e-36
2.750676007908064662e+02 1.376063192851302417e-36
2.776153294436800820e+02 1.387980607981028956e-36
2.801866556459195294e+02 1.400001234056380715e-36
2.827817979625340854e+02 1.412125964937240906e-36
2.854009769829237371e+02 1.424355702224779201e-36
2.880444153396297793e+02 1.436691355328518911e-36
2.907123377272578182e+02 1.449133841533866896e-36
2.934049709215786947e+02 1.461862788058423987e-36
2.961225437988034628e+02 1.474713062381415676e-36
2.988652873550382765e+02 1.487676295014509601e-36
3.016334347259196988e+02 1.500753478899967771e-36
3.044272212064302607e+02 1.513945615708280740e-36
3.072468842709003525e+02 1.527253715914965829e-36
3.100926635931926398e+02 1.540678798878040215e-36
3.129648010670750296e+02 1.554221892915952742e-36
3.158635408267819003e+02 1.567884035386447845e-36
3.187891292677645652e+02 1.581666272766000123e-36
3.217418150676371624e+02 1.595569660729943825e-36
3.247218492073128573e+02 1.609595264233439574e-36
3.277294849923382003e+02 1.623744157592890462e-36
3.307649780744242776e+02 1.638017424568333693e-36
3.338285864731760739e+02 1.652416158446428927e-36
3.369205705980266998e+02 1.666816467025282968e-36
3.400411932703706270e+02 1.681251955079755453e-36
3.431907197459042891e+02 1.695812461886710407e-36
3.463694177371734213e+02 1.710499070172912572e-36
3.495775574363275382e+02 1.725312872042013517e-36
3.528154115380883127e+02 1.740254969055873175e-36
3.560832552629277643e+02 1.755326472316442665e-36
3.593813663804625662e+02 1.770528502548388467e-36
3.627100252330648118e+02 1.786275517378114598e-36
3.660695147596902643e+02 1.802209428874071534e-36
3.694601205199302285e+02 1.818285473838823045e-36
3.728821307182833493e+02 1.834504920129537278e-36
3.763358362286532497e+02 1.850869046912815740e-36
3.798215306190735987e+02 1.867379144765695068e-36
3.833395101766601556e+02 1.884036515777399853e-36
3.868900739327975771e+02 1.900842473652003534e-36
3.904735236885559857e+02 1.917798343812158726e-36
3.940901640403447459e+02 1.934905463503441623e-36
3.977403024058036749e+02 1.952165181899940902e-36
4.014242490499322003e+02 1.969578860210630090e-36
4.051423171114647062e+02 1.987147871786688746e-36
4.088948226294860433e+02 2.004873602229942545e-36
4.126820845702951601e+02 2.022757449501947829e-36
4.165044248545185042e+02 2.040800824034371436e-36
4.203621683844713743e+02 2.059005148840160011e-36
4.242556430717776834e+02 2.077371859625904036e-36
4.281851798652411389e+02 2.095902404904862700e-36
4.321511127789761986e+02 2.114598246111304438e-36
4.361537789208005620e+02 2.133460857715867470e-36
4.401935185208874373e+02 2.152491727341640642e-36
4.442706749606882681e+02 2.171692355881586997e-36
4.483855948021186464e+02 2.190585925338942827e-36
4.525386278170166747e+02 2.209557526341878510e-36
4.567301270168746896e+02 2.228693431168941935e-36
4.609604486828433778e+02 2.247995062775772663e-36
4.652299523960189163e+02 2.267463856441536652e-36
4.695390010680058026e+02 2.287101259875656766e-36
4.738879609717650965e+02 2.306908733325463719e-36
4.782772017727485263e+02 2.327035628577594665e-36
4.827070965603182913e+02 2.348095413244394204e-36
4.871780218794630741e+02 2.369345789978137703e-36
4.916903577628026483e+02 2.390788483646183746e-36
4.962444877628913673e+02 2.412425234726023868e-36
5.008407989848212196e+02 2.434257799446672805e-36
5.054796821191240497e+02 2.456287949930943772e-36
5.101615314749833487e+02 2.478517474339606703e-36
5.148867450137491915e+02 2.500793361775257908e-36
5.196557243827656976e+02 2.523100905997042850e-36
5.244688749495119282e+02 2.545607437682849516e-36
5.293266058360561601e+02 2.568314731838134347e-36
5.342293299538351903e+02 2.591224579301608796e-36
5.391774640387500312e+02 2.614338786886598848e-36
5.441714286865892518e+02 2.637659177523672763e-36
5.492116483887789400e+02 2.661187590404150169e-36
5.542985515684669053e+02 2.685201437575212107e-36
5.594325706169377099e+02 2.709502640087044792e-36
5.646141419303667135e+02 2.734023769653652107e-36
5.698437059469141559e+02 2.758766816625396095e-36
5.751217071841613233e+02 2.783733789365586554e-36
5.804485942768977793e+02 2.808926714413182247e-36
5.858248200152536356e+02 2.834347636647416170e-36
5.912508413831875487e+02 2.859956743903111376e-36
5.967271195973316935e+02 2.885468092626350549e-36
6.022541201461928040e+02 2.911207007348644055e-36
6.078323128297230369e+02 2.937175518001190886e-36
6.134621717992506547e+02 2.963375672622699870e-36
6.191441755977841694e+02 2.989809537520623535e-36
6.248788072006893799e+02 3.016479197434311682e-36
6.306665540567405515e+02 3.043386755699328955e-36
6.365079081295571086e+02 3.071384422766913100e-36
6.424033659394191318e+02 3.100776529423573343e-36
6.483534286054720042e+02 3.130449908566724749e-36
6.543586018883236193e+02 3.160407251878662807e-36
6.604193962330305112e+02 3.190651276800173594e-36
6.665363268124913247e+02 3.221184726776870475e-36
6.727099135712336420e+02 3.252010371508367934e-36
6.789406812696105362e+02 3.283131007199313653e-36
6.852291595284063987e+02 3.314230996343156889e-36
6.915758828738524926e+02 3.345516450278816746e-36
6.979813907830659900e+02 3.377097230529703476e-36
7.044462277299037396e+02 3.408976124897278479e-36
7.109709432312431545e+02 3.441155947498936244e-36
7.175560918936928374e+02 3.473639539016753216e-36
7.242022334607315770e+02 3.506429766948087549e-36
7.309099328602910646e+02 3.539500854267927116e-36
7.376797602527731215e+02 3.572452973655767124e-36
7.445122910795136022e+02 3.605711871376668876e-36
7.514081061116969522e+02 3.639280403482117539e-36
7.583677914997190328e+02 3.673161452612691265e-36
7.653919388230148115e+02 3.707357928246072372e-36
7.724811451403400042e+02 3.741872766946420966e-36
7.796360130405229256e+02 3.776708932617026718e-36
7.868571506936851847e+02 3.812241637761523018e-36
7.941451719029339529e+02 3.848723496557012992e-36
8.015006961565404708e+02 3.885554474361053616e-36
8.089243486805937664e+02 3.922737912124146885e-36
8.164167604921464090e+02 3.960277182768495125e-36
8.239785684528519596e+02 3.998175691494084003e-36
8.316104153230961629e+02 4.036436876087315356e-36
8.393129498166364328e+02 4.075064207233233549e-36
8.470868266557401967e+02 4.113692821198760095e-36
8.549327066268375575e+02 4.152524980877753777e-36
8.628512566366895271e+02 4.191723705755190404e-36
8.708431497690723972e+02 4.231292456108542957e-36
8.789090653419954151e+02 4.271234724879172010e-36
8.870496889654402821e+02 4.311554037981076823e-36
8.952657125996391869e+02 4.352253954611943685e-36
9.035578346138929646e+02 4.393463703734864513e-36
9.119267598459298370e+02 4.445419667997336704e-36
9.203731996618221274e+02 4.497990050041494992e-36
9.288978720164498100e+02 4.551182115812801367e-36
9.375015015145289681e+02 4.605003217182128844e-36
9.461848194722001608e+02 4.659460792961597149e-36
9.549485639791965923e+02 4.714562369932870823e-36
9.637934799615785550e+02 4.770315563887152694e-36
9.727203192450537017e+02 4.826728080678253832e-36
9.817298406188840545e+02 4.883807717287339493e-36
9.908228099003797524e+02 4.941562362900734847e-36
1.000000000000000000e+03 4.999999999999999371e-36
