# Combination of SENSEI and SENSEI_1e 
#  Mass [MeV] 	 sigma_e [cm^2]
1.000000000000000056e-01 1.000000000000000000e+00
1.009262190987047642e-01 1.000000000000000000e+00
1.018610170155975769e-01 1.000000000000000000e+00
1.028044732093309210e-01 1.000000000000000000e+00
1.037566678745185655e-01 1.000000000000000000e+00
1.047176819485520216e-01 1.000000000000000000e+00
1.056875971184804280e-01 1.000000000000000000e+00
1.066664958279539277e-01 1.000000000000000000e+00
1.076544612842315340e-01 1.000000000000000000e+00
1.086515774652538069e-01 1.000000000000000000e+00
1.096579291267809897e-01 1.000000000000000000e+00
1.106736018095973717e-01 1.000000000000000000e+00
1.116986818467823189e-01 1.000000000000000000e+00
1.127332563710486818e-01 1.000000000000000000e+00
1.137774133221491069e-01 1.000000000000000000e+00
1.148312414543511129e-01 1.000000000000000000e+00
1.158948303439810978e-01 1.000000000000000000e+00
1.169682703970385262e-01 1.000000000000000000e+00
1.180516528568805179e-01 1.000000000000000000e+00
1.191450698119776025e-01 1.000000000000000000e+00
1.202486142037412220e-01 1.000000000000000000e+00
1.213623798344240778e-01 1.000000000000000000e+00
1.224864613750931419e-01 1.000000000000000000e+00
1.236209543736768862e-01 1.000000000000000000e+00
1.247659552630869806e-01 1.000000000000000000e+00
1.259215613694150970e-01 1.000000000000000000e+00
1.270878709202058476e-01 1.000000000000000000e+00
1.282649830528060642e-01 1.000000000000000000e+00
1.294529978227915712e-01 1.000000000000000000e+00
1.306520162124721329e-01 1.000000000000000000e+00
1.318621401394748371e-01 1.000000000000000000e+00
1.330834724654074985e-01 1.000000000000000000e+00
1.343161170046016095e-01 1.000000000000000000e+00
1.355601785329368647e-01 1.000000000000000000e+00
1.368157627967472034e-01 1.000000000000000000e+00
1.380829765218092309e-01 1.000000000000000000e+00
1.393619274224142390e-01 1.000000000000000000e+00
1.406527242105237163e-01 1.000000000000000000e+00
1.419554766050101224e-01 1.000000000000000000e+00
1.432702953409830948e-01 1.000000000000000000e+00
1.445972921792019472e-01 1.000000000000000000e+00
1.459365799155756538e-01 1.000000000000000000e+00
1.472882723907502633e-01 1.000000000000000000e+00
1.486524844997856865e-01 1.000000000000000000e+00
1.500293322019218278e-01 1.000000000000000000e+00
1.514189325304352018e-01 1.000000000000000000e+00
1.528214036025870026e-01 1.000000000000000000e+00
1.542368646296628232e-01 1.000000000000000000e+00
1.556654359271061605e-01 1.000000000000000000e+00
1.571072389247450407e-01 1.000000000000000000e+00
1.585623961771137069e-01 1.000000000000000000e+00
1.600310313738700918e-01 1.000000000000000000e+00
1.615132693503090466e-01 1.000000000000000000e+00
1.630092360979740751e-01 1.000000000000000000e+00
1.645190587753662392e-01 1.000000000000000000e+00
1.660428657187530133e-01 1.000000000000000000e+00
1.675807864530767799e-01 1.000000000000000000e+00
1.691329517029648011e-01 1.000000000000000000e+00
1.706994934038407463e-01 1.000000000000000000e+00
1.722805447131393886e-01 1.000000000000000000e+00
1.738762400216250781e-01 1.000000000000000000e+00
1.754867149648151048e-01 1.000000000000000000e+00
1.771121064345087814e-01 1.000000000000000000e+00
1.787525525904234969e-01 1.000000000000000000e+00
1.804081928719382666e-01 1.000000000000000000e+00
1.820791680099462795e-01 1.000000000000000000e+00
1.837656200388171346e-01 1.000000000000000000e+00
1.854676923084698503e-01 1.000000000000000000e+00
1.871855294965578675e-01 1.000000000000000000e+00
1.889192776207666291e-01 1.000000000000000000e+00
1.906690840512252350e-01 1.000000000000000000e+00
1.924350975230331162e-01 1.000000000000000000e+00
1.942174681489025334e-01 1.000000000000000000e+00
1.960163474319185639e-01 1.000000000000000000e+00
1.978318882784164401e-01 1.000000000000000000e+00
1.996642450109794020e-01 1.000000000000000000e+00
2.015135733815557606e-01 1.000000000000000000e+00
2.033800305846981127e-01 1.000000000000000000e+00
2.052637752709252084e-01 1.000000000000000000e+00
2.071649675602068863e-01 1.000000000000000000e+00
2.090837690555750472e-01 1.000000000000000000e+00
2.110203428568595552e-01 1.000000000000000000e+00
2.129748535745520088e-01 1.000000000000000000e+00
2.149474673437980488e-01 1.000000000000000000e+00
2.169383518385184229e-01 1.000000000000000000e+00
2.189476762856621128e-01 1.000000000000000000e+00
2.209756114795902171e-01 1.000000000000000000e+00
2.230223297965937546e-01 1.000000000000000000e+00
2.250880052095461659e-01 1.000000000000000000e+00
2.271728133026905128e-01 1.000000000000000000e+00
2.292769312865649278e-01 1.000000000000000000e+00
2.314005380130652878e-01 1.000000000000000000e+00
2.335438139906478860e-01 1.000000000000000000e+00
2.357069413996727703e-01 1.000000000000000000e+00
2.378901041078893275e-01 1.000000000000000000e+00
2.400934876860652545e-01 1.000000000000000000e+00
2.423172794237599403e-01 1.000000000000000000e+00
2.445616683452445927e-01 1.000000000000000000e+00
2.468268452255692469e-01 1.000000000000000000e+00
2.491130026067788494e-01 1.000000000000000000e+00
2.514203348142797223e-01 1.000000000000000000e+00
2.537490379733570167e-01 1.000000000000000000e+00
2.560993100258458499e-01 1.000000000000000000e+00
2.584713507469563742e-01 1.000000000000000000e+00
2.608653617622547771e-01 1.000000000000000000e+00
2.632815465648021269e-01 1.000000000000000000e+00
2.657201105324505375e-01 1.000000000000000000e+00
2.681812609453014806e-01 1.000000000000000000e+00
2.706652070033241375e-01 1.000000000000000000e+00
2.731721598441376186e-01 1.000000000000000000e+00
2.757023325609583853e-01 1.000000000000000000e+00
2.782559402207124277e-01 1.000000000000000000e+00
2.808331998823171971e-01 1.000000000000000000e+00
2.834343306151309028e-01 1.000000000000000000e+00
2.860595535175741722e-01 1.000000000000000000e+00
2.887090917359236286e-01 1.000000000000000000e+00
2.913831704832787195e-01 1.000000000000000000e+00
2.940820170587062909e-01 1.000000000000000000e+00
2.968058608665602449e-01 1.000000000000000000e+00
2.995549334359813298e-01 1.000000000000000000e+00
3.023294684405777866e-01 1.000000000000000000e+00
3.051297017182869054e-01 1.000000000000000000e+00
3.079558712914226004e-01 1.000000000000000000e+00
3.108082173869063936e-01 1.000000000000000000e+00
3.136869824566877463e-01 1.000000000000000000e+00
3.165924111983522415e-01 1.000000000000000000e+00
3.195247505759211681e-01 1.000000000000000000e+00
3.224842498408441172e-01 1.000000000000000000e+00
3.254711605531848129e-01 1.000000000000000000e+00
3.284857366030044523e-01 1.000000000000000000e+00
3.315282342319424980e-01 1.000000000000000000e+00
3.345989120549973106e-01 1.000000000000000000e+00
3.376980310825090648e-01 1.000000000000000000e+00
3.408258547423451690e-01 1.000000000000000000e+00
3.439826489022925204e-01 1.000000000000000000e+00
3.471686818926561502e-01 1.000000000000000000e+00
3.503842245290673674e-01 1.000000000000000000e+00
3.536295501355041782e-01 1.000000000000000000e+00
3.569049345675229801e-01 1.000000000000000000e+00
3.602106562357070829e-01 1.000000000000000000e+00
3.635469961293319452e-01 1.000000000000000000e+00
3.669142378402492910e-01 1.000000000000000000e+00
3.703126675869926054e-01 1.000000000000000000e+00
3.737425742391063954e-01 1.000000000000000000e+00
3.772042493416998266e-01 1.000000000000000000e+00
3.806979871402286220e-01 1.000000000000000000e+00
3.842240846055060000e-01 1.000000000000000000e+00
3.877828414589456485e-01 1.000000000000000000e+00
3.913745601980384015e-01 1.000000000000000000e+00
3.949995461220643933e-01 1.000000000000000000e+00
3.986581073580440782e-01 1.000000000000000000e+00
4.023505548869292237e-01 1.000000000000000000e+00
4.060772025700365440e-01 1.000000000000000000e+00
4.098383671757261371e-01 1.000000000000000000e+00
4.136343684063274462e-01 1.000000000000000000e+00
4.174655289253136892e-01 1.000000000000000000e+00
4.213321743847288081e-01 1.000000000000000000e+00
4.252346334528682159e-01 1.000000000000000000e+00
4.291732378422157268e-01 1.000000000000000000e+00
4.331483223376399461e-01 1.000000000000000000e+00
4.371602248248504519e-01 1.000000000000000000e+00
4.412092863191188763e-01 1.000000000000000000e+00
4.452958509942655518e-01 1.000000000000000000e+00
4.494202662119142211e-01 1.000000000000000000e+00
4.535828825510187512e-01 1.000000000000000000e+00
4.577840538376618529e-01 1.000000000000000000e+00
4.620241371751311887e-01 1.000000000000000000e+00
4.663034929742731483e-01 1.000000000000000000e+00
4.706224849841281754e-01 1.000000000000000000e+00
4.749814803228500915e-01 1.000000000000000000e+00
4.793808495089109112e-01 1.000000000000000000e+00
4.838209664925955944e-01 1.000000000000000000e+00
4.883022086877880086e-01 1.000000000000000000e+00
4.928249570040514893e-01 1.000000000000000000e+00
4.973895958790063854e-01 1.000000000000000000e+00
5.019965133110081412e-01 1.000000000000000000e+00
5.066461008921266940e-01 1.000000000000000000e+00
5.113387538414325695e-01 1.000000000000000000e+00
5.160748710385908433e-01 1.000000000000000000e+00
5.208548550577661862e-01 1.000000000000000000e+00
5.256791122018421580e-01 1.000000000000000000e+00
5.305480525369572486e-01 8.162881969755702933e-30
5.354620899273607737e-01 6.400022175739315966e-30
5.404216420705916235e-01 4.912181581173163933e-30
5.454271305329833064e-01 3.527771150395424916e-30
5.504789807854970629e-01 2.768970239782808911e-30
5.555776222398876030e-01 2.259852715027824439e-30
5.607234882852032420e-01 1.853034733173407591e-30
5.659170163246244334e-01 1.540893435928703925e-30
5.711586478126432498e-01 1.281331935328593482e-30
5.764488282925875895e-01 1.083246339915120909e-30
5.817880074344934371e-01 9.158721288133318074e-31
5.871766390733255125e-01 7.783644503821195706e-31
5.926151812475554115e-01 6.711856654241362910e-31
5.981040962380941295e-01 5.787651237793339287e-31
6.036438506075867405e-01 4.962259841351445067e-31
6.092349152400710066e-01 4.219869982134218676e-31
6.148777653810023613e-01 3.588546999841856575e-31
6.205728806776501516e-01 3.083333354882608370e-31
6.263207452198689129e-01 2.651741753230891164e-31
6.321218475812451221e-01 2.282810700018286738e-31
6.379766808606280870e-01 1.993067058676193145e-31
6.438857427240419762e-01 1.740098861613164385e-31
6.498495354469889795e-01 1.519238419503372676e-31
6.558685659571431570e-01 1.345756337663704567e-31
6.619433458774393042e-01 1.194942793000645611e-31
6.680743915695612767e-01 1.061030320706552182e-31
6.742622241778342129e-01 9.465401171190056444e-32
6.805073696735207678e-01 8.539222407788837794e-32
6.868103588995303488e-01 7.703669185372287192e-32
6.931717276155405782e-01 6.949873897595475390e-32
6.995920165435373095e-01 6.294655701311892310e-32
7.060717714137773049e-01 5.738995393991104012e-32
7.126115430111746862e-01 5.232385962807632090e-32
7.192118872221189285e-01 4.770497444979926816e-32
7.258733650817251748e-01 4.354567282425911767e-32
7.325965428215229780e-01 4.018844106509217107e-32
7.393819919175865785e-01 3.709004111064345059e-32
7.462302891391109361e-01 3.423051785863182153e-32
7.531420165974371805e-01 3.159145468118313949e-32
7.601177617955328092e-01 2.903257991825434991e-32
7.671581176779301847e-01 2.653123906415083924e-32
7.742636826811269968e-01 2.424540458550654150e-32
7.814350607844543495e-01 2.215650924156004516e-32
7.886728615614151394e-01 2.030215776024543225e-32
7.959777002314983863e-01 1.885841357520901902e-32
8.033501977124734017e-01 1.751733814570287046e-32
8.107909806731686819e-01 1.627163040449431533e-32
8.183006815867391870e-01 1.511450848400804975e-32
8.258799387844267814e-01 1.403967279456227889e-32
8.335293965098193869e-01 1.306556407600702176e-32
8.412497049736118448e-01 1.217699510371691960e-32
8.490415204088747059e-01 1.134885634430729845e-32
8.569055051268349432e-01 1.057703803169059416e-32
8.648423275731722537e-01 9.857709898667042703e-33
8.728526623848377186e-01 9.187302168634426854e-33
8.809371904473990433e-01 8.562487840021228650e-33
8.890965989529160396e-01 7.980166175530166529e-33
8.973315814583522343e-01 7.437447314251476942e-33
9.056428379445289334e-01 6.931637930282908592e-33
9.140310748756229620e-01 6.460227866686051305e-33
9.224970052592174063e-01 6.027330113676169544e-33
9.310413487069078009e-01 5.626875116342864284e-33
9.396648314954693104e-01 5.253026294856119460e-33
9.483681866285922357e-01 4.904015938491986660e-33
9.571521538991862865e-01 4.578193782988126969e-33
9.660174799522646127e-01 4.274019207416445454e-33
9.749649183484089265e-01 4.015399380354145048e-33
9.839952296278231536e-01 3.774090218621691173e-33
9.931091813749796104e-01 3.547282755480146468e-33
1.002307548283865479e+00 3.334105497860156527e-33
1.011591112223829692e+00 3.133739325879215907e-33
1.020960662306046540e+00 2.945414345426228762e-33
1.030416994950587917e+00 2.768406929893166153e-33
1.039960913954119714e+00 2.602036939686135557e-33
1.049593230558227619e+00 2.445665108832995634e-33
1.059314763518369951e+00 2.298690588644943527e-33
1.069126339173475992e+00 2.160548638994278903e-33
1.079028791516184249e+00 2.030708458336602701e-33
1.089022962263729966e+00 1.908671144140227295e-33
1.099109700929497224e+00 1.796472277603276869e-33
1.109289864895222744e+00 1.695623938722404312e-33
1.119564319483878245e+00 1.600436910389891856e-33
1.129933938033222285e+00 1.510593384325695415e-33
1.140399601970032428e+00 1.425793393013296403e-33
1.150962200885032205e+00 1.345753808175089740e-33
1.161622632608501959e+00 1.270207395470002074e-33
1.172381803286598467e+00 1.198901922257663612e-33
1.183240627458378658e+00 1.133580856982082215e-33
1.194200028133531877e+00 1.072220599714740398e-33
1.205260936870842681e+00 1.014181747487651326e-33
1.216424293857367944e+00 9.592845140363385066e-34
1.227691047988359152e+00 9.073588448515622911e-34
1.239062156947916327e+00 8.582438904034827243e-34
1.250538587290390691e+00 8.117875078799779303e-34
1.262121314522547388e+00 7.675227945886200656e-34
1.273811323186478495e+00 7.251511277678408106e-34
1.285609606943295846e+00 6.851186203333745388e-34
1.297517168657587483e+00 6.472961372512439370e-34
1.309535020482667012e+00 6.115616724830934677e-34
1.321664183946605231e+00 5.777999554246431088e-34
1.333905690039058678e+00 5.459020790710994489e-34
1.346260579298910409e+00 5.186005664505576665e-34
1.358729901902709924e+00 4.932172290079798793e-34
1.371314717753944867e+00 4.690763001962557216e-34
1.384016096573131627e+00 4.461169692882887397e-34
1.396835117988739716e+00 4.242814019887671846e-34
1.409772871628967028e+00 4.035145947501992727e-34
1.422830457214352640e+00 3.837642362196405938e-34
1.436008984651259812e+00 3.660746358885520511e-34
1.449309574126216527e+00 3.499642234219980844e-34
1.462733356201129986e+00 3.345628067841513327e-34
1.476281471909390186e+00 3.198391840994549075e-34
1.489955072852854556e+00 3.057635266415073347e-34
1.503755321299737657e+00 2.923073184028067858e-34
1.517683390283405265e+00 2.794432983238607020e-34
1.531740463702079724e+00 2.671454050647870098e-34
1.545927736419477672e+00 2.554054405508407716e-34
1.560246414366368795e+00 2.441969931652324689e-34
1.574697714643085833e+00 2.334804275990794410e-34
1.589282865622978047e+00 2.232341576579596423e-34
1.604003107056819921e+00 2.134375444558937269e-34
1.618859690178198418e+00 2.040708548427524673e-34
1.633853877809861244e+00 1.951152216561298000e-34
1.648986944471064975e+00 1.865526057175366370e-34
1.664260176485903520e+00 1.787068533129380183e-34
1.679674872092653093e+00 1.713551832802353593e-34
1.695232341554120614e+00 1.643059473806831220e-34
1.710933907269014398e+00 1.575467040323703113e-34
1.726780903884356011e+00 1.510655234770997146e-34
1.742774678408919087e+00 1.448509667248952198e-34
1.758916590327732621e+00 1.388920653647181975e-34
1.775208011717635204e+00 1.331783022057087199e-34
1.791650327363900397e+00 1.278695663134841351e-34
1.808244934877951682e+00 1.230600733277538018e-34
1.824993244816152327e+00 1.184314773564336485e-34
1.841896680799710806e+00 1.139769744120911599e-34
1.858956679635687337e+00 1.096900164222139679e-34
1.876174691439120412e+00 1.055643016036173593e-34
1.893552179756295306e+00 1.015937651988781063e-34
1.911090621689137903e+00 9.777257056121231175e-35
1.928791508020777812e+00 9.409510057466251516e-35
1.946656343342262341e+00 9.070845942625014346e-35
1.964686646180445528e+00 8.764416389071230418e-35
1.982883949127071332e+00 8.468338579101794774e-35
2.001249798969037208e+00 8.182262812128259514e-35
2.019785756819878486e+00 7.905851201079048007e-35
2.038493398252463340e+00 7.638777273318322707e-35
2.057374313432912771e+00 7.380725585045328786e-35
2.076430107255774704e+00 7.131391348720075607e-35
2.095662399480433091e+00 6.890480073076339444e-35
2.115072824868794665e+00 6.683839261835212040e-35
2.134663033324244452e+00 6.483666368904505846e-35
2.154434690031883370e+00 6.289488411742786030e-35
2.174389475600079891e+00 6.101125849282486744e-35
2.194529086203313550e+00 5.918404517493629216e-35
2.214855233726359174e+00 5.741155468348341022e-35
2.235369645909795366e+00 5.569214813607330485e-35
2.256074066496860375e+00 5.404375824743598983e-35
2.276970255381680186e+00 5.255227567232391244e-35
2.298059988758851091e+00 5.110195456236528303e-35
2.319345059274428689e+00 4.969165895644204471e-35
2.340827276178293115e+00 4.832028424333238238e-35
2.362508465477946462e+00 4.698675629652697165e-35
2.384390470093720626e+00 4.569003063291840494e-35
2.406475150015424003e+00 4.442909159471656343e-35
2.428764382460451898e+00 4.327577873213032499e-35
2.451260062033338460e+00 4.231142776404057926e-35
2.473964100886812734e+00 4.136856624840903622e-35
2.496878428884326873e+00 4.044671531749745236e-35
2.520004993764092038e+00 3.954540677458451664e-35
2.543345761304649510e+00 3.866418285617449115e-35
2.566902715491950371e+00 3.780259599950476294e-35
2.590677858688007706e+00 3.696020861523427218e-35
2.614673211801092023e+00 3.613659286519724107e-35
2.638890814457510281e+00 3.533133044510947704e-35
2.663332725174982318e+00 3.454401237211676328e-35
2.688001021537606228e+00 3.377423877707751749e-35
2.712897800372465973e+00 3.302161870147418731e-35
2.738025177927857712e+00 3.228576989885024041e-35
2.763385290053169907e+00 3.156631864067240837e-35
2.788980292380441206e+00 2.990308343735207632e-35
2.814812360507579658e+00 2.811019877126931167e-35
2.840883690183302779e+00 2.642480922128750459e-35
2.867196497493769591e+00 2.484046975488216354e-35
2.893753019050950392e+00 2.346150882291898637e-35
2.920555512182746671e+00 2.219033569363111906e-35
2.947606255124857189e+00 2.098803627305635624e-35
2.974907547214440395e+00 1.985087889975229057e-35
3.002461709085549213e+00 1.877533409824084763e-35
3.030271082866396348e+00 1.775806362432467683e-35
3.058338032378433269e+00 1.679591010394376259e-35
3.086664943337273037e+00 1.585250226262181446e-35
3.115254223555488089e+00 1.495653868193621155e-35
3.144108303147264749e+00 1.411121384109218663e-35
3.173229634734976212e+00 1.331366570191316465e-35
3.202620693657651785e+00 1.256119398503706902e-35
3.232283978181379247e+00 1.185125102751062914e-35
3.262222009711670090e+00 1.118293429126236690e-35
3.292437333007768974e+00 1.056739854295607134e-35
3.322932516398971803e+00 9.985743370853928739e-36
3.353710152002930656e+00 9.436103906104728862e-36
3.384772855945981096e+00 8.916717926748814889e-36
3.416123268585528283e+00 8.425920207784530335e-36
3.447764054734464345e+00 7.962137182222076254e-36
3.479697903887691623e+00 7.583551828282103532e-36
3.511927530450729584e+00 7.223046217273527317e-36
3.544455673970433818e+00 6.879678261352219257e-36
3.577285099367873311e+00 6.552633273553644331e-36
3.610418597173337130e+00 6.241135295365245122e-36
3.643858983763544224e+00 5.944445255659599764e-36
3.677609101601032382e+00 5.661859217148493795e-36
3.711671819475764966e+00 5.392706706195804557e-36
3.746050032748993175e+00 5.136349122028339242e-36
3.780746663599349411e+00 4.892178221569280282e-36
3.815764661271248581e+00 4.659614676298617164e-36
3.851107002325570683e+00 4.438106697718144925e-36
3.886776690892665531e+00 4.227128728158388775e-36
3.922776758927719598e+00 4.026180193822155967e-36
3.959110266468458761e+00 3.834784317105004848e-36
3.995780301895269560e+00 3.658868882584789967e-36
4.032789982193706990e+00 3.507922565312461419e-36
4.070142453219436796e+00 3.363203525220336823e-36
4.107840889965646447e+00 3.224454856530444413e-36
4.145888496832911052e+00 3.091430252090313605e-36
4.184288507901582577e+00 2.963893566127459299e-36
4.223044187206673961e+00 2.841618395042836645e-36
4.262158829015322503e+00 2.724387675498165943e-36
4.301635758106795215e+00 2.623925184458837069e-36
4.341478330055092094e+00 2.532760188103426903e-36
4.381689931514192615e+00 2.444762605441669899e-36
4.422273980505899260e+00 2.359822388649245832e-36
4.463233926710395316e+00 2.277833313375709818e-36
4.504573251759458330e+00 2.198692845902719979e-36
4.546295469532399380e+00 2.122302014917643986e-36
4.588404126454759258e+00 2.048565287742231721e-36
4.630902801799739343e+00 1.977390450861566905e-36
4.673795107992461340e+00 1.919431642332162960e-36
4.717084690917017653e+00 1.864436717321459921e-36
4.760775230226368393e+00 1.811017488840024624e-36
4.804870439655131165e+00 1.759128810548381536e-36
4.849374067335235239e+00 1.708726829625148260e-36
4.894289896114528915e+00 1.659768949705662532e-36
4.939621743878320537e+00 1.612213794882227688e-36
4.985373463873894018e+00 1.566021174736067693e-36
5.031548945038053944e+00 1.525661808245169329e-36
5.078152112327673606e+00 1.488614252748420799e-36
5.125186927053330344e+00 1.452466320851675324e-36
5.172657387216019309e+00 1.417196167048190021e-36
5.220567527846974976e+00 1.382782476304464158e-36
5.268921421350674095e+00 1.349204451178604238e-36
5.317723177850969485e+00 1.316441799251836550e-36
5.366976945540476329e+00 1.284474720864991021e-36
5.416686911033152363e+00 1.258174168551903203e-36
5.466857299720180308e+00 1.232529813208067729e-36
5.517492376129125908e+00 1.207408146199014088e-36
5.568596444286411540e+00 1.182798513987436962e-36
5.620173848083187984e+00 1.158690480178619304e-36
5.672228971644543094e+00 1.135073821094451577e-36
5.724766239702178794e+00 1.111938521437859939e-36
5.777790117970504014e+00 1.090464465681971392e-36
5.831305113526221717e+00 1.072232990420692372e-36
5.885315775191449994e+00 1.054306327191941078e-36
5.939826693920356782e+00 1.036679379843419595e-36
5.994842503189408589e+00 1.019347137425347385e-36
6.050367879391221670e+00 1.002304672766030549e-36
6.106407542232039631e+00 9.855471410711577113e-37
6.162966255132942273e+00 9.690697785465328922e-37
6.220048825634711953e+00 9.540259728396685184e-37
6.277660105806499580e+00 9.399488717731218092e-37
6.335804992658251145e+00 9.260794849408613901e-37
6.394488428556940107e+00 9.124147474218556721e-37
6.453715401646701544e+00 8.989516395194214628e-37
6.513490946272802340e+00 8.856871860939174737e-37
6.573820143409585093e+00 8.726184559052846271e-37
6.634708121092347533e+00 8.597425609652868284e-37
6.696160054853218746e+00 8.470566558993102135e-37
6.758181168161110364e+00 8.345579373175785454e-37
6.820776732865684977e+00 8.222436431956481169e-37
6.883952069645496330e+00 8.101110522640425053e-37
6.947712548460236448e+00 7.981574834068935430e-37
7.012063589007180298e+00 7.863802950694563666e-37
7.077010661181889262e+00 7.747768846743537171e-37
7.142559285543126357e+00 7.640453333501787565e-37
7.208715033782135073e+00 7.556350368591336094e-37
7.275483529196228538e+00 7.473173174495519362e-37
7.342870447166761849e+00 7.390911560710325660e-37
7.410881515641570161e+00 7.309555448904617013e-37
7.479522515621821022e+00 7.229094871685377025e-37
7.548799281653435500e+00 7.149519971376546410e-37
7.618717702322995500e+00 7.070820998811306686e-37
7.689283720758309570e+00 7.003040375548837894e-37
7.760503335133570602e+00 6.943804837112568300e-37
7.832382599179195992e+00 6.885070345196792455e-37
7.904927622696424017e+00 6.826832661676745565e-37
7.978144572076624641e+00 6.769087584275697716e-37
8.052039670825474005e+00 6.711830946262181412e-37
8.126619200091946382e+00 6.655058616149220358e-37
8.201889499202202671e+00 6.598766497396207607e-37
8.277856966198475774e+00 6.559908667070339724e-37
8.354528058382866718e+00 6.523704373861347921e-37
8.431909292866254901e+00 6.487699893014583616e-37
8.510007247122246099e+00 6.451894121760829062e-37
8.588828559546250574e+00 6.416285963417075832e-37
8.668379930019778357e+00 6.380874327352935679e-37
8.748668120479909049e+00 6.345658128957236826e-37
8.829699955494087149e+00 6.312496299519616185e-37
8.911482322840202031e+00 6.287360554381059946e-37
8.994022174092044963e+00 6.262324897330170738e-37
9.077326525210228425e+00 6.237388929826141550e-37
9.161402457138516198e+00 6.212552254914808705e-37
9.246257116405738330e+00 6.187814477222743387e-37
9.331897715733239451e+00 6.163175202950755145e-37
9.418331534647951031e+00 6.138634039868026017e-37
9.505565920101195942e+00 6.121379167052851052e-37
9.593608287093141840e+00 6.111145662377586416e-37
9.682466119303123619e+00 6.100929265712538102e-37
9.772146969725724830e+00 6.090729948457241082e-37
9.862658461312820535e+00 6.080547682058943355e-37
9.954008287621523010e+00 6.070382438012726224e-37
1.004620421346813153e+01 6.060234187861027366e-37
1.013925407558815373e+01 6.050102903194153677e-37
1.023316578330244830e+01 6.038068135870523078e-37
1.032794731918951392e+01 6.025646867838031863e-37
1.042360673976401131e+01 6.013251152332715477e-37
1.052015217616159148e+01 6.000880936788759109e-37
1.061759183483000157e+01 5.988536168748876394e-37
1.071593399822671167e+01 5.976216795863301280e-37
1.081518702552288147e+01 5.963922765890253256e-37
1.091535935331391016e+01 5.951868489276599832e-37
1.101645949633656940e+01 5.941153661834184495e-37
1.111849604819271065e+01 5.930458123717016590e-37
1.122147768207980256e+01 5.919781840199662506e-37
1.132541315152811556e+01 5.909124776618911435e-37
1.143031129114478617e+01 5.898486898374248106e-37
1.153618101736478430e+01 5.887868170927346641e-37
1.164303132920876749e+01 5.877268559802156577e-37
1.175087130904807609e+01 5.866604555562050849e-37
1.185971012337669350e+01 5.855860649299378860e-37
1.196955702359042739e+01 5.845136419072690430e-37
1.208042134677328860e+01 5.834431828847751690e-37
1.219231251649110703e+01 5.823746842656605823e-37
1.230524004359261525e+01 5.813081424597167129e-37
1.241921352701783299e+01 5.802435538832812600e-37
1.253424265461399401e+01 5.791809149592836288e-37
1.265033720395903849e+01 5.781202221171946490e-37
1.276750704319265672e+01 5.770614717930333402e-37
1.288576213185518071e+01 5.760046604293177168e-37
1.300511252173408572e+01 5.749497844751087207e-37
1.312556835771842678e+01 5.738968403859612773e-37
1.324713987866117471e+01 5.738847707623903760e-37
1.336983741824946570e+01 5.750624785181304364e-37
1.349367140588306491e+01 5.762426031276164564e-37
1.361865236756081288e+01 5.774251495506374371e-37
1.374479092677536585e+01 5.786101227571606854e-37
1.387209780541621029e+01 5.797975277273527782e-37
1.400058382468097484e+01 5.809873694516005273e-37
1.413025990599533621e+01 5.821796529305316927e-37
1.426113707194128288e+01 5.833743831750266767e-37
1.439322644719406519e+01 5.845715652062776579e-37
1.452653925946781222e+01 5.857712040557525935e-37
1.466108684046984401e+01 5.869733047652542697e-37
1.479688062686396322e+01 5.871237407049841531e-37
1.493393216124251843e+01 5.871237407049841531e-37
1.507225309310755534e+01 5.871237407049841531e-37
1.521185517986104863e+01 5.871237407049841531e-37
1.535275028780422701e+01 5.871237407049841531e-37
1.549495039314631661e+01 5.871237407049841531e-37
1.563846758302246265e+01 5.871237407049841531e-37
1.578331405652118136e+01 5.871237407049841531e-37
1.592950212572123014e+01 5.871237407049841531e-37
1.607704421673823703e+01 5.888893439049287454e-37
1.622595287078087267e+01 5.907431396902389114e-37
1.637624074521687234e+01 5.926027711369499340e-37
1.652792061464895568e+01 5.944682566154477474e-37
1.668100537200059108e+01 5.963396145539572480e-37
1.683550802961202209e+01 5.982168634386849537e-37
1.699144172034625910e+01 6.001000218140606381e-37
1.714881969870539180e+01 6.019891082828812424e-37
1.730765534195725763e+01 6.038841415065042330e-37
1.746796215127245588e+01 6.057851402050324404e-37
1.762975375287205893e+01 6.076921231574983959e-37
1.779304389918577201e+01 6.096051092020604458e-37
1.795784647002095014e+01 6.113448955067592734e-37
1.812417547374237614e+01 6.127628326724973375e-37
1.829204504846293844e+01 6.141840585641689050e-37
1.846146946324547500e+01 6.156085808095376752e-37
1.863246311931559873e+01 6.170364070540891140e-37
1.880504055128581697e+01 6.184675449610416456e-37
1.897921642839101608e+01 6.199020022113571769e-37
1.915500555573527919e+01 6.213397865038429134e-37
1.933242287555045280e+01 6.234267602860840810e-37
1.951148346846616377e+01 6.258385555226367103e-37
1.969220255479171300e+01 6.282596810552676545e-37
1.987459549580983875e+01 6.306901729792675848e-37
2.005867779508233895e+01 6.331300675295655142e-37
2.024446509976803910e+01 6.355794010812386273e-37
2.043197320195270450e+01 6.380382101501159074e-37
2.062121803999142600e+01 6.405065313932815353e-37
2.081221569986339404e+01 6.433931389199407768e-37
2.100498241653915343e+01 6.462979510186423675e-37
2.119953457536071184e+01 6.492158778567130086e-37
2.139588871343421417e+01 6.521469786450009800e-37
2.159406152103565546e+01 6.550913128616818989e-37
2.179406984302955763e+01 6.580489402534649715e-37
2.199593068030074861e+01 6.610199208367952362e-37
2.219966119119954939e+01 6.639523739901586121e-37
2.240527869300018082e+01 6.667783502325461486e-37
2.261280066337277361e+01 6.696163546595376396e-37
2.282224474186898533e+01 6.724664384666291970e-37
2.303362873142131306e+01 6.753286530671870977e-37
2.324697059985647840e+01 6.782030500934408822e-37
2.346228848142262535e+01 6.810896813973712976e-37
2.367960067833076110e+01 6.839885990516559551e-37
2.389892566231050353e+01 6.874484576396550530e-37
2.412028207618006803e+01 6.912635577883032346e-37
2.434368873543110467e+01 6.950998304175679372e-37
2.456916462982790250e+01 6.989573930273734858e-37
2.479672892502157566e+01 7.028363637696938885e-37
2.502640096417919224e+01 7.067368614522395816e-37
2.525820026962784581e+01 7.106590055420513792e-37
2.549214654451423101e+01 7.146029161691705130e-37
2.572825967447932172e+01 7.187419900867101556e-37
2.596655972934869894e+01 7.229168203747791160e-37
2.620706696483852483e+01 7.271159002658692157e-37
2.644980182427719839e+01 7.313393706143878417e-37
2.669478494034320804e+01 7.355873730928987952e-37
2.694203713681882206e+01 7.398600501968743829e-37
2.719157943036018921e+01 7.441575452494752400e-37
2.744343303228365372e+01 7.484800024063581322e-37
2.769761935036891032e+01 7.528275666605114882e-37
2.795415999067856561e+01 7.572003838471188295e-37
2.821307675939470627e+01 7.615986006484510990e-37
2.847439166467247773e+01 7.660223645987868032e-37
2.873812691851066248e+01 7.704718240893481072e-37
2.900430493863991543e+01 7.749471283733288070e-37
2.927294835042815890e+01 7.794484275708264149e-37
2.954407998880379793e+01 7.840333347642927136e-37
2.981772290019673477e+01 7.886889129959234893e-37
3.009390034449721085e+01 7.933721359815716442e-37
3.037263579703311578e+01 7.980831678753606741e-37
3.065395295056526592e+01 8.028221738061720326e-37
3.093787571730136676e+01 8.075893198834194726e-37
3.122442823092858077e+01 8.123847732028591354e-37
3.151363484866479325e+01 8.172087018524986990e-37
3.180552015332919780e+01 8.226238271914605960e-37
3.210010895543171472e+01 8.281478283525246608e-37
3.239742629528195295e+01 8.337089237331077047e-37
3.269749744511767631e+01 8.393073624246124476e-37
3.300034791125285238e+01 8.449433951910741353e-37
3.330600343624588788e+01 8.506172744804745202e-37
3.361449000108765262e+01 8.563292544359950356e-37
3.392583382740991738e+01 8.621469144509390119e-37
3.424006137971425545e+01 8.682715047284274446e-37
3.455719936762139355e+01 8.744396033748935975e-37
3.487727474814177242e+01 8.806515194686736466e-37
3.520031472796679139e+01 8.869075642837594305e-37
3.552634676578139050e+01 8.932080513053972060e-37
3.585539857459816915e+01 8.995532962457948186e-37
3.618749812411280686e+01 9.059436170599578330e-37
3.652267364308175246e+01 9.122575365936896750e-37
3.686095362172157763e+01 9.185016451072727110e-37
3.720236681413065583e+01 9.247884925290756096e-37
3.754694224073336528e+01 9.311183713931514557e-37
3.789470919074667421e+01 9.374915762358089116e-37
3.824569722466998911e+01 9.439084036094078590e-37
3.859993617679766942e+01 9.503691520960989132e-37
3.895745615775501136e+01 9.568741223217304858e-37
3.931828755705770106e+01 9.636307226992907827e-37
3.968246104569481503e+01 9.704762420143969324e-37
4.005000757873611406e+01 9.773703910935710494e-37
4.042095839796306223e+01 9.843135153969373052e-37
4.079534503452448746e+01 9.913059628387282064e-37
4.117319931161679136e+01 9.983480838047178692e-37
4.155455334718875093e+01 1.005440231169779745e-36
4.193943955667186430e+01 1.012523559532756144e-36
4.232789065573548726e+01 1.019322756363187290e-36
4.271993966306776969e+01 1.026167610479403801e-36
4.311561990318228510e+01 1.033058428474656510e-36
4.351496500925049560e+01 1.039995519001000679e-36
4.391800892596086214e+01 1.046979192783070592e-36
4.432478591240396071e+01 1.054009762632097710e-36
4.473533054498463457e+01 1.061087543459872854e-36
4.514967772036101934e+01 1.068341494399221157e-36
4.556786265841063965e+01 1.075792398073230619e-36
4.598992090522438048e+01 1.083295266372643477e-36
4.641588833612777165e+01 1.090850461712867379e-36
4.684580115873045258e+01 1.098458349036893945e-36
4.727969591600390942e+01 1.106119295832925484e-36
4.771760948938745628e+01 1.113833672152127499e-36
4.815957910192350511e+01 1.121601850626502630e-36
4.860564232142133534e+01 1.129424206486890059e-36
4.905583706365045771e+01 1.137301117581090859e-36
4.951020159556351530e+01 1.145232964392119473e-36
4.996877453854884266e+01 1.153220130056581976e-36
5.043159487171358535e+01 1.161263000383183133e-36
5.089870193519679731e+01 1.169361963871362586e-36
5.137013543351343969e+01 1.177517411730079544e-36
5.184593543892913203e+01 1.185775795355905643e-36
5.232614239486662200e+01 1.194506845301128792e-36
5.281079711934330589e+01 1.203302183312838143e-36
5.329994080844087989e+01 1.212162282753956022e-36
5.379361503980702963e+01 1.221087620472869183e-36
5.429186177618942821e+01 1.230078676829051931e-36
5.479472336900287388e+01 1.239135935718999957e-36
5.530224256192899901e+01 1.248259884602153318e-36
5.581446249454960906e+01 1.257585993024040856e-36
5.633142670601357338e+01 1.267171932981105674e-36
5.685317913873753071e+01 1.276830941694796257e-36
5.737976414214134024e+01 1.286563576131150198e-36
5.791122647641758192e+01 1.296370397501737813e-36
5.844761131633631379e+01 1.306251971295896686e-36
5.898896425508499419e+01 1.316208867313424595e-36
5.953533130814370367e+01 1.326241659697391706e-36
6.008675891719686746e+01 1.335972567147792385e-36
6.064329395408061885e+01 1.345636337957733504e-36
6.120498372476696858e+01 1.355370011749661695e-36
6.177187597338494385e+01 1.365174094167468396e-36
6.234401888627863997e+01 1.375049094512646878e-36
6.292146109610344240e+01 1.384995525770727887e-36
6.350425168595962333e+01 1.395013904637905232e-36
6.409244019356449940e+01 1.405140756264079387e-36
6.468607661546327847e+01 1.416033670038680276e-36
6.528521141127846761e+01 1.427011027716811012e-36
6.588989550799949768e+01 1.438073483923441986e-36
6.650018030431118632e+01 1.449221698358248277e-36
6.711611767496279413e+01 1.460456335835019732e-36
6.773775997517752501e+01 1.471778066321378586e-36
6.836516004510238531e+01 1.483187564978565237e-36
6.899837121430017817e+01 1.494403777945394683e-36
6.963744730628222612e+01 1.505213562489428397e-36
7.028244264308345635e+01 1.516101539717134906e-36
7.093341204987996207e+01 1.527068275236067009e-36
7.159041085964888396e+01 1.538114338745104902e-36
7.225349491787214617e+01 1.549240304064051868e-36
7.292272058728312345e+01 1.560446749163441617e-36
7.359814475265763178e+01 1.571734256194564129e-36
7.427982482564918598e+01 1.583520685043596179e-36
7.496781874966876558e+01 1.595591059786794775e-36
7.566218500481055287e+01 1.607753440872427831e-36
7.636298261282242095e+01 1.620008529618214030e-36
7.707027114212294805e+01 1.632357032687582885e-36
7.778411071286490142e+01 1.644799662130500557e-36
7.850456200204509116e+01 1.657337135424608716e-36
7.923168624866254106e+01 1.669970175516436564e-36
7.996554525892345566e+01 1.682699510863167464e-36
8.070620141149498750e+01 1.695525875474726967e-36
8.145371766280744907e+01 1.708450008955942998e-36
8.220815755240541023e+01 1.721472656549275349e-36
8.296958520834907347e+01 1.734594569177873252e-36
8.373806535266488993e+01 1.747816503488707781e-36
8.451366330684713546e+01 1.761139221896285596e-36
8.529644499741024788e+01 1.775139760247960727e-36
8.608647696149245121e+01 1.790513383745820271e-36
8.688382635251184638e+01 1.806020150731728570e-36
8.768856094587427208e+01 1.821661214296784704e-36
8.850074914473438525e+01 1.837437737518449125e-36
8.932045998580969126e+01 1.853350893547032317e-36
9.014776314524917211e+01 1.869401865692928495e-36
9.098272894455558912e+01 1.885591847514610364e-36
9.182542835656282421e+01 1.901767410088718904e-36
9.267593301146882823e+01 1.917990823499629251e-36
9.353431520292386381e+01 1.934352634035921246e-36
9.440064789417603208e+01 1.950854022322401469e-36
9.527500472427290390e+01 1.967496179055435922e-36
9.615746001432096079e+01 1.984280305088867722e-36
9.704808877380307308e+01 2.001207611520668466e-36
9.794696670695395824e+01 2.018279319780326612e-36
9.885417021919573699e+01 2.035993497049396382e-36
9.976977642363200971e+01 2.053890576837343060e-36
1.006938631476027126e+02 2.071944978083045055e-36
1.016265089392995122e+02 2.090158083695935216e-36
1.025677930744421928e+02 2.108531288741796368e-36
1.035177955630176285e+02 2.127066000549413974e-36
1.044765971560804161e+02 2.145763638818510063e-36
1.054442793526168458e+02 2.164551944179161889e-36
1.064209244064724658e+02 2.183298077512754450e-36
1.074066153333433391e+02 2.202206562004473087e-36
1.084014359178330977e+02 2.221278803698827459e-36
1.094054707205742432e+02 2.240516220817506055e-36
1.104188050854160252e+02 2.259920243864617305e-36
1.114415251466788135e+02 2.279492315733207608e-36
1.124737178364751884e+02 2.299233891812519043e-36
1.135154708920998985e+02 2.319146440096213626e-36
1.145668728634871485e+02 2.339231441291533357e-36
1.156280131207375348e+02 2.359490388929407109e-36
1.166989818617147421e+02 2.379924789475509005e-36
1.177798701197119300e+02 2.400536162442242923e-36
1.188707697711903251e+02 2.421326040501888306e-36
1.199717735435884265e+02 2.442295969600337663e-36
1.210829750232039430e+02 2.463447509072210202e-36
1.222044686631488730e+02 2.485069206879536078e-36
1.233363497913776001e+02 2.506913815881749222e-36
1.244787146187906188e+02 2.528950446474805026e-36
1.256316602474120145e+02 2.551180786594219270e-36
1.267952846786433980e+02 2.573606539013037282e-36
1.279696868215941663e+02 2.596229421472221090e-36
1.291549665014883885e+02 2.619051166812390999e-36
1.303512244681508889e+02 2.641928199073251515e-36
1.315585624045703810e+02 2.664465704526406481e-36
1.327770829355428930e+02 2.687195470750398967e-36
1.340068896363950728e+02 2.710119137864809688e-36
1.352480870417875281e+02 2.733238359980638469e-36
1.365007806546013853e+02 2.756554805319480148e-36
1.377650769549053678e+02 2.780070156334167494e-36
1.390410834090069727e+02 2.803786109829994117e-36
1.403289084785873229e+02 2.828283186359036663e-36
1.416286616299198897e+02 2.853512001028733068e-36
1.429404533431761024e+02 2.878965861440916168e-36
1.442643951218157383e+02 2.904646775045626424e-36
1.456005995020648527e+02 2.930556767199875264e-36
1.469491800624817301e+02 2.956697881327095537e-36
1.483102514336104321e+02 2.983072179078437188e-36
1.496839293077255491e+02 3.009681740495510564e-36
1.510703304486654019e+02 3.036197867844124382e-36
1.524695727017573006e+02 3.062887086435169975e-36
1.538817750038346333e+02 3.089810912393771234e-36
1.553070573933460139e+02 3.116971407998948623e-36
1.567455410205595001e+02 3.144370653657910953e-36
1.581973481578599774e+02 3.172010748065358172e-36
1.596626022101425235e+02 3.199893808364235471e-36
1.611414277253019804e+02 3.228021970307846485e-36
1.626339504048192168e+02 3.256397388423655011e-36
1.641402971144466392e+02 3.285022236178002156e-36
1.656605958949913600e+02 3.313898706142793306e-36
1.671949759731990071e+02 3.343029010163392519e-36
1.687435677727375776e+02 3.372415379528040394e-36
1.703065029252844340e+02 3.402060065138766683e-36
1.718839142817145671e+02 3.431965337683742852e-36
1.734759359233930809e+02 3.462347046730563747e-36
1.750827031735725257e+02 3.493231829550499410e-36
1.767043526088946521e+02 3.524392110406062130e-36
1.783410220710008218e+02 3.555830346791167150e-36
1.799928506782476347e+02 3.587549018121033574e-36
1.816599788375326625e+02 3.619550625927903577e-36
1.833425482562290654e+02 3.651837694057977719e-36
1.850407019542302010e+02 3.684412768870636151e-36
1.867545842761076074e+02 3.716136608699648195e-36
1.884843409033795467e+02 3.747837867315463762e-36
1.902301188668943723e+02 3.779809559960931044e-36
1.919920665593284639e+02 3.812053993628503506e-36
1.937703337477989010e+02 3.844573494990902771e-36
1.955650715865949110e+02 3.877370410569005001e-36
1.973764326300255334e+02 3.910447106901158529e-36
1.992045708453869111e+02 3.944033450857090010e-36
2.010496416260499188e+02 3.979727143800084037e-36
2.029118018046678174e+02 4.015743866385647389e-36
2.047912096665085357e+02 4.052086542047556561e-36
2.066880249629082016e+02 4.088758120677005942e-36
2.086024089248502662e+02 4.125761578861580374e-36
2.105345242766705951e+02 4.163099920127394273e-36
2.124845352498882960e+02 4.200776175182416785e-36
2.144526075971667467e+02 4.238092268693361692e-36
2.164389086064020375e+02 4.274796327915706566e-36
2.184436071149426084e+02 4.311818263172358089e-36
2.204668735239409898e+02 4.349160827433295933e-36
2.225088798128369376e+02 4.386826797510636770e-36
2.245697995539773899e+02 4.424818974265118713e-36
2.266498079273692952e+02 4.463140182814373164e-36
2.287490817355701722e+02 4.501793272743005455e-36
2.308677994187169702e+02 4.541651777944822933e-36
2.330061410696924611e+02 4.582164160705040607e-36
2.351642884494348493e+02 4.623037921491834880e-36
2.373424250023866193e+02 4.664276283864673024e-36
2.395407358720876800e+02 4.705882500138004880e-36
2.417594079169130907e+02 4.747859851637303018e-36
2.439986297259550270e+02 4.790211648958075699e-36
2.462585916350546711e+02 4.832903157560780567e-36
2.485394857429798492e+02 4.875386030685687344e-36
2.508415059277538717e+02 4.918242342807840603e-36
2.531648478631355488e+02 4.961475376583858659e-36
2.555097090352506939e+02 5.005088443526036797e-36
2.578762887593800883e+02 5.049084884255913132e-36
2.602647881969004402e+02 5.093468068760481167e-36
2.626754103723835669e+02 5.138241396649825603e-36
2.651083601908538867e+02 5.183660213658712659e-36
2.675638444552045030e+02 5.229899431666238381e-36
2.700420718837772824e+02 5.276551112141174616e-36
2.725432531281027764e+02 5.323618934325826654e-36
2.750676007908064662e+02 5.371106610281940948e-36
2.776153294436800820e+02 5.419017885183810509e-36
2.801866556459195294e+02 5.467356537613120284e-36
2.827817979625340854e+02 5.516126379857299188e-36
2.854009769829237371e+02 5.565331258210090539e-36
2.880444153396297793e+02 5.614975053274806616e-36
2.907123377272578182e+02 5.665061680270740417e-36
2.934049709215786947e+02 5.715595089341399577e-36
2.961225437988034628e+02 5.766579265866305756e-36
2.988652873550382765e+02 5.818018230775594409e-36
3.016334347259196988e+02 5.869916040866567020e-36
3.044272212064302607e+02 5.922268872816930090e-36
3.072468842709003525e+02 5.974327643483871564e-36
3.100926635931926398e+02 6.026844028565514588e-36
3.129648010670750296e+02 6.079822050649113418e-36
3.158635408267819003e+02 6.133265767681941251e-36
3.187891292677645652e+02 6.187179273282014502e-36
3.217418150676371624e+02 6.241566697051656204e-36
3.247218492073128573e+02 6.296432204893700116e-36
3.277294849923382003e+02 6.352047147055693233e-36
3.307649780744242776e+02 6.408708594897571958e-36
3.338285864731760739e+02 6.465875473445155780e-36
3.369205705980266998e+02 6.523552291234706718e-36
3.400411932703706270e+02 6.581743597019580055e-36
3.431907197459042891e+02 6.640453980128747664e-36
3.463694177371734213e+02 6.699688070829186142e-36
3.495775574363275382e+02 6.759450540690387132e-36
3.528154115380883127e+02 6.819746102953226908e-36
3.560832552629277643e+02 6.880579512901459295e-36
3.593813663804625662e+02 6.941955568237193671e-36
3.627100252330648118e+02 7.003879109458603393e-36
3.660695147596902643e+02 7.066355020242119125e-36
3.694601205199302285e+02 7.129388227827367092e-36
3.728821307182833493e+02 7.192983703406218049e-36
3.763358362286532497e+02 7.257146462514035933e-36
3.798215306190735987e+02 7.323690294997313840e-36
3.833395101766601556e+02 7.390921231828804203e-36
3.868900739327975771e+02 7.458769343702423904e-36
3.904735236885559857e+02 7.527240296239788462e-36
3.940901640403447459e+02 7.596339807072015620e-36
3.977403024058036749e+02 7.666073646318148890e-36
4.014242490499322003e+02 7.736447637066122899e-36
4.051423171114647062e+02 7.807744953515611127e-36
4.088948226294860433e+02 7.880433661458095147e-36
4.126820845702951601e+02 7.953799088260222108e-36
4.165044248545185042e+02 8.027847534053705354e-36
4.203621683844713743e+02 8.102585357622963913e-36
4.242556430717776834e+02 8.178018976951559888e-36
4.281851798652411389e+02 8.254154869773732806e-36
4.321511127789761986e+02 8.330999574129731975e-36
4.361537789208005620e+02 8.409200760766248401e-36
4.401935185208874373e+02 8.488581366200030575e-36
4.442706749606882681e+02 8.568711303311950306e-36
4.483855948021186464e+02 8.649597645592714645e-36
4.525386278170166747e+02 8.731247533304897924e-36
4.567301270168746896e+02 8.813668174112812172e-36
4.609604486828433778e+02 8.896866843719766382e-36
4.652299523960189163e+02 8.980850886509182584e-36
4.695390010680058026e+02 9.064567474954673140e-36
4.738879609717650965e+02 9.148956975602241866e-36
4.782772017727485263e+02 9.234132127395392372e-36
4.827070965603182913e+02 9.320100244605360263e-36
4.871780218794630741e+02 9.406868709598539580e-36
4.916903577628026483e+02 9.494444973469223759e-36
4.962444877628913673e+02 9.582836556680677605e-36
5.008407989848212196e+02 9.671770807437873883e-36
5.054796821191240497e+02 9.760556950217243316e-36
5.101615314749833487e+02 9.850158143239741653e-36
5.148867450137491915e+02 9.940581868606816003e-36
5.196557243827656976e+02 1.003183567710440985e-35
5.244688749495119282e+02 1.012392718883477521e-35
5.293266058360561601e+02 1.021686409385148281e-35
5.342293299538351903e+02 1.031065415280272311e-35
5.391774640387500312e+02 1.040530519757887044e-35
5.441714286865892518e+02 1.050082513196613832e-35
5.492116483887789400e+02 1.059722193230690739e-35
5.542985515684669053e+02 1.069450364816631427e-35
5.594325706169377099e+02 1.079267840300321168e-35
5.646141419303667135e+02 1.089175439484991135e-35
5.698437059469141559e+02 1.099173989699534669e-35
5.751217071841613233e+02 1.109264325867734820e-35
5.804485942768977793e+02 1.119447290577859538e-35
5.858248200152536356e+02 1.129723734153074452e-35
5.912508413831875487e+02 1.140094514722504469e-35
5.967271195973316935e+02 1.150560498292762572e-35
6.022541201461928040e+02 1.161122558820413280e-35
6.078323128297230369e+02 1.171781578284802545e-35
6.134621717992506547e+02 1.182538446761857601e-35
6.191441755977841694e+02 1.193420834654156239e-35
6.248788072006893799e+02 1.204531369004210397e-35
6.306665540567405515e+02 1.215745340440314180e-35
6.365079081295571086e+02 1.227063711943183731e-35
6.424033659394191318e+02 1.238487455458793601e-35
6.483534286054720042e+02 1.250017551981679875e-35
6.543586018883236193e+02 1.261654991639344750e-35
6.604193962330305112e+02 1.273400773777117344e-35
6.665363268124913247e+02 1.285093577889644564e-35
6.727099135712336420e+02 1.296723736747003931e-35
6.789406812696105362e+02 1.308459149102921313e-35
6.852291595284063987e+02 1.320300767506613141e-35
6.915758828738524926e+02 1.332249553127977420e-35
6.979813907830659900e+02 1.344306475835458580e-35
7.044462277299037396e+02 1.356472514274945623e-35
7.109709432312431545e+02 1.368748655949053267e-35
7.175560918936928374e+02 1.381135897297342311e-35
7.242022334607315770e+02 1.393635243777267522e-35
7.309099328602910646e+02 1.406247709945654457e-35
7.376797602527731215e+02 1.418974319541115504e-35
7.445122910795136022e+02 1.431816105567217229e-35
7.514081061116969522e+02 1.444774110376164911e-35
7.583677914997190328e+02 1.457849385753595727e-35
7.653919388230148115e+02 1.471066370839617420e-35
7.724811451403400042e+02 1.484570651641910313e-35
7.796360130405229256e+02 1.498198900746136031e-35
7.868571506936851847e+02 1.511952256172115259e-35
7.941451719029339529e+02 1.525831866386705178e-35
8.015006961565404708e+02 1.539838890399505014e-35
8.089243486805937664e+02 1.553974497859836776e-35
8.164167604921464090e+02 1.568239869154241029e-35
8.239785684528519596e+02 1.582636195505120087e-35
8.316104153230961629e+02 1.597164679070286202e-35
8.393129498166364328e+02 1.611826533043169128e-35
8.470868266557401967e+02 1.626622981754329059e-35
8.549327066268375575e+02 1.641555260773484348e-35
8.628512566366895271e+02 1.656624617012899920e-35
8.708431497690723972e+02 1.671832308831322007e-35
8.789090653419954151e+02 1.687179606139137007e-35
8.870496889654402821e+02 1.702336367308442506e-35
8.952657125996391869e+02 1.717521525896326765e-35
9.035578346138929646e+02 1.732842138937142400e-35
9.119267598459298370e+02 1.748299414709928343e-35
9.203731996618221274e+02 1.763894572271797694e-35
9.288978720164498100e+02 1.779628841554052215e-35
9.375015015145289681e+02 1.795503463459298033e-35
9.461848194722001608e+02 1.810908269989263391e-35
9.549485639791965923e+02 1.818591990297876295e-35
9.637934799615785550e+02 1.826308312786709854e-35
9.727203192450537017e+02 1.834057375787471962e-35
9.817298406188840545e+02 1.841839318218814986e-35
9.908228099003797524e+02 1.849654279588826250e-35
1.000000000000000000e+03 1.857502399997528142e-35
