# DarkSPHERE projection
# https://arxiv.org/pdf/2301.05183
0.06194299320849338	1.7342066310776128e-40
0.06678249526806056	1.223057020871112e-40
0.07406013801507633	6.886710813812072e-41
0.08098054249561082	4.863723062812349e-41
0.09281023678526193	2.741087383048029e-41
0.10244148190123893	1.9933701357397645e-41
0.11740620523013212	1.2258880821439732e-41
0.130200582177535	9.171640643392887e-42
0.15276984642560548	5.516595667104483e-42
0.16941798693517032	4.132433171069405e-42
0.2006633414138137	2.573400255169213e-42
0.22253069011605098	2.0057338896653908e-42
0.2685752886355317	1.2552456478493406e-42
0.29784336245518206	1.0129128345305431e-42
0.36629557828486825	6.7864673160698874e-43
0.40621275041011756	5.64170765078272e-43
0.4613839682733219	4.571478243518323e-43
0.5090552429578359	3.88926247610002e-43
0.5645296929895685	3.3391389434670465e-43
0.6196832313977028	2.9620618881102737e-43
0.7141376995620563	2.4461133407557995e-43
0.7919610727188536	2.217873818602256e-43
0.8619024130351157	2.068003665585591e-43
1.030505766004144	1.7896997771555912e-43
1.1428054454877403	1.6883859516607986e-43
1.2437312956734483	1.6304873270885014e-43
1.501076060773184	1.5346485854454167e-43
1.6646562813467871	1.5007776172465666e-43
1.8116689256470577	1.4878083773385181e-43
2.186527639688411	1.4878083773385181e-43
2.424805154690734	1.489654241404949e-43
2.6389496731108397	1.5200398446924972e-43
3.184983921906523	1.5987431954721779e-43
3.5320685141426345	1.6758720713295562e-43
3.862115735575728	1.7374968576259794e-43
4.639375418208134	1.9763251791735666e-43
5.144952766396164	2.1289578764456476e-43
5.599324710600735	2.2663226128230637e-43
6.694651636586682	2.664597037744849e-43
7.4242033361935675	2.9242693461504223e-43
8.079865274641108	3.1195729075827658e-43
9.591213042671129	3.733229311043221e-43
