# SBC https://pos.sissa.it/390/632/pdf
# https://arxiv.org/pdf/2203.08084
# mass [GeV]    sigma_p_SI [cm^2]
0.6604077739586537	7.521730032516768e-42
0.6747451489475349	5.509839168109307e-42
0.6855435880215852	4.521116496172514e-42
0.6960059658935097	3.356838422453707e-42
0.7207745758018756	2.110331916168747e-42
0.7379122938660078	1.6298617283517056e-42
0.7648050305880348	1.0973983764945e-42
0.7983731519879945	7.388867262689007e-43
0.8364032484883577	4.964100537329096e-43
0.888528086917471	3.2867319697272095e-43
0.9258081422266315	2.579509701955251e-43
0.9583477691767842	2.1191929969674363e-43
1.0075227442983632	1.6153517249454827e-43
1.101843296727708	1.1030833644463764e-43
1.1963978141508247	8.131697421976174e-44
1.2815156425970518	6.556724995158174e-44
1.3512383944309827	5.786624097691797e-44
1.483035513187407	4.594828799090829e-44
1.607833492659035	3.954288601812363e-44
1.7298136025092163	3.485558528986848e-44
1.9889719979661762	2.952164217874828e-44
2.1648152827893967	2.7049811253677094e-44
2.3282575764943627	2.520950032471871e-44
2.5516949803567845	2.3410371412386225e-44
2.7254196379066307	2.2478866331861457e-44
2.9487269488433294	2.1922136566675483e-44
3.190330948636384	2.05448614392551e-44
3.4952481247926093	1.9520366227220399e-44
3.734548405046689	1.8867163140328947e-44
4.057932229198672	1.819159051970313e-44
4.371600318016523	1.7520668435466594e-44
4.750148049944107	1.678338216351035e-44
5.117322703504558	1.6309176228829575e-44
5.512879046393372	1.5675198230354882e-44
5.990252938696082	1.4953535572582453e-44
6.453284621999319	1.428555467218481e-44
7.0120905693484525	1.3743363679676227e-44
7.489488158890383	1.331894996933611e-44
8.208236723213957	1.2711836306259751e-44
8.661016338601396	1.2406878479623257e-44
9.60842553843091	1.1814031398136226e-44
10.13844183382671	1.151685007969362e-44
11.247463303107867	1.1076214045204359e-44
11.910449961348284	1.085102243518885e-44
13.260690499505447	1.0384475327747702e-44
14.042347717964514	1.0187937062225984e-44
15.522743988648859	9.735937513711426e-45
16.437738942303195	9.515241412781476e-45
18.30122030090586	9.077173944263172e-45
19.379993759599127	8.871410822412904e-45
21.57702689339027	8.489978465891672e-45
22.848894208650577	8.343897516044154e-45
25.257709205623932	8.023381357006313e-45
26.746535954355625	7.916780815295538e-45
29.778684799953098	7.716405845483429e-45
31.534002438274324	7.671078326168804e-45
35.10888739733802	7.564339163782506e-45
37.178396165921285	7.564339163782506e-45
41.39316368602353	7.564339163782506e-45
43.833101877118835	7.564339163782506e-45
48.802287026271564	7.667414812574611e-45
51.67895924276122	7.725011403125782e-45
57.53759816621033	7.940768216396154e-45
60.92917712969589	8.099112568434543e-45
67.83647661746099	8.382515884080926e-45
71.83512748898579	8.536066214105515e-45
79.40825250872743	8.962278888696821e-45
84.08900678626539	9.203794839288449e-45
93.62184443258846	9.728189350282628e-45
99.14042512104601	9.993527119590676e-45
109.59217568092555	1.0635488459337373e-44
116.05213455039942	1.098488228703798e-44
128.28678011280644	1.183285782014742e-44
135.84870064113684	1.22449620504853e-44
150.17037347289354	1.317551544570028e-44
159.02223201134288	1.3721497587104207e-44
175.7869442912078	1.484677146875549e-44
186.14878283356794	1.548418300980063e-44
205.77327650329096	1.682351624704843e-44
217.9026725517674	1.7565362294174417e-44
240.87477880470587	1.9109037309199264e-44
255.0732483040469	1.9961198151935326e-44
281.96401423042926	2.1826353457051798e-44
301.448318846923	2.300390280386974e-44
330.06239057264247	2.502951147211391e-44
352.53371893035194	2.6417704989976487e-44
386.3655508234384	2.8794305838635115e-44
415.53592500603315	3.0757235114171806e-44
452.273094805222	3.3204591483792597e-44
487.2326824125552	3.5455938895658073e-44
529.4233708174706	3.8381943159538744e-44
572.8016849823669	4.124400755097933e-44
619.7342021604079	4.440189823651243e-44
673.3985263345386	4.79209706794178e-44
725.4505609270002	5.152988428892671e-44
789.5870142006974	5.571137977961646e-44
849.2003741518217	5.984978024062246e-44
929.8081563031209	6.531889558010102e-44
994.0598495617683	6.945766674409539e-44
1130.7799434455117	7.770925310709475e-44
1207.765774413382	8.349501226890612e-44
1323.672215278545	9.148588508093838e-44
1538.4153722498586	1.0659590908855873e-43
1775.2420270883895	1.2214226358112458e-43
1897.9149735570975	1.306593645924485e-43
2078.0688234455665	1.4254235623073494e-43
2234.9618099654585	1.5319177924038678e-43
2704.446616355953	1.8525460973054917e-43
2888.5709203597944	1.969353144947392e-43
3162.7597956408504	2.1461791703862294e-43
3381.313129318047	2.2964437251288264e-43
3791.687692013885	2.5877374830881312e-43
4053.701262091065	2.7586492733169277e-43
4438.486618041301	3.0199391048699743e-43
4740.667942100262	3.2277801749468952e-43
