# Envelope of best limits as of 2024 
#  Mass [MeV] 	 sigma_e [cm^2]
1.000000000000000056e-01 1.000000000000000000e+00
1.009262190987047642e-01 1.000000000000000000e+00
1.018610170155975769e-01 1.000000000000000000e+00
1.028044732093309210e-01 1.000000000000000000e+00
1.037566678745185655e-01 1.000000000000000000e+00
1.047176819485520216e-01 1.000000000000000000e+00
1.056875971184804280e-01 1.000000000000000000e+00
1.066664958279539277e-01 1.000000000000000000e+00
1.076544612842315340e-01 1.000000000000000000e+00
1.086515774652538069e-01 1.000000000000000000e+00
1.096579291267809897e-01 1.000000000000000000e+00
1.106736018095973717e-01 1.000000000000000000e+00
1.116986818467823189e-01 1.000000000000000000e+00
1.127332563710486818e-01 1.000000000000000000e+00
1.137774133221491069e-01 1.000000000000000000e+00
1.148312414543511129e-01 1.000000000000000000e+00
1.158948303439810978e-01 1.000000000000000000e+00
1.169682703970385262e-01 1.000000000000000000e+00
1.180516528568805179e-01 1.000000000000000000e+00
1.191450698119776025e-01 1.000000000000000000e+00
1.202486142037412220e-01 1.000000000000000000e+00
1.213623798344240778e-01 1.000000000000000000e+00
1.224864613750931419e-01 1.000000000000000000e+00
1.236209543736768862e-01 1.000000000000000000e+00
1.247659552630869806e-01 1.000000000000000000e+00
1.259215613694150970e-01 1.000000000000000000e+00
1.270878709202058476e-01 1.000000000000000000e+00
1.282649830528060642e-01 1.000000000000000000e+00
1.294529978227915712e-01 1.000000000000000000e+00
1.306520162124721329e-01 1.000000000000000000e+00
1.318621401394748371e-01 1.000000000000000000e+00
1.330834724654074985e-01 1.000000000000000000e+00
1.343161170046016095e-01 1.000000000000000000e+00
1.355601785329368647e-01 1.000000000000000000e+00
1.368157627967472034e-01 1.000000000000000000e+00
1.380829765218092309e-01 1.000000000000000000e+00
1.393619274224142390e-01 1.000000000000000000e+00
1.406527242105237163e-01 1.000000000000000000e+00
1.419554766050101224e-01 1.000000000000000000e+00
1.432702953409830948e-01 1.000000000000000000e+00
1.445972921792019472e-01 1.000000000000000000e+00
1.459365799155756538e-01 1.000000000000000000e+00
1.472882723907502633e-01 1.000000000000000000e+00
1.486524844997856865e-01 1.000000000000000000e+00
1.500293322019218278e-01 1.000000000000000000e+00
1.514189325304352018e-01 1.000000000000000000e+00
1.528214036025870026e-01 1.000000000000000000e+00
1.542368646296628232e-01 1.000000000000000000e+00
1.556654359271061605e-01 1.000000000000000000e+00
1.571072389247450407e-01 1.000000000000000000e+00
1.585623961771137069e-01 1.000000000000000000e+00
1.600310313738700918e-01 1.000000000000000000e+00
1.615132693503090466e-01 1.000000000000000000e+00
1.630092360979740751e-01 1.000000000000000000e+00
1.645190587753662392e-01 1.000000000000000000e+00
1.660428657187530133e-01 1.000000000000000000e+00
1.675807864530767799e-01 1.000000000000000000e+00
1.691329517029648011e-01 1.000000000000000000e+00
1.706994934038407463e-01 1.000000000000000000e+00
1.722805447131393886e-01 1.000000000000000000e+00
1.738762400216250781e-01 1.000000000000000000e+00
1.754867149648151048e-01 1.000000000000000000e+00
1.771121064345087814e-01 1.000000000000000000e+00
1.787525525904234969e-01 1.000000000000000000e+00
1.804081928719382666e-01 1.000000000000000000e+00
1.820791680099462795e-01 1.000000000000000000e+00
1.837656200388171346e-01 1.000000000000000000e+00
1.854676923084698503e-01 1.000000000000000000e+00
1.871855294965578675e-01 1.000000000000000000e+00
1.889192776207666291e-01 1.000000000000000000e+00
1.906690840512252350e-01 1.000000000000000000e+00
1.924350975230331162e-01 1.000000000000000000e+00
1.942174681489025334e-01 1.000000000000000000e+00
1.960163474319185639e-01 1.000000000000000000e+00
1.978318882784164401e-01 1.000000000000000000e+00
1.996642450109794020e-01 1.000000000000000000e+00
2.015135733815557606e-01 1.000000000000000000e+00
2.033800305846981127e-01 1.000000000000000000e+00
2.052637752709252084e-01 1.000000000000000000e+00
2.071649675602068863e-01 1.000000000000000000e+00
2.090837690555750472e-01 1.000000000000000000e+00
2.110203428568595552e-01 1.000000000000000000e+00
2.129748535745520088e-01 1.000000000000000000e+00
2.149474673437980488e-01 1.000000000000000000e+00
2.169383518385184229e-01 1.000000000000000000e+00
2.189476762856621128e-01 1.000000000000000000e+00
2.209756114795902171e-01 1.000000000000000000e+00
2.230223297965937546e-01 1.000000000000000000e+00
2.250880052095461659e-01 1.000000000000000000e+00
2.271728133026905128e-01 1.000000000000000000e+00
2.292769312865649278e-01 1.000000000000000000e+00
2.314005380130652878e-01 1.000000000000000000e+00
2.335438139906478860e-01 1.000000000000000000e+00
2.357069413996727703e-01 1.000000000000000000e+00
2.378901041078893275e-01 1.000000000000000000e+00
2.400934876860652545e-01 1.000000000000000000e+00
2.423172794237599403e-01 1.000000000000000000e+00
2.445616683452445927e-01 1.000000000000000000e+00
2.468268452255692469e-01 1.000000000000000000e+00
2.491130026067788494e-01 1.000000000000000000e+00
2.514203348142797223e-01 1.000000000000000000e+00
2.537490379733570167e-01 1.000000000000000000e+00
2.560993100258458499e-01 1.000000000000000000e+00
2.584713507469563742e-01 1.000000000000000000e+00
2.608653617622547771e-01 1.000000000000000000e+00
2.632815465648021269e-01 1.000000000000000000e+00
2.657201105324505375e-01 1.000000000000000000e+00
2.681812609453014806e-01 1.000000000000000000e+00
2.706652070033241375e-01 1.000000000000000000e+00
2.731721598441376186e-01 1.000000000000000000e+00
2.757023325609583853e-01 1.000000000000000000e+00
2.782559402207124277e-01 1.000000000000000000e+00
2.808331998823171971e-01 1.000000000000000000e+00
2.834343306151309028e-01 1.000000000000000000e+00
2.860595535175741722e-01 1.000000000000000000e+00
2.887090917359236286e-01 1.000000000000000000e+00
2.913831704832787195e-01 1.000000000000000000e+00
2.940820170587062909e-01 1.000000000000000000e+00
2.968058608665602449e-01 1.000000000000000000e+00
2.995549334359813298e-01 1.000000000000000000e+00
3.023294684405777866e-01 1.000000000000000000e+00
3.051297017182869054e-01 1.000000000000000000e+00
3.079558712914226004e-01 1.000000000000000000e+00
3.108082173869063936e-01 1.000000000000000000e+00
3.136869824566877463e-01 1.000000000000000000e+00
3.165924111983522415e-01 1.000000000000000000e+00
3.195247505759211681e-01 1.000000000000000000e+00
3.224842498408441172e-01 1.000000000000000000e+00
3.254711605531848129e-01 1.000000000000000000e+00
3.284857366030044523e-01 1.000000000000000000e+00
3.315282342319424980e-01 1.000000000000000000e+00
3.345989120549973106e-01 1.000000000000000000e+00
3.376980310825090648e-01 1.000000000000000000e+00
3.408258547423451690e-01 1.000000000000000000e+00
3.439826489022925204e-01 1.000000000000000000e+00
3.471686818926561502e-01 1.000000000000000000e+00
3.503842245290673674e-01 1.000000000000000000e+00
3.536295501355041782e-01 1.000000000000000000e+00
3.569049345675229801e-01 1.000000000000000000e+00
3.602106562357070829e-01 1.000000000000000000e+00
3.635469961293319452e-01 1.000000000000000000e+00
3.669142378402492910e-01 1.000000000000000000e+00
3.703126675869926054e-01 1.000000000000000000e+00
3.737425742391063954e-01 1.000000000000000000e+00
3.772042493416998266e-01 1.000000000000000000e+00
3.806979871402286220e-01 1.000000000000000000e+00
3.842240846055060000e-01 1.000000000000000000e+00
3.877828414589456485e-01 1.000000000000000000e+00
3.913745601980384015e-01 1.000000000000000000e+00
3.949995461220643933e-01 1.000000000000000000e+00
3.986581073580440782e-01 1.000000000000000000e+00
4.023505548869292237e-01 1.000000000000000000e+00
4.060772025700365440e-01 1.000000000000000000e+00
4.098383671757261371e-01 1.000000000000000000e+00
4.136343684063274462e-01 1.000000000000000000e+00
4.174655289253136892e-01 1.000000000000000000e+00
4.213321743847288081e-01 1.000000000000000000e+00
4.252346334528682159e-01 1.000000000000000000e+00
4.291732378422157268e-01 1.000000000000000000e+00
4.331483223376399461e-01 1.000000000000000000e+00
4.371602248248504519e-01 1.000000000000000000e+00
4.412092863191188763e-01 1.000000000000000000e+00
4.452958509942655518e-01 1.000000000000000000e+00
4.494202662119142211e-01 1.000000000000000000e+00
4.535828825510187512e-01 1.000000000000000000e+00
4.577840538376618529e-01 1.000000000000000000e+00
4.620241371751311887e-01 1.000000000000000000e+00
4.663034929742731483e-01 1.000000000000000000e+00
4.706224849841281754e-01 1.000000000000000000e+00
4.749814803228500915e-01 1.000000000000000000e+00
4.793808495089109112e-01 1.000000000000000000e+00
4.838209664925955944e-01 1.000000000000000000e+00
4.883022086877880086e-01 1.000000000000000000e+00
4.928249570040514893e-01 1.000000000000000000e+00
4.973895958790063854e-01 1.000000000000000000e+00
5.019965133110081412e-01 1.000000000000000000e+00
5.066461008921266940e-01 2.800098793083109634e-29
5.113387538414325695e-01 2.479822154456560471e-29
5.160748710385908433e-01 2.196178910874254192e-29
5.208548550577661862e-01 1.552929299600466768e-30
5.256791122018421580e-01 3.193426027675881918e-31
5.305480525369572486e-01 2.327491761191060797e-31
5.354620899273607737e-01 1.771053089068158577e-31
5.404216420705916235e-01 1.347643457475760082e-31
5.454271305329833064e-01 1.032599605675161414e-31
5.504789807854970629e-01 8.681922352312348014e-32
5.555776222398876030e-01 7.281460332701198286e-32
5.607234882852032420e-01 6.027658215072867761e-32
5.659170163246244334e-01 5.095101394584868385e-32
5.711586478126432498e-01 4.346544008657303956e-32
5.764488282925875895e-01 3.760116948235605383e-32
5.817880074344934371e-01 3.260028310152366335e-32
5.871766390733255125e-01 2.833260278579822012e-32
5.926151812475554115e-01 2.463690493736454724e-32
5.981040962380941295e-01 2.153708158923486779e-32
6.036438506075867405e-01 1.884132036149936937e-32
6.092349152400710066e-01 1.655432441502296705e-32
6.148777653810023613e-01 1.457580993522166404e-32
6.205728806776501516e-01 1.303877695188521958e-32
6.263207452198689129e-01 1.166382555457133852e-32
6.321218475812451221e-01 1.052497183296410369e-32
6.379766808606280870e-01 9.551278770084470307e-33
6.438857427240419762e-01 8.667664635276766699e-33
6.498495354469889795e-01 7.908969972323024333e-33
6.558685659571431570e-01 7.218188858257180483e-33
6.619433458774393042e-01 6.587832069780220946e-33
6.680743915695612767e-01 6.020394754216419538e-33
6.742622241778342129e-01 5.501833169497559960e-33
6.805073696735207678e-01 5.027937446092414351e-33
6.868103588995303488e-01 4.620790799361890718e-33
6.931717276155405782e-01 4.247107869269551569e-33
6.995920165435373095e-01 3.903644643618642485e-33
7.060717714137773049e-01 3.607947422834505295e-33
7.126115430111746862e-01 3.342007351652948586e-33
7.192118872221189285e-01 3.095669595353378244e-33
7.258733650817251748e-01 2.873566498378180373e-33
7.325965428215229780e-01 2.674248841254835525e-33
7.393819919175865785e-01 2.488756348248472582e-33
7.462302891391109361e-01 2.316130071889873155e-33
7.531420165974371805e-01 2.165090445407500254e-33
7.601177617955328092e-01 2.024322110951386780e-33
7.671581176779301847e-01 1.892706153490722714e-33
7.742636826811269968e-01 1.769647510186987888e-33
7.814350607844543495e-01 1.666725115737699167e-33
7.886728615614151394e-01 1.569879825791000249e-33
7.959777002314983863e-01 1.478661744612166496e-33
8.033501977124734017e-01 1.392743902468967251e-33
8.107909806731686819e-01 1.315199364263278066e-33
8.183006815867391870e-01 1.244459228506336295e-33
8.258799387844267814e-01 1.177523965944200057e-33
8.335293965098193869e-01 1.114188925286994826e-33
8.412497049736118448e-01 1.054260462747164639e-33
8.490415204088747059e-01 9.980374098289485930e-34
8.569055051268349432e-01 9.450405774025775622e-34
8.648423275731722537e-01 8.948579323198554165e-34
8.728526623848377186e-01 8.473400382835063555e-34
8.809371904473990433e-01 8.023453942202519529e-34
8.890965989529160396e-01 7.635051387984790170e-34
8.973315814583522343e-01 7.276104406822790352e-34
9.056428379445289334e-01 6.934032614672250704e-34
9.140310748756229620e-01 6.608042657586550757e-34
9.224970052592174063e-01 6.297378479600387772e-34
9.310413487069078009e-01 6.016585452202679822e-34
9.396648314954693104e-01 5.750385948237344847e-34
9.483681866285922357e-01 5.495964250217737280e-34
9.571521538991862865e-01 5.252799257575015393e-34
9.660174799522646127e-01 5.020392925461251865e-34
9.749649183484089265e-01 4.805031498771460018e-34
9.839952296278231536e-01 4.601103713930937666e-34
9.931091813749796104e-01 4.405830719686605974e-34
1.002307548283865479e+00 4.218845202676418939e-34
1.011591112223829692e+00 4.039795438489267597e-34
1.020960662306046540e+00 3.877874179519961166e-34
1.030416994950587917e+00 3.728105916802555126e-34
1.039960913954119714e+00 3.584121888301829427e-34
1.049593230558227619e+00 3.445698699789600882e-34
1.059314763518369951e+00 3.312621584796868483e-34
1.069126339173475992e+00 3.188931064673219661e-34
1.079028791516184249e+00 3.074131808712978498e-34
1.089022962263729966e+00 2.963465244523711798e-34
1.099109700929497224e+00 2.856782598133527477e-34
1.109289864895222744e+00 2.753940451328025483e-34
1.119564319483878245e+00 2.657207870096159811e-34
1.129933938033222285e+00 2.567998242626766564e-34
1.140399601970032428e+00 2.481783622707553154e-34
1.150962200885032205e+00 2.398463459865580836e-34
1.161622632608501959e+00 2.317940579378320736e-34
1.172381803286598467e+00 2.241100058734723607e-34
1.183240627458378658e+00 2.169947957064939479e-34
1.194200028133531877e+00 2.101054844926790489e-34
1.205260936870842681e+00 2.034349002250393034e-34
1.216424293857367944e+00 1.969760985987704434e-34
1.227691047988359152e+00 1.907634889992971266e-34
1.239062156947916327e+00 1.850943633878975968e-34
1.250538587290390691e+00 1.795937133341973790e-34
1.262121314522547388e+00 1.742565320672226598e-34
1.273811323186478495e+00 1.690779616076542857e-34
1.285609606943295846e+00 1.640532883460050142e-34
1.297517168657587483e+00 1.594380389226556124e-34
1.309535020482667012e+00 1.549593453430018723e-34
1.321664183946605231e+00 1.506064604870151192e-34
1.333905690039058678e+00 1.463758503252532563e-34
1.346260579298910409e+00 1.422640801009212243e-34
1.358729901902709924e+00 1.384638514960570747e-34
1.371314717753944867e+00 1.324952768942447787e-34
1.384016096573131627e+00 1.227777439739842248e-34
1.396835117988739716e+00 1.132474949399334463e-34
1.409772871628967028e+00 1.042118875614354134e-34
1.422830457214352640e+00 9.589719856388565297e-35
1.436008984651259812e+00 8.829071635681908318e-35
1.449309574126216527e+00 8.129005922633662370e-35
1.462733356201129986e+00 7.484521967068715189e-35
1.476281471909390186e+00 6.892361452508420100e-35
1.489955072852854556e+00 6.347051501891574865e-35
1.503755321299737657e+00 5.843986089561795218e-35
1.517683390283405265e+00 5.378796961158850691e-35
1.531740463702079724e+00 4.950637511107004691e-35
1.545927736419477672e+00 4.557199315479885503e-35
1.560246414366368795e+00 4.195541303150320972e-35
1.574697714643085833e+00 3.862584365500084002e-35
1.589282865622978047e+00 3.556723765870861591e-35
1.604003107056819921e+00 3.275262156738513078e-35
1.618859690178198418e+00 3.019996478477073549e-35
1.633853877809861244e+00 2.813775327432283417e-35
1.648986944471064975e+00 2.621636034906640716e-35
1.664260176485903520e+00 2.446412889108717749e-35
1.679674872092653093e+00 2.299262987638192352e-35
1.695232341554120614e+00 2.160964042438860343e-35
1.710933907269014398e+00 2.036036562109038101e-35
1.726780903884356011e+00 1.944573309883573824e-35
1.742774678408919087e+00 1.857218788642258521e-35
1.758916590327732621e+00 1.773788425128795737e-35
1.775208011717635204e+00 1.694105937524463823e-35
1.791650327363900397e+00 1.595688418375991699e-35
1.808244934877951682e+00 1.494196929620021635e-35
1.824993244816152327e+00 1.399160662429438852e-35
1.841896680799710806e+00 1.318769261058977219e-35
1.858956679635687337e+00 1.250981184656271469e-35
1.876174691439120412e+00 1.186677586879257162e-35
1.893552179756295306e+00 1.125679356711112392e-35
1.911090621689137903e+00 1.063947976558203965e-35
1.928791508020777812e+00 1.004541902601298688e-35
1.946656343342262341e+00 9.484527968615702491e-36
1.964686646180445528e+00 8.957901575914804622e-36
1.982883949127071332e+00 8.466262131757159393e-36
2.001249798969037208e+00 8.001605496129437720e-36
2.019785756819878486e+00 7.562450762719343587e-36
2.038493398252463340e+00 7.161645226717983896e-36
2.057374313432912771e+00 6.783958590968418448e-36
2.076430107255774704e+00 6.426190170979165046e-36
2.095662399480433091e+00 6.096582661024751349e-36
2.115072824868794665e+00 5.795607447748051158e-36
2.134663033324244452e+00 5.509490735379838412e-36
2.154434690031883370e+00 5.237498991590666425e-36
2.174389475600079891e+00 4.972406675206117925e-36
2.194529086203313550e+00 4.717193781021655843e-36
2.214855233726359174e+00 4.475079900174623066e-36
2.235369645909795366e+00 4.245392714947976781e-36
2.256074066496860375e+00 4.036138207741369922e-36
2.276970255381680186e+00 3.838729016347177218e-36
2.298059988758851091e+00 3.650975190265341737e-36
2.319345059274428689e+00 3.469391675261062496e-36
2.340827276178293115e+00 3.292453462022931020e-36
2.362508465477946462e+00 3.124539058787953349e-36
2.384390470093720626e+00 2.965188253228332126e-36
2.406475150015424003e+00 2.815779597967776848e-36
2.428764382460451898e+00 2.675042238581891522e-36
2.451260062033338460e+00 2.541339167086012845e-36
2.473964100886812734e+00 2.414318798042304773e-36
2.496878428884326873e+00 2.294391149070886465e-36
2.520004993764092038e+00 2.181239957581221155e-36
2.543345761304649510e+00 2.073668979448252389e-36
2.566902715491950371e+00 1.971403018443818272e-36
2.590677858688007706e+00 1.874073779176455852e-36
2.614673211801092023e+00 1.781339386278252921e-36
2.638890814457510281e+00 1.693193749554834774e-36
2.663332725174982318e+00 1.609409804563645431e-36
2.688001021537606228e+00 1.530941648310452289e-36
2.712897800372465973e+00 1.461142589713968963e-36
2.738025177927857712e+00 1.394525826527851089e-36
2.763385290053169907e+00 1.330946270776952664e-36
2.788980292380441206e+00 1.270265449371848025e-36
2.814812360507579658e+00 1.218155186574306995e-36
2.840883690183302779e+00 1.168205009788064961e-36
2.867196497493769591e+00 1.120303028657395334e-36
2.893753019050950392e+00 1.074365257384599129e-36
2.920555512182746671e+00 1.030242434581146061e-36
2.947606255124857189e+00 9.876998175205081801e-37
2.974907547214440395e+00 9.469139464505396759e-37
3.002461709085549213e+00 9.078122786672663063e-37
3.030271082866396348e+00 8.703252670300748335e-37
3.058338032378433269e+00 8.343440234460564773e-37
3.086664943337273037e+00 7.997879601970576203e-37
3.115254223555488089e+00 7.666631069450169190e-37
3.144108303147264749e+00 7.349101872023265275e-37
3.173229634734976212e+00 7.044723795382691525e-37
3.202620693657651785e+00 6.756314834779680430e-37
3.232283978181379247e+00 6.482189951544963650e-37
3.262222009711670090e+00 6.219187174583672379e-37
3.292437333007768974e+00 5.966855245161006318e-37
3.322932516398971803e+00 5.724761213524371998e-37
3.353710152002930656e+00 5.475827952788441254e-37
3.384772855945981096e+00 5.233516447688142608e-37
3.416123268585528283e+00 5.001927497425249792e-37
3.447764054734464345e+00 4.780586616967882929e-37
3.479697903887691623e+00 4.599815277230646688e-37
3.511927530450729584e+00 4.462037401662732675e-37
3.544455673970433818e+00 4.328386375077276260e-37
3.577285099367873311e+00 4.198738586317747325e-37
3.610418597173337130e+00 4.072974126742347559e-37
3.643858983763544224e+00 3.950976679322351224e-37
3.677609101601032382e+00 3.850361337724374543e-37
3.711671819475764966e+00 3.756262215726054458e-37
3.746050032748993175e+00 3.664462785622648469e-37
3.780746663599349411e+00 3.574906845159504682e-37
3.815764661271248581e+00 3.487539565611110534e-37
3.851107002325570683e+00 3.402307458213012665e-37
3.886776690892665531e+00 3.319517299587919816e-37
3.922776758927719598e+00 3.254825021310695937e-37
3.959110266468458761e+00 3.191393495875275493e-37
3.995780301895269560e+00 3.129198153150923352e-37
4.032789982193706990e+00 3.068214901841108876e-37
4.070142453219436796e+00 3.008420120151401352e-37
4.107840889965646447e+00 2.934963942828657669e-37
4.145888496832911052e+00 2.859812751542399713e-37
4.184288507901582577e+00 2.786585843368901501e-37
4.223044187206673961e+00 2.715233946095245340e-37
4.262158829015322503e+00 2.645709049147692953e-37
4.301635758106795215e+00 2.592802513457124026e-37
4.341478330055092094e+00 2.547788640281699354e-37
4.381689931514192615e+00 2.503556256929636096e-37
4.422273980505899260e+00 2.460091795887167100e-37
4.463233926710395316e+00 2.417381925187329266e-37
4.504573251759458330e+00 2.375413544320613499e-37
4.546295469532399380e+00 2.334173780216611639e-37
4.588404126454759258e+00 2.294995581159044323e-37
4.630902801799739343e+00 2.260368627879237227e-37
4.673795107992461340e+00 2.226264126975062372e-37
4.717084690917017653e+00 2.192674195671392299e-37
4.760775230226368393e+00 2.159591070128724912e-37
4.804870439655131165e+00 2.127007103648462903e-37
4.849374067335235239e+00 2.094914764905633282e-37
4.894289896114528915e+00 2.063306636208091080e-37
4.939621743878320537e+00 2.031751816590089404e-37
4.985373463873894018e+00 2.000471665973472023e-37
5.031548945038053944e+00 1.969673093773376054e-37
5.078152112327673606e+00 1.939348685774502874e-37
5.125186927053330344e+00 1.909491141908255978e-37
5.172657387216019309e+00 1.880093274495379178e-37
5.220567527846974976e+00 1.851148006515648617e-37
5.268921421350674095e+00 1.823047218568804112e-37
5.317723177850969485e+00 1.799846499098870545e-37
5.366976945540476329e+00 1.776941039882451072e-37
5.416686911033152363e+00 1.754327083337023822e-37
5.466857299720180308e+00 1.732000919700427462e-37
5.517492376129125908e+00 1.709958886422110626e-37
5.568596444286411540e+00 1.688197367562415946e-37
5.620173848083187984e+00 1.666712793199336947e-37
5.672228971644543094e+00 1.647874905249176803e-37
5.724766239702178794e+00 1.631653883892273097e-37
5.777790117970504014e+00 1.615592535780603671e-37
5.831305113526221717e+00 1.599689289154617434e-37
5.885315775191449994e+00 1.583942587726535818e-37
5.939826693920356782e+00 1.568350890528028785e-37
5.994842503189408589e+00 1.552912671759519130e-37
6.050367879391221670e+00 1.537626420640713130e-37
6.106407542232039631e+00 1.522490641262859921e-37
6.162966255132942273e+00 1.507503852442310932e-37
6.220048825634711953e+00 1.492664587575671277e-37
6.277660105806499580e+00 1.477971394496129050e-37
6.335804992658251145e+00 1.463422835331445697e-37
6.394488428556940107e+00 1.449017486363222840e-37
6.453715401646701544e+00 1.434753937887551849e-37
6.513490946272802340e+00 1.420678324634140043e-37
6.573820143409585093e+00 1.406840222449124156e-37
6.634708121092347533e+00 1.393136910151982636e-37
6.696160054853218746e+00 1.379567074823239016e-37
6.758181168161110364e+00 1.366129416331895621e-37
6.820776732865684977e+00 1.352822647210866442e-37
6.883952069645496330e+00 1.339645492533625497e-37
6.947712548460236448e+00 1.326596689792054590e-37
7.012063589007180298e+00 1.315787488861014260e-37
7.077010661181889262e+00 1.305823443566744755e-37
7.142559285543126357e+00 1.295934852857273027e-37
7.208715033782135073e+00 1.286121145338690297e-37
7.275483529196228538e+00 1.276381753944138082e-37
7.342870447166761849e+00 1.266716115900976200e-37
7.410881515641570161e+00 1.257123672698203440e-37
7.479522515621821022e+00 1.247950672058104428e-37
7.548799281653435500e+00 1.240823885609065865e-37
7.618717702322995500e+00 1.233737798753550973e-37
7.689283720758309570e+00 1.226692179064655150e-37
7.760503335133570602e+00 1.219686795442815731e-37
7.832382599179195992e+00 1.212721418108231151e-37
7.904927622696424017e+00 1.205795818593324999e-37
7.978144572076624641e+00 1.198909769735251215e-37
8.052039670825474005e+00 1.191853864056058302e-37
8.126619200091946382e+00 1.184677294954238529e-37
8.201889499202202671e+00 1.177543938485801416e-37
8.277856966198475774e+00 1.170453534452382083e-37
8.354528058382866718e+00 1.163405824222303459e-37
8.431909292866254901e+00 1.156400550721257517e-37
8.510007247122246099e+00 1.149437458422852044e-37
8.588828559546250574e+00 1.142516293339326959e-37
8.668379930019778357e+00 1.137483579293961092e-37
8.748668120479909049e+00 1.132519693667871618e-37
8.829699955494087149e+00 1.127577470034076962e-37
8.911482322840202031e+00 1.122656813861371220e-37
8.994022174092044963e+00 1.117757631031130440e-37
9.077326525210228425e+00 1.112879827835456928e-37
9.161402457138516198e+00 1.108023310975331282e-37
9.246257116405738330e+00 1.103947457973213779e-37
9.331897715733239451e+00 1.101077338826618941e-37
9.418331534647951031e+00 1.098214681614807273e-37
9.505565920101195942e+00 1.095359466937705308e-37
9.593608287093141840e+00 1.092511675445677573e-37
9.682466119303123619e+00 1.089671287839448285e-37
9.772146969725724830e+00 1.086838284869864142e-37
9.862658461312820535e+00 1.084012647337816857e-37
9.954008287621523010e+00 1.081284682011153834e-37
1.004620421346813153e+01 1.078585790621876538e-37
1.013925407558815373e+01 1.075893635677545194e-37
1.023316578330244830e+01 1.073208200363963015e-37
1.032794731918951392e+01 1.070529467908901674e-37
1.042360673976401131e+01 1.067857421581996275e-37
1.052015217616159148e+01 1.065192044694641576e-37
1.061759183483000157e+01 1.062557191924236756e-37
1.071593399822671167e+01 1.060015418298905470e-37
1.081518702552288147e+01 1.057479724923399913e-37
1.091535935331391016e+01 1.054950097252944635e-37
1.101645949633656940e+01 1.052426520777609520e-37
1.111849604819271065e+01 1.049908981022156522e-37
1.122147768207980256e+01 1.047397463545974722e-37
1.132541315152811556e+01 1.044891953943013302e-37
1.143031129114478617e+01 1.043827746122314604e-37
1.153618101736478430e+01 1.043610380784540827e-37
1.164303132920876749e+01 1.043393060710626677e-37
1.175087130904807609e+01 1.043175785891180101e-37
1.185971012337669350e+01 1.042958556316743477e-37
1.196955702359042739e+01 1.042741371977929139e-37
1.208042134677328860e+01 1.042524232865283016e-37
1.219231251649110703e+01 1.042348886551774521e-37
1.230524004359261525e+01 1.043108943472664089e-37
1.241921352701783299e+01 1.043869554609625359e-37
1.253424265461399401e+01 1.044630720366813973e-37
1.265033720395903849e+01 1.045392441148629465e-37
1.276750704319265672e+01 1.046154717359782911e-37
1.288576213185518071e+01 1.046917549405263521e-37
1.300511252173408572e+01 1.047680937690407131e-37
1.312556835771842678e+01 1.049042759540384674e-37
1.324713987866117471e+01 1.051120317568740192e-37
1.336983741824946570e+01 1.053201990059849578e-37
1.349367140588306491e+01 1.055287785162127170e-37
1.361865236756081288e+01 1.057377711040124542e-37
1.374479092677536585e+01 1.059471775874562867e-37
1.387209780541621029e+01 1.061569987862364869e-37
1.400058382468097484e+01 1.063672355216686137e-37
1.413025990599533621e+01 1.065103447993081345e-37
1.426113707194128288e+01 1.066435193021926503e-37
1.439322644719406519e+01 1.067768603189331946e-37
1.452653925946781222e+01 1.069103680577292430e-37
1.466108684046984401e+01 1.070440427270406360e-37
1.479688062686396322e+01 1.071778845355878086e-37
1.493393216124251843e+01 1.073118936923522080e-37
1.507225309310755534e+01 1.074841020395795537e-37
1.521185517986104863e+01 1.077530541433445783e-37
1.535275028780422701e+01 1.080226792325348533e-37
1.549495039314631661e+01 1.082929789911282274e-37
1.563846758302246265e+01 1.085639551073162881e-37
1.578331405652118136e+01 1.088356092735148440e-37
1.592950212572123014e+01 1.091079431863746368e-37
1.607704421673823703e+01 1.093809585467935774e-37
1.622595287078087267e+01 1.096705687981889020e-37
1.637624074521687234e+01 1.099678915598905012e-37
1.652792061464895568e+01 1.102660203794560874e-37
1.668100537200059108e+01 1.105649574421551473e-37
1.683550802961202209e+01 1.108647049391742929e-37
1.699144172034625910e+01 1.111652650676478312e-37
1.714881969870539180e+01 1.114666400306593090e-37
1.730765534195725763e+01 1.117675494366262209e-37
1.746796215127245588e+01 1.120588879033191167e-37
1.762975375287205893e+01 1.123509857863435617e-37
1.779304389918577201e+01 1.126438450652256499e-37
1.795784647002095014e+01 1.129374677246587230e-37
1.812417547374237614e+01 1.132318557545021799e-37
1.829204504846293844e+01 1.135270111498096457e-37
1.846146946324547500e+01 1.138229359108277392e-37
1.863246311931559873e+01 1.142005629671931710e-37
1.880504055128581697e+01 1.146533438119314559e-37
1.897921642839101608e+01 1.151079198360300551e-37
1.915500555573527919e+01 1.155642981569899367e-37
1.933242287555045280e+01 1.160224859205313486e-37
1.951148346846616377e+01 1.164824903007115241e-37
1.969220255479171300e+01 1.169443185000236787e-37
1.987459549580983875e+01 1.174079777495250526e-37
2.005867779508233895e+01 1.179655372471892816e-37
2.024446509976803910e+01 1.185319463314429250e-37
2.043197320195270450e+01 1.191010750171853538e-37
2.062121803999142600e+01 1.196729363625248852e-37
2.081221569986339404e+01 1.202475434882738568e-37
2.100498241653915343e+01 1.208249095782381207e-37
2.119953457536071184e+01 1.214050478795271885e-37
2.139588871343421417e+01 1.219968812385018515e-37
2.159406152103565546e+01 1.226081785057250400e-37
2.179406984302955763e+01 1.232225388377177688e-37
2.199593068030074861e+01 1.238399775827668426e-37
2.219966119119954939e+01 1.244605101660656572e-37
2.240527869300018082e+01 1.250841520900995995e-37
2.261280066337277361e+01 1.257109189350333065e-37
2.282224474186898533e+01 1.263408263591019535e-37
2.303362873142131306e+01 1.269334813029845847e-37
2.324697059985647840e+01 1.275163904062554507e-37
2.346228848142262535e+01 1.281019763684542338e-37
2.367960067833076110e+01 1.286902514823636440e-37
2.389892566231050353e+01 1.292812280972114653e-37
2.412028207618006803e+01 1.298749186189424884e-37
2.434368873543110467e+01 1.304713355104704189e-37
2.456916462982790250e+01 1.310801913051941324e-37
2.479672892502157566e+01 1.317370028721661330e-37
2.502640096417919224e+01 1.323971055652054096e-37
2.525820026962784581e+01 1.330605158753595523e-37
2.549214654451423101e+01 1.337272503763087649e-37
2.572825967447932172e+01 1.343973257247801433e-37
2.596655972934869894e+01 1.350707586609635412e-37
2.620706696483852483e+01 1.357475660089322381e-37
2.644980182427719839e+01 1.364109692779823408e-37
2.669478494034320804e+01 1.370659437221602606e-37
2.694203713681882206e+01 1.377240630125709001e-37
2.719157943036018921e+01 1.383853422491260510e-37
2.744343303228365372e+01 1.390497966042417183e-37
2.769761935036891032e+01 1.397174413231816128e-37
2.795415999067856561e+01 1.403882917244161365e-37
2.821307675939470627e+01 1.410623631999601952e-37
2.847439166467247773e+01 1.417396712157353371e-37
2.873812691851066248e+01 1.424202313119201564e-37
2.900430493863991543e+01 1.431040591033160655e-37
2.927294835042815890e+01 1.437911702796915805e-37
2.954407998880379793e+01 1.444815806061517472e-37
2.981772290019673477e+01 1.451753059234949343e-37
3.009390034449721085e+01 1.458723621485860395e-37
3.037263579703311578e+01 1.466429849549918306e-37
3.065395295056526592e+01 1.475159609990703170e-37
3.093787571730136676e+01 1.483941339311786557e-37
3.122442823092858077e+01 1.492775346887631437e-37
3.151363484866479325e+01 1.501661943934355524e-37
3.180552015332919780e+01 1.510601443520767702e-37
3.210010895543171472e+01 1.519594160579471277e-37
3.239742629528195295e+01 1.528640411917787231e-37
3.269749744511767631e+01 1.539206051999362288e-37
3.300034791125285238e+01 1.550143622123540581e-37
3.330600343624588788e+01 1.561158914421475948e-37
3.361449000108765262e+01 1.572252481185517065e-37
3.392583382740991738e+01 1.583424878632592144e-37
3.424006137971425545e+01 1.594676666932122413e-37
3.455719936762139355e+01 1.606008410234005125e-37
3.487727474814177242e+01 1.617379390736635648e-37
3.520031472796679139e+01 1.628702853204088298e-37
3.552634676578139050e+01 1.640105592557957670e-37
3.585539857459816915e+01 1.651588163825006349e-37
3.618749812411280686e+01 1.663151125917805288e-37
3.652267364308175246e+01 1.674795041661936708e-37
3.686095362172157763e+01 1.686520477823391400e-37
3.720236681413065583e+01 1.698328005136154786e-37
3.754694224073336528e+01 1.710570111572925347e-37
3.789470919074667421e+01 1.723084204400888622e-37
3.824569722466998911e+01 1.735689847126893107e-37
3.859993617679766942e+01 1.748387709506545437e-37
3.895745615775501136e+01 1.761178466195212332e-37
3.931828755705770106e+01 1.774062796783866758e-37
3.968246104569481503e+01 1.787041385835165651e-37
4.005000757873611406e+01 1.800074365673991627e-37
4.042095839796306223e+01 1.812676897049793222e-37
4.079534503452448746e+01 1.825367660223184206e-37
4.117319931161679136e+01 1.838147272915309337e-37
4.155455334718875093e+01 1.851016357172050889e-37
4.193943955667186430e+01 1.863975539394307737e-37
4.232789065573548726e+01 1.877025450368484502e-37
4.271993966306776969e+01 1.890166725297195561e-37
4.311561990318228510e+01 1.903592513325034363e-37
4.351496500925049560e+01 1.917319047406757477e-37
4.391800892596086214e+01 1.931144561567735147e-37
4.432478591240396071e+01 1.945069769539262318e-37
4.473533054498463457e+01 1.959095390199123822e-37
4.514967772036101934e+01 1.973222147608955447e-37
4.556786265841063965e+01 1.987450771051371152e-37
4.598992090522438048e+01 2.001781995067865786e-37
4.641588833612777165e+01 2.016027801107791954e-37
4.684580115873045258e+01 2.030353657882015389e-37
4.727969591600390942e+01 2.044781313933081412e-37
4.771760948938745628e+01 2.059311492644828136e-37
4.815957910192350511e+01 2.073944922541445386e-37
4.860564232142133534e+01 2.088682337323901142e-37
4.905583706365045771e+01 2.103524475906965180e-37
4.951020159556351530e+01 2.118610005497819068e-37
4.996877453854884266e+01 2.134109213683219182e-37
5.043159487171358535e+01 2.149721810106107478e-37
5.089870193519679731e+01 2.165448624285754413e-37
5.137013543351343969e+01 2.181290491810014551e-37
5.184593543892913203e+01 2.197248254379654363e-37
5.232614239486662200e+01 2.213322759853214582e-37
5.281079711934330589e+01 2.229514862291844165e-37
5.329994080844087989e+01 2.246504739203406397e-37
5.379361503980702963e+01 2.263882350191264463e-37
5.429186177618942821e+01 2.281394383937490259e-37
5.479472336900287388e+01 2.299041880255745769e-37
5.530224256192899901e+01 2.316825887003103159e-37
5.581446249454960906e+01 2.334747460142228738e-37
5.633142670601357338e+01 2.352807663804041751e-37
5.685317913873753071e+01 2.371007570351055561e-37
5.737976414214134024e+01 2.389348260440819895e-37
5.791122647641758192e+01 2.407830823090239674e-37
5.844761131633631379e+01 2.426456355740200794e-37
5.898896425508499419e+01 2.445225964320733802e-37
5.953533130814370367e+01 2.464140763316677455e-37
6.008675891719686746e+01 2.483201875833856797e-37
6.064329395408061885e+01 2.502410433665768637e-37
6.120498372476696858e+01 2.521767577360784875e-37
6.177187597338494385e+01 2.541274456289831083e-37
6.234401888627863997e+01 2.560932228714802600e-37
6.292146109610344240e+01 2.580742061857086698e-37
6.350425168595962333e+01 2.600705131967036095e-37
6.409244019356449940e+01 2.620822624393770288e-37
6.468607661546327847e+01 2.641095733655512701e-37
6.528521141127846761e+01 2.661525663510692907e-37
6.588989550799949768e+01 2.682113627029162860e-37
6.650018030431118632e+01 2.702860846664396209e-37
6.711611767496279413e+01 2.723768554325989122e-37
6.773775997517752501e+01 2.744837991452982581e-37
6.836516004510238531e+01 2.766070409087311622e-37
6.899837121430017817e+01 2.787467067948264386e-37
6.963744730628222612e+01 2.809029238507294892e-37
7.028244264308345635e+01 2.830758201063416297e-37
7.093341204987996207e+01 2.852655245819403511e-37
7.159041085964888396e+01 2.874721672958126934e-37
7.225349491787214617e+01 2.896958792719936515e-37
7.292272058728312345e+01 2.919367925480413313e-37
7.359814475265763178e+01 2.941950401828724516e-37
7.427982482564918598e+01 2.964707562646818713e-37
7.496781874966876558e+01 2.987640759188757309e-37
7.566218500481055287e+01 3.010751353161139685e-37
7.636298261282242095e+01 3.034040716803909646e-37
7.707027114212294805e+01 3.057510232971834238e-37
7.778411071286490142e+01 3.081161295216614832e-37
7.850456200204509116e+01 3.104995307869630914e-37
7.923168624866254106e+01 3.129013686125325749e-37
7.996554525892345566e+01 3.153217856125237683e-37
8.070620141149498750e+01 3.177746281538837040e-37
8.145371766280744907e+01 3.202994405024913515e-37
8.220815755240541023e+01 3.228443132235535160e-37
8.296958520834907347e+01 3.254094057025850876e-37
8.373806535266488993e+01 3.279948785914813488e-37
8.451366330684713546e+01 3.306008938185586325e-37
8.529644499741024788e+01 3.332276145987064845e-37
8.608647696149245121e+01 3.358752054435881032e-37
8.688382635251184638e+01 3.387188854221848287e-37
8.768856094587427208e+01 3.416946333211535011e-37
8.850074914473438525e+01 3.446965240658306127e-37
8.932045998580969126e+01 3.477247873290147630e-37
9.014776314524917211e+01 3.507796548012723960e-37
9.098272894455558912e+01 3.538613602086186396e-37
9.182542835656282421e+01 3.569701393304396968e-37
9.267593301146882823e+01 3.601062300175151724e-37
9.353431520292386381e+01 3.632698722101980519e-37
9.440064789417603208e+01 3.664613079568076240e-37
9.527500472427290390e+01 3.696807814321310261e-37
9.615746001432096079e+01 3.729285389560866175e-37
9.704808877380307308e+01 3.762048290126060178e-37
9.794696670695395824e+01 3.795099022686211354e-37
9.885417021919573699e+01 3.828440115932552025e-37
9.976977642363200971e+01 3.861534217307504742e-37
1.006938631476027126e+02 3.894242249194736465e-37
1.016265089392995122e+02 3.927227325202189375e-37
1.025677930744421928e+02 3.960491791953615345e-37
1.035177955630176285e+02 3.994038015949115116e-37
1.044765971560804161e+02 4.027868383733753825e-37
1.054442793526168458e+02 4.061985302066953320e-37
1.064209244064724658e+02 4.096391198093909090e-37
1.074066153333433391e+02 4.131829365649094697e-37
1.084014359178330977e+02 4.167694731387203729e-37
1.094054707205742432e+02 4.203871417934012870e-37
1.104188050854160252e+02 4.240362127636033706e-37
1.114415251466788135e+02 4.277169586296853790e-37
1.124737178364751884e+02 4.314296543380753703e-37
1.135154708920998985e+02 4.351745772218087304e-37
1.145668728634871485e+02 4.389896523926238474e-37
1.156280131207375348e+02 4.429385462687779123e-37
1.166989818617147421e+02 4.469229620820968566e-37
1.177798701197119300e+02 4.509432193671215321e-37
1.188707697711903251e+02 4.549996405327453499e-37
1.199717735435884265e+02 4.590925508880636737e-37
1.210829750232039430e+02 4.632222786684618410e-37
1.222044686631488730e+02 4.673891550619385542e-37
1.233363497913776001e+02 4.713908389304227826e-37
1.244787146187906188e+02 4.753341223079399340e-37
1.256316602474120145e+02 4.793103920791483359e-37
1.267952846786433980e+02 4.833199241821674722e-37
1.279696868215941663e+02 4.873629968633735606e-37
1.291549665014883885e+02 4.914398906967557153e-37
1.303512244681508889e+02 4.955508886033638172e-37
1.315585624045703810e+02 4.997015577696243531e-37
1.327770829355428930e+02 5.039341382844811074e-37
1.340068896363950728e+02 5.082025696737888328e-37
1.352480870417875281e+02 5.125071556022423009e-37
1.365007806546013853e+02 5.168482023066084252e-37
1.377650769549053678e+02 5.212260186175797874e-37
1.390410834090069727e+02 5.256409159816864637e-37
1.403289084785873229e+02 5.300932084834778840e-37
1.416286616299198897e+02 5.345832128678937050e-37
1.429404533431761024e+02 5.391112485627371682e-37
1.442643951218157383e+02 5.436776377014691886e-37
1.456005995020648527e+02 5.482827051460647529e-37
1.469491800624817301e+02 5.529267785101496237e-37
1.483102514336104321e+02 5.576101881823353292e-37
1.496839293077255491e+02 5.623332673496694999e-37
1.510703304486654019e+02 5.670963520213658430e-37
1.524695727017573006e+02 5.718444899183320948e-37
1.538817750038346333e+02 5.766280891854204719e-37
1.553070573933460139e+02 5.814517042651238878e-37
1.567455410205595001e+02 5.863156698981006953e-37
1.581973481578599774e+02 5.912203236252137171e-37
1.596626022101425235e+02 5.961660058109260415e-37
1.611414277253019804e+02 6.011530596668920964e-37
1.626339504048192168e+02 6.062034186299138292e-37
1.641402971144466392e+02 6.113380929927169880e-37
1.656605958949913600e+02 6.165162591604088376e-37
1.671949759731990071e+02 6.217382855180247727e-37
1.687435677727375776e+02 6.270045435708605479e-37
1.703065029252844340e+02 6.323154079709834309e-37
1.718839142817145671e+02 6.376712565438035765e-37
1.734759359233930809e+02 6.430724703150357911e-37
1.750827031735725257e+02 6.485194335377234390e-37
1.767043526088946521e+02 6.540125337196587533e-37
1.783410220710008218e+02 6.595521616508769818e-37
1.799928506782476347e+02 6.651387114314896398e-37
1.816599788375326625e+02 6.707725804997540522e-37
1.833425482562290654e+02 6.764541696602721071e-37
1.850407019542302010e+02 6.821838831125915944e-37
1.867545842761076074e+02 6.879500235796343495e-37
1.884843409033795467e+02 6.937048700223428005e-37
1.902301188668943723e+02 6.995078569642909136e-37
1.919920665593284639e+02 7.053593871108431765e-37
1.937703337477989010e+02 7.112598665361134599e-37
1.955650715865949110e+02 7.172097047111113182e-37
1.973764326300255334e+02 7.232093145321217393e-37
1.992045708453869111e+02 7.292591123494293470e-37
2.010496416260499188e+02 7.351811337941419754e-37
2.029118018046678174e+02 7.410223628936783413e-37
2.047912096665085357e+02 7.469100022665934329e-37
2.066880249629082016e+02 7.528444206560567452e-37
2.086024089248502662e+02 7.588259897350466926e-37
2.105345242766705951e+02 7.648550841295924688e-37
2.124845352498882960e+02 7.709320814421991598e-37
2.144526075971667467e+02 7.770573622755843163e-37
2.164389086064020375e+02 7.838001176420871508e-37
2.184436071149426084e+02 7.906037088354978868e-37
2.204668735239409898e+02 7.974663569900970378e-37
2.225088798128369376e+02 8.043885747358420941e-37
2.245697995539773899e+02 8.113708791524535646e-37
2.266498079273692952e+02 8.184137918080399348e-37
2.287490817355701722e+02 8.255178387980580570e-37
2.308677994187169702e+02 8.330031377795449897e-37
2.330061410696924611e+02 8.410216366356290206e-37
2.351642884494348493e+02 8.491173216642223936e-37
2.373424250023866193e+02 8.572909358604222667e-37
2.395407358720876800e+02 8.655432293714069545e-37
2.417594079169130907e+02 8.738749595652380697e-37
2.439986297259550270e+02 8.822868911004548066e-37
2.462585916350546711e+02 8.907797959962094581e-37
2.485394857429798492e+02 8.994315261114882923e-37
2.508415059277538717e+02 9.081840299393364102e-37
2.531648478631355488e+02 9.170217057019520893e-37
2.555097090352506939e+02 9.259453822202631520e-37
2.578762887593800883e+02 9.349558963805933492e-37
2.602647881969004402e+02 9.440540932131178607e-37
2.626754103723835669e+02 9.532408259711747477e-37
2.651083601908538867e+02 9.624695616036555552e-37
2.675638444552045030e+02 9.716331242966339251e-37
2.700420718837772824e+02 9.808839322226856907e-37
2.725432531281027764e+02 9.902228160337034431e-37
2.750676007908064662e+02 9.996506142901214987e-37
2.776153294436800820e+02 1.009168173536228728e-36
2.801866556459195294e+02 1.018776348376116169e-36
2.827817979625340854e+02 1.028476001550511825e-36
2.854009769829237371e+02 1.038408549089249692e-36
2.880444153396297793e+02 1.048513459287452656e-36
2.907123377272578182e+02 1.058716701890760841e-36
2.934049709215786947e+02 1.069019233786620761e-36
2.961225437988034628e+02 1.079422021174147460e-36
2.988652873550382765e+02 1.089926039654632841e-36
3.016334347259196988e+02 1.100532274323091700e-36
3.044272212064302607e+02 1.111234380326821067e-36
3.072468842709003525e+02 1.121931136681477226e-36
3.100926635931926398e+02 1.132730860149566697e-36
3.129648010670750296e+02 1.143634541893858656e-36
3.158635408267819003e+02 1.154643182618068078e-36
3.187891292677645652e+02 1.165757792658639648e-36
3.217418150676371624e+02 1.176979392077587082e-36
3.247218492073128573e+02 1.188309010756053752e-36
3.277294849923382003e+02 1.199747688488774541e-36
3.307649780744242776e+02 1.211296475079639207e-36
3.338285864731760739e+02 1.222956430437884856e-36
3.369205705980266998e+02 1.234728624675527563e-36
3.400411932703706270e+02 1.246614138205415590e-36
3.431907197459042891e+02 1.258614061840545647e-36
3.463694177371734213e+02 1.270729496894012598e-36
3.495775574363275382e+02 1.282961555280248275e-36
3.528154115380883127e+02 1.294831048283018031e-36
3.560832552629277643e+02 1.306750706319687974e-36
3.593813663804625662e+02 1.318780091604501581e-36
3.627100252330648118e+02 1.330920214239294931e-36
3.660695147596902643e+02 1.343172093624532217e-36
3.694601205199302285e+02 1.355536758544840554e-36
3.728821307182833493e+02 1.368015247255329763e-36
3.763358362286532497e+02 1.380477541402984534e-36
3.798215306190735987e+02 1.392750474140523430e-36
3.833395101766601556e+02 1.405132517583207980e-36
3.868900739327975771e+02 1.417624641763706500e-36
3.904735236885559857e+02 1.430227825338689890e-36
3.940901640403447459e+02 1.442943055665339354e-36
3.977403024058036749e+02 1.455771328878883812e-36
4.014242490499322003e+02 1.468713649970475236e-36
4.051423171114647062e+02 1.481549663396257029e-36
4.088948226294860433e+02 1.494409904184209206e-36
4.126820845702951601e+02 1.507381775244958880e-36
4.165044248545185042e+02 1.520466245558661175e-36
4.203621683844713743e+02 1.533664292516450605e-36
4.242556430717776834e+02 1.546976901993473208e-36
4.281851798652411389e+02 1.560405068422556122e-36
4.321511127789761986e+02 1.573906889208418531e-36
4.361537789208005620e+02 1.587238221736570465e-36
4.401935185208874373e+02 1.600682473541074893e-36
4.442706749606882681e+02 1.614240601072654257e-36
4.483855948021186464e+02 1.627913568883454125e-36
4.525386278170166747e+02 1.641702349695480669e-36
4.567301270168746896e+02 1.655607924470012362e-36
4.609604486828433778e+02 1.669631282477175389e-36
4.652299523960189163e+02 1.683582535200874130e-36
4.695390010680058026e+02 1.697489287630345841e-36
4.738879609717650965e+02 1.711510912814278907e-36
4.782772017727485263e+02 1.725648359626179313e-36
4.827070965603182913e+02 1.739902584777535784e-36
4.871780218794630741e+02 1.754274552882450914e-36
4.916903577628026483e+02 1.768765236522945491e-36
4.962444877628913673e+02 1.783375616314777668e-36
5.008407989848212196e+02 1.798644814653426470e-36
5.054796821191240497e+02 1.814068615610051306e-36
5.101615314749833487e+02 1.829624679275807046e-36
5.148867450137491915e+02 1.845314139834400963e-36
5.196557243827656976e+02 1.861138141195523304e-36
5.244688749495119282e+02 1.877097837078066825e-36
5.293266058360561601e+02 1.893194391094364982e-36
5.342293299538351903e+02 1.909355138098619523e-36
5.391774640387500312e+02 1.925527790010150015e-36
5.441714286865892518e+02 1.941837427789093065e-36
5.492116483887789400e+02 1.958285211735503672e-36
5.542985515684669053e+02 1.974872311977301924e-36
5.594325706169377099e+02 1.991599908553774509e-36
5.646141419303667135e+02 2.008469191499299069e-36
5.698437059469141559e+02 2.025481360928101249e-36
5.751217071841613233e+02 2.043305502871320395e-36
5.804485942768977793e+02 2.061471210205824912e-36
5.858248200152536356e+02 2.079798417092124003e-36
5.912508413831875487e+02 2.098288559318320790e-36
5.967271195973316935e+02 2.116943085437044287e-36
6.022541201461928040e+02 2.135763456879206606e-36
6.078323128297230369e+02 2.154751148068251623e-36
6.134621717992506547e+02 2.174177080970566584e-36
6.191441755977841694e+02 2.194877172466358587e-36
6.248788072006893799e+02 2.215774347167452899e-36
6.306665540567405515e+02 2.236870481480449962e-36
6.365079081295571086e+02 2.258167469677111462e-36
6.424033659394191318e+02 2.279667224064307062e-36
6.483534286054720042e+02 2.301371675155762593e-36
6.543586018883236193e+02 2.323282771845441965e-36
6.604193962330305112e+02 2.345402481582391750e-36
6.665363268124913247e+02 2.367732790547630094e-36
6.727099135712336420e+02 2.390275703832339946e-36
6.789406812696105362e+02 2.413033245617947577e-36
6.852291595284063987e+02 2.436007459357879602e-36
6.915758828738524926e+02 2.459200407961089373e-36
6.979813907830659900e+02 2.482614173977130232e-36
7.044462277299037396e+02 2.506244244569457188e-36
7.109709432312431545e+02 2.529842462872752983e-36
7.175560918936928374e+02 2.553662876561952168e-36
7.242022334607315770e+02 2.577707577777608755e-36
7.309099328602910646e+02 2.601978678359390246e-36
7.376797602527731215e+02 2.626478310031559488e-36
7.445122910795136022e+02 2.651208624590204846e-36
7.514081061116969522e+02 2.676171794092229058e-36
7.583677914997190328e+02 2.701616909317672503e-36
7.653919388230148115e+02 2.727622708233011199e-36
7.724811451403400042e+02 2.753878839301206076e-36
7.796360130405229256e+02 2.780387712222807144e-36
7.868571506936851847e+02 2.807151759894172450e-36
7.941451719029339529e+02 2.834173438630614197e-36
8.015006961565404708e+02 2.861455228392152480e-36
8.089243486805937664e+02 2.888999633010747058e-36
8.164167604921464090e+02 2.916291470793373958e-36
8.239785684528519596e+02 2.943750599293295798e-36
8.316104153230961629e+02 2.971468276619878694e-36
8.393129498166364328e+02 2.999446937209297862e-36
8.470868266557401967e+02 3.027689038419819053e-36
8.549327066268375575e+02 3.056197060747627651e-36
8.628512566366895271e+02 3.084973508044687720e-36
8.708431497690723972e+02 3.114020907738658429e-36
8.789090653419954151e+02 3.143341811054875174e-36
8.870496889654402821e+02 3.172938793240369362e-36
8.952657125996391869e+02 3.202814453790263602e-36
9.035578346138929646e+02 3.232971416675769233e-36
9.119267598459298370e+02 3.263412330574860614e-36
9.203731996618221274e+02 3.294139869104850426e-36
9.288978720164498100e+02 3.325156731057218107e-36
9.375015015145289681e+02 3.356695538369645284e-36
9.461848194722001608e+02 3.388643048291594618e-36
9.549485639791965923e+02 3.420894620163379826e-36
9.637934799615785550e+02 3.453453147909002074e-36
9.727203192450537017e+02 3.486321552995689748e-36
9.817298406188840545e+02 3.519502784695820042e-36
9.908228099003797524e+02 3.552999820351610196e-36
1.000000000000000000e+03 3.586815665642331826e-36
