# Combination of SENSEI and SENSEI_1e 
#  Mass [MeV] 	 sigma_e [cm^2]
1.000000000000000056e-01 1.000000000000000000e+00
1.009262190987047642e-01 1.000000000000000000e+00
1.018610170155975769e-01 1.000000000000000000e+00
1.028044732093309210e-01 1.000000000000000000e+00
1.037566678745185655e-01 1.000000000000000000e+00
1.047176819485520216e-01 1.000000000000000000e+00
1.056875971184804280e-01 1.000000000000000000e+00
1.066664958279539277e-01 1.000000000000000000e+00
1.076544612842315340e-01 1.000000000000000000e+00
1.086515774652538069e-01 1.000000000000000000e+00
1.096579291267809897e-01 1.000000000000000000e+00
1.106736018095973717e-01 1.000000000000000000e+00
1.116986818467823189e-01 1.000000000000000000e+00
1.127332563710486818e-01 1.000000000000000000e+00
1.137774133221491069e-01 1.000000000000000000e+00
1.148312414543511129e-01 1.000000000000000000e+00
1.158948303439810978e-01 1.000000000000000000e+00
1.169682703970385262e-01 1.000000000000000000e+00
1.180516528568805179e-01 1.000000000000000000e+00
1.191450698119776025e-01 1.000000000000000000e+00
1.202486142037412220e-01 1.000000000000000000e+00
1.213623798344240778e-01 1.000000000000000000e+00
1.224864613750931419e-01 1.000000000000000000e+00
1.236209543736768862e-01 1.000000000000000000e+00
1.247659552630869806e-01 1.000000000000000000e+00
1.259215613694150970e-01 1.000000000000000000e+00
1.270878709202058476e-01 1.000000000000000000e+00
1.282649830528060642e-01 1.000000000000000000e+00
1.294529978227915712e-01 1.000000000000000000e+00
1.306520162124721329e-01 1.000000000000000000e+00
1.318621401394748371e-01 1.000000000000000000e+00
1.330834724654074985e-01 1.000000000000000000e+00
1.343161170046016095e-01 1.000000000000000000e+00
1.355601785329368647e-01 1.000000000000000000e+00
1.368157627967472034e-01 1.000000000000000000e+00
1.380829765218092309e-01 1.000000000000000000e+00
1.393619274224142390e-01 1.000000000000000000e+00
1.406527242105237163e-01 1.000000000000000000e+00
1.419554766050101224e-01 1.000000000000000000e+00
1.432702953409830948e-01 1.000000000000000000e+00
1.445972921792019472e-01 1.000000000000000000e+00
1.459365799155756538e-01 1.000000000000000000e+00
1.472882723907502633e-01 1.000000000000000000e+00
1.486524844997856865e-01 1.000000000000000000e+00
1.500293322019218278e-01 1.000000000000000000e+00
1.514189325304352018e-01 1.000000000000000000e+00
1.528214036025870026e-01 1.000000000000000000e+00
1.542368646296628232e-01 1.000000000000000000e+00
1.556654359271061605e-01 1.000000000000000000e+00
1.571072389247450407e-01 1.000000000000000000e+00
1.585623961771137069e-01 1.000000000000000000e+00
1.600310313738700918e-01 1.000000000000000000e+00
1.615132693503090466e-01 1.000000000000000000e+00
1.630092360979740751e-01 1.000000000000000000e+00
1.645190587753662392e-01 1.000000000000000000e+00
1.660428657187530133e-01 1.000000000000000000e+00
1.675807864530767799e-01 1.000000000000000000e+00
1.691329517029648011e-01 1.000000000000000000e+00
1.706994934038407463e-01 1.000000000000000000e+00
1.722805447131393886e-01 1.000000000000000000e+00
1.738762400216250781e-01 1.000000000000000000e+00
1.754867149648151048e-01 1.000000000000000000e+00
1.771121064345087814e-01 1.000000000000000000e+00
1.787525525904234969e-01 1.000000000000000000e+00
1.804081928719382666e-01 1.000000000000000000e+00
1.820791680099462795e-01 1.000000000000000000e+00
1.837656200388171346e-01 1.000000000000000000e+00
1.854676923084698503e-01 1.000000000000000000e+00
1.871855294965578675e-01 1.000000000000000000e+00
1.889192776207666291e-01 1.000000000000000000e+00
1.906690840512252350e-01 1.000000000000000000e+00
1.924350975230331162e-01 1.000000000000000000e+00
1.942174681489025334e-01 1.000000000000000000e+00
1.960163474319185639e-01 1.000000000000000000e+00
1.978318882784164401e-01 1.000000000000000000e+00
1.996642450109794020e-01 1.000000000000000000e+00
2.015135733815557606e-01 1.000000000000000000e+00
2.033800305846981127e-01 1.000000000000000000e+00
2.052637752709252084e-01 1.000000000000000000e+00
2.071649675602068863e-01 1.000000000000000000e+00
2.090837690555750472e-01 1.000000000000000000e+00
2.110203428568595552e-01 1.000000000000000000e+00
2.129748535745520088e-01 1.000000000000000000e+00
2.149474673437980488e-01 1.000000000000000000e+00
2.169383518385184229e-01 1.000000000000000000e+00
2.189476762856621128e-01 1.000000000000000000e+00
2.209756114795902171e-01 1.000000000000000000e+00
2.230223297965937546e-01 1.000000000000000000e+00
2.250880052095461659e-01 1.000000000000000000e+00
2.271728133026905128e-01 1.000000000000000000e+00
2.292769312865649278e-01 1.000000000000000000e+00
2.314005380130652878e-01 1.000000000000000000e+00
2.335438139906478860e-01 1.000000000000000000e+00
2.357069413996727703e-01 1.000000000000000000e+00
2.378901041078893275e-01 1.000000000000000000e+00
2.400934876860652545e-01 1.000000000000000000e+00
2.423172794237599403e-01 1.000000000000000000e+00
2.445616683452445927e-01 1.000000000000000000e+00
2.468268452255692469e-01 1.000000000000000000e+00
2.491130026067788494e-01 1.000000000000000000e+00
2.514203348142797223e-01 1.000000000000000000e+00
2.537490379733570167e-01 1.000000000000000000e+00
2.560993100258458499e-01 1.000000000000000000e+00
2.584713507469563742e-01 1.000000000000000000e+00
2.608653617622547771e-01 1.000000000000000000e+00
2.632815465648021269e-01 1.000000000000000000e+00
2.657201105324505375e-01 1.000000000000000000e+00
2.681812609453014806e-01 1.000000000000000000e+00
2.706652070033241375e-01 1.000000000000000000e+00
2.731721598441376186e-01 1.000000000000000000e+00
2.757023325609583853e-01 1.000000000000000000e+00
2.782559402207124277e-01 1.000000000000000000e+00
2.808331998823171971e-01 1.000000000000000000e+00
2.834343306151309028e-01 1.000000000000000000e+00
2.860595535175741722e-01 1.000000000000000000e+00
2.887090917359236286e-01 1.000000000000000000e+00
2.913831704832787195e-01 1.000000000000000000e+00
2.940820170587062909e-01 1.000000000000000000e+00
2.968058608665602449e-01 1.000000000000000000e+00
2.995549334359813298e-01 1.000000000000000000e+00
3.023294684405777866e-01 1.000000000000000000e+00
3.051297017182869054e-01 1.000000000000000000e+00
3.079558712914226004e-01 1.000000000000000000e+00
3.108082173869063936e-01 1.000000000000000000e+00
3.136869824566877463e-01 1.000000000000000000e+00
3.165924111983522415e-01 1.000000000000000000e+00
3.195247505759211681e-01 1.000000000000000000e+00
3.224842498408441172e-01 1.000000000000000000e+00
3.254711605531848129e-01 1.000000000000000000e+00
3.284857366030044523e-01 1.000000000000000000e+00
3.315282342319424980e-01 1.000000000000000000e+00
3.345989120549973106e-01 1.000000000000000000e+00
3.376980310825090648e-01 1.000000000000000000e+00
3.408258547423451690e-01 1.000000000000000000e+00
3.439826489022925204e-01 1.000000000000000000e+00
3.471686818926561502e-01 1.000000000000000000e+00
3.503842245290673674e-01 1.000000000000000000e+00
3.536295501355041782e-01 1.000000000000000000e+00
3.569049345675229801e-01 1.000000000000000000e+00
3.602106562357070829e-01 1.000000000000000000e+00
3.635469961293319452e-01 1.000000000000000000e+00
3.669142378402492910e-01 1.000000000000000000e+00
3.703126675869926054e-01 1.000000000000000000e+00
3.737425742391063954e-01 1.000000000000000000e+00
3.772042493416998266e-01 1.000000000000000000e+00
3.806979871402286220e-01 1.000000000000000000e+00
3.842240846055060000e-01 1.000000000000000000e+00
3.877828414589456485e-01 1.000000000000000000e+00
3.913745601980384015e-01 1.000000000000000000e+00
3.949995461220643933e-01 1.000000000000000000e+00
3.986581073580440782e-01 1.000000000000000000e+00
4.023505548869292237e-01 1.000000000000000000e+00
4.060772025700365440e-01 1.000000000000000000e+00
4.098383671757261371e-01 1.000000000000000000e+00
4.136343684063274462e-01 1.000000000000000000e+00
4.174655289253136892e-01 1.000000000000000000e+00
4.213321743847288081e-01 1.000000000000000000e+00
4.252346334528682159e-01 1.000000000000000000e+00
4.291732378422157268e-01 1.000000000000000000e+00
4.331483223376399461e-01 1.000000000000000000e+00
4.371602248248504519e-01 1.000000000000000000e+00
4.412092863191188763e-01 1.000000000000000000e+00
4.452958509942655518e-01 1.000000000000000000e+00
4.494202662119142211e-01 1.000000000000000000e+00
4.535828825510187512e-01 1.000000000000000000e+00
4.577840538376618529e-01 1.000000000000000000e+00
4.620241371751311887e-01 1.000000000000000000e+00
4.663034929742731483e-01 1.000000000000000000e+00
4.706224849841281754e-01 1.000000000000000000e+00
4.749814803228500915e-01 1.000000000000000000e+00
4.793808495089109112e-01 1.000000000000000000e+00
4.838209664925955944e-01 1.000000000000000000e+00
4.883022086877880086e-01 1.000000000000000000e+00
4.928249570040514893e-01 1.000000000000000000e+00
4.973895958790063854e-01 1.000000000000000000e+00
5.019965133110081412e-01 1.000000000000000000e+00
5.066461008921266940e-01 1.000000000000000000e+00
5.113387538414325695e-01 1.000000000000000000e+00
5.160748710385908433e-01 1.000000000000000000e+00
5.208548550577661862e-01 1.552929299600466768e-30
5.256791122018421580e-01 3.193426027675881918e-31
5.305480525369572486e-01 2.327491761191060797e-31
5.354620899273607737e-01 1.771053089068158577e-31
5.404216420705916235e-01 1.347643457475760082e-31
5.454271305329833064e-01 1.032599605675161414e-31
5.504789807854970629e-01 8.681922352312348014e-32
5.555776222398876030e-01 7.281460332701198286e-32
5.607234882852032420e-01 6.027658215072867761e-32
5.659170163246244334e-01 5.095101394584868385e-32
5.711586478126432498e-01 4.346544008657303956e-32
5.764488282925875895e-01 3.760116948235605383e-32
5.817880074344934371e-01 3.260028310152366335e-32
5.871766390733255125e-01 2.833260278579822012e-32
5.926151812475554115e-01 2.463690493736454724e-32
5.981040962380941295e-01 2.153708158923486779e-32
6.036438506075867405e-01 1.884132036149936937e-32
6.092349152400710066e-01 1.655432441502296705e-32
6.148777653810023613e-01 1.457580993522166404e-32
6.205728806776501516e-01 1.303877695188521958e-32
6.263207452198689129e-01 1.166382555457133852e-32
6.321218475812451221e-01 1.052497183296410369e-32
6.379766808606280870e-01 9.551278770084470307e-33
6.438857427240419762e-01 8.667664635276766699e-33
6.498495354469889795e-01 7.908969972323024333e-33
6.558685659571431570e-01 7.218188858257180483e-33
6.619433458774393042e-01 6.587832069780220946e-33
6.680743915695612767e-01 6.020394754216419538e-33
6.742622241778342129e-01 5.501833169497559960e-33
6.805073696735207678e-01 5.027937446092414351e-33
6.868103588995303488e-01 4.620790799361890718e-33
6.931717276155405782e-01 4.247107869269551569e-33
6.995920165435373095e-01 3.903644643618642485e-33
7.060717714137773049e-01 3.607947422834505295e-33
7.126115430111746862e-01 3.342007351652948586e-33
7.192118872221189285e-01 3.095669595353378244e-33
7.258733650817251748e-01 2.873566498378180373e-33
7.325965428215229780e-01 2.674248841254835525e-33
7.393819919175865785e-01 2.488756348248472582e-33
7.462302891391109361e-01 2.316130071889873155e-33
7.531420165974371805e-01 2.165090445407500254e-33
7.601177617955328092e-01 2.024322110951386780e-33
7.671581176779301847e-01 1.892706153490722714e-33
7.742636826811269968e-01 1.769647510186987888e-33
7.814350607844543495e-01 1.666725115737699167e-33
7.886728615614151394e-01 1.569879825791000249e-33
7.959777002314983863e-01 1.478661744612166496e-33
8.033501977124734017e-01 1.392743902468967251e-33
8.107909806731686819e-01 1.315199364263278066e-33
8.183006815867391870e-01 1.244459228506336295e-33
8.258799387844267814e-01 1.177523965944200057e-33
8.335293965098193869e-01 1.114188925286994826e-33
8.412497049736118448e-01 1.054260462747164639e-33
8.490415204088747059e-01 9.980374098289485930e-34
8.569055051268349432e-01 9.450405774025775622e-34
8.648423275731722537e-01 8.948579323198554165e-34
8.728526623848377186e-01 8.473400382835063555e-34
8.809371904473990433e-01 8.023453942202519529e-34
8.890965989529160396e-01 7.635051387984790170e-34
8.973315814583522343e-01 7.276104406822790352e-34
9.056428379445289334e-01 6.934032614672250704e-34
9.140310748756229620e-01 6.608042657586550757e-34
9.224970052592174063e-01 6.297378479600387772e-34
9.310413487069078009e-01 6.016585452202679822e-34
9.396648314954693104e-01 5.750385948237344847e-34
9.483681866285922357e-01 5.495964250217737280e-34
9.571521538991862865e-01 5.252799257575015393e-34
9.660174799522646127e-01 5.020392925461251865e-34
9.749649183484089265e-01 4.805031498771460018e-34
9.839952296278231536e-01 4.601103713930937666e-34
9.931091813749796104e-01 4.405830719686605974e-34
1.002307548283865479e+00 4.218845202676418939e-34
1.011591112223829692e+00 4.039795438489267597e-34
1.020960662306046540e+00 3.877874179519961166e-34
1.030416994950587917e+00 3.728105916802555126e-34
1.039960913954119714e+00 3.584121888301829427e-34
1.049593230558227619e+00 3.445698699789600882e-34
1.059314763518369951e+00 3.312621584796868483e-34
1.069126339173475992e+00 3.188931064673219661e-34
1.079028791516184249e+00 3.074131808712978498e-34
1.089022962263729966e+00 2.963465244523711798e-34
1.099109700929497224e+00 2.856782598133527477e-34
1.109289864895222744e+00 2.753940451328025483e-34
1.119564319483878245e+00 2.657207870096159811e-34
1.129933938033222285e+00 2.567998242626766564e-34
1.140399601970032428e+00 2.481783622707553154e-34
1.150962200885032205e+00 2.398463459865580836e-34
1.161622632608501959e+00 2.317940579378320736e-34
1.172381803286598467e+00 2.241100058734723607e-34
1.183240627458378658e+00 2.169947957064939479e-34
1.194200028133531877e+00 2.101054844926790489e-34
1.205260936870842681e+00 2.034349002250393034e-34
1.216424293857367944e+00 1.969760985987704434e-34
1.227691047988359152e+00 1.907634889992971266e-34
1.239062156947916327e+00 1.850943633878975968e-34
1.250538587290390691e+00 1.795937133341973790e-34
1.262121314522547388e+00 1.742565320672226598e-34
1.273811323186478495e+00 1.690779616076542857e-34
1.285609606943295846e+00 1.640532883460050142e-34
1.297517168657587483e+00 1.594380389226556124e-34
1.309535020482667012e+00 1.549593453430018723e-34
1.321664183946605231e+00 1.506064604870151192e-34
1.333905690039058678e+00 1.463758503252532563e-34
1.346260579298910409e+00 1.422640801009212243e-34
1.358729901902709924e+00 1.384638514960570747e-34
1.371314717753944867e+00 1.348000735507017301e-34
1.384016096573131627e+00 1.312332398163288290e-34
1.396835117988739716e+00 1.277607851320079395e-34
1.409772871628967028e+00 1.243802122114196184e-34
1.422830457214352640e+00 1.212528013894700656e-34
1.436008984651259812e+00 1.182672181562113013e-34
1.449309574126216527e+00 1.153551483357609308e-34
1.462733356201129986e+00 1.125147818222045843e-34
1.476281471909390186e+00 1.097443530795057524e-34
1.489955072852854556e+00 1.071212542923835658e-34
1.503755321299737657e+00 1.046150504741818839e-34
1.517683390283405265e+00 1.021674816824245847e-34
1.531740463702079724e+00 9.977717609479902006e-35
1.545927736419477672e+00 9.744279398407613286e-35
1.560246414366368795e+00 9.522710058491694844e-35
1.574697714643085833e+00 9.313565795210455407e-35
1.589282865622978047e+00 9.109014901106140584e-35
1.604003107056819921e+00 8.908956493467147532e-35
1.618859690178198418e+00 8.713291905236902734e-35
1.633853877809861244e+00 8.526051916687742506e-35
1.648986944471064975e+00 8.351035007242387130e-35
1.664260176485903520e+00 8.179610724125269448e-35
1.679674872092653093e+00 8.011705320382591807e-35
1.695232341554120614e+00 7.847246562887130998e-35
1.710933907269014398e+00 7.688758238897374751e-35
1.726780903884356011e+00 7.543561393842330817e-35
1.742774678408919087e+00 7.401106490094057804e-35
1.758916590327732621e+00 7.261341748000647861e-35
1.775208011717635204e+00 7.124216365732383894e-35
1.791650327363900397e+00 6.990318189645053661e-35
1.808244934877951682e+00 6.866937392055137844e-35
1.824993244816152327e+00 6.745734295222427040e-35
1.841896680799710806e+00 6.626670462204483854e-35
1.858956679635687337e+00 6.509708134480587752e-35
1.876174691439120412e+00 6.394810219976561391e-35
1.893552179756295306e+00 6.289307816283446842e-35
1.911090621689137903e+00 6.185977905187548199e-35
1.928791508020777812e+00 6.084345648402581182e-35
1.946656343342262341e+00 5.984383154390474154e-35
1.964686646180445528e+00 5.886062989855679010e-35
1.982883949127071332e+00 5.789358172217089894e-35
2.001249798969037208e+00 5.696884322543323366e-35
2.019785756819878486e+00 5.611291330477229701e-35
2.038493398252463340e+00 5.526984332627629401e-35
2.057374313432912771e+00 5.443944007539752958e-35
2.076430107255774704e+00 5.362151324054548881e-35
2.095662399480433091e+00 5.281587536947126181e-35
2.115072824868794665e+00 5.202234182630645398e-35
2.134663033324244452e+00 5.124073074925183451e-35
2.154434690031883370e+00 5.047317849574260335e-35
2.174389475600079891e+00 4.981137177483544608e-35
2.194529086203313550e+00 4.915824269518115517e-35
2.214855233726359174e+00 4.851367747513343492e-35
2.235369645909795366e+00 4.787756382495636278e-35
2.256074066496860375e+00 4.724979092726474443e-35
2.276970255381680186e+00 4.670023836425411995e-35
2.298059988758851091e+00 4.616521228445709524e-35
2.319345059274428689e+00 4.563631578592249055e-35
2.340827276178293115e+00 4.511347864447344065e-35
2.362508465477946462e+00 4.459663144046283564e-35
2.384390470093720626e+00 4.408570554955759614e-35
2.406475150015424003e+00 4.358063313362420352e-35
2.428764382460451898e+00 4.308134713172586085e-35
2.451260062033338460e+00 4.258778125121554185e-35
2.473964100886812734e+00 4.209986995893476922e-35
2.496878428884326873e+00 4.166758579112827776e-35
2.520004993764092038e+00 4.126795581885710102e-35
2.543345761304649510e+00 4.087215866079228923e-35
2.566902715491950371e+00 4.048015755676562444e-35
2.590677858688007706e+00 4.009191609917228203e-35
2.614673211801092023e+00 3.973278581599193535e-35
2.638890814457510281e+00 3.940120954714036041e-35
2.663332725174982318e+00 3.907240033375275691e-35
2.688001021537606228e+00 3.874633508432085789e-35
2.712897800372465973e+00 3.842299090003864263e-35
2.738025177927857712e+00 3.810234507319605855e-35
2.763385290053169907e+00 3.778437508557992212e-35
2.788980292380441206e+00 3.746905860689752223e-35
2.814812360507579658e+00 3.715637349320404560e-35
2.840883690183302779e+00 3.684629778534936909e-35
2.867196497493769591e+00 3.655801991964492397e-35
2.893753019050950392e+00 3.632896863631326719e-35
2.920555512182746671e+00 3.610135245506016126e-35
2.947606255124857189e+00 3.587516238437151765e-35
2.974907547214440395e+00 3.565038948906825353e-35
3.002461709085549213e+00 3.542016469315628456e-35
3.030271082866396348e+00 3.514245371286858022e-35
3.058338032378433269e+00 3.486692011908488458e-35
3.086664943337273037e+00 3.459354684005620192e-35
3.115254223555488089e+00 3.432231693788590855e-35
3.144108303147264749e+00 3.405321360747685464e-35
3.173229634734976212e+00 3.390158799536130260e-35
3.202620693657651785e+00 3.375141432270815497e-35
3.232283978181379247e+00 3.360190587352362668e-35
3.262222009711670090e+00 3.345305970107108999e-35
3.292437333007768974e+00 3.330487287166704248e-35
3.322932516398971803e+00 3.315734246462331122e-35
3.353710152002930656e+00 3.301046557218948140e-35
3.384772855945981096e+00 3.287214876379732357e-35
3.416123268585528283e+00 3.275946376324344653e-35
3.447764054734464345e+00 3.264716504438478158e-35
3.479697903887691623e+00 3.253525128305620256e-35
3.511927530450729584e+00 3.242372115963232760e-35
3.544455673970433818e+00 3.231257335900982012e-35
3.577285099367873311e+00 3.220180657059508338e-35
3.610418597173337130e+00 3.209141948828667906e-35
3.643858983763544224e+00 3.200740770908467413e-35
3.677609101601032382e+00 3.194042101554788122e-35
3.711671819475764966e+00 3.187357451509186237e-35
3.746050032748993175e+00 3.180686791431461455e-35
3.780746663599349411e+00 3.174030092042609096e-35
3.815764661271248581e+00 3.166752851632504849e-35
3.851107002325570683e+00 3.126701825262388240e-35
3.886776690892665531e+00 3.044095635551955357e-35
3.922776758927719598e+00 2.963671867754396684e-35
3.959110266468458761e+00 2.885372863170981334e-35
3.995780301895269560e+00 2.809142486422287268e-35
4.032789982193706990e+00 2.734926085202908763e-35
4.070142453219436796e+00 2.662670451098968442e-35
4.107840889965646447e+00 2.592323781441273260e-35
4.145888496832911052e+00 2.523835642166069091e-35
4.184288507901582577e+00 2.457156931657000391e-35
4.223044187206673961e+00 2.392239845542551444e-35
4.262158829015322503e+00 2.329037842423126745e-35
4.301635758106795215e+00 2.269107813973531199e-35
4.341478330055092094e+00 2.221618858175298508e-35
4.381689931514192615e+00 2.175123773584471023e-35
4.422273980505899260e+00 2.129601759996903135e-35
4.463233926710395316e+00 2.085032452524802923e-35
4.504573251759458330e+00 2.041395912486467705e-35
4.546295469532399380e+00 1.998672618486170500e-35
4.588404126454759258e+00 1.956843457681237835e-35
4.630902801799739343e+00 1.915889717231557381e-35
4.673795107992461340e+00 1.875793075928042950e-35
4.717084690917017653e+00 1.836535595996616216e-35
4.760775230226368393e+00 1.798099715073250982e-35
4.804870439655131165e+00 1.760468238347427556e-35
4.849374067335235239e+00 1.723624330869708774e-35
4.894289896114528915e+00 1.687551510020313485e-35
4.939621743878320537e+00 1.652075990145191973e-35
4.985373463873894018e+00 1.617340597334644727e-35
5.031548945038053944e+00 1.583335526567937857e-35
5.078152112327673606e+00 1.550045422605201559e-35
5.125186927053330344e+00 1.517455253055161159e-35
5.172657387216019309e+00 1.485550301586998170e-35
5.220567527846974976e+00 1.454316161285185297e-35
5.268921421350674095e+00 1.423738728143911378e-35
5.317723177850969485e+00 1.393804194698292281e-35
5.366976945540476329e+00 1.364499043789598769e-35
5.416686911033152363e+00 1.335810042461347194e-35
5.466857299720180308e+00 1.307724235983952055e-35
5.517492376129125908e+00 1.280228942004899862e-35
5.568596444286411540e+00 1.253311744821919631e-35
5.620173848083187984e+00 1.231203627967047311e-35
5.672228971644543094e+00 1.211228633156455747e-35
5.724766239702178794e+00 1.191577711804223091e-35
5.777790117970504014e+00 1.172245606156510774e-35
5.831305113526221717e+00 1.153227143760994071e-35
5.885315775191449994e+00 1.134517236082994339e-35
5.939826693920356782e+00 1.116110877144056195e-35
5.994842503189408589e+00 1.098003142182448452e-35
6.050367879391221670e+00 1.080189186335563684e-35
6.106407542232039631e+00 1.062664243343690548e-35
6.162966255132942273e+00 1.045423624274657601e-35
6.220048825634711953e+00 1.028462716269345122e-35
6.277660105806499580e+00 1.013838787927468218e-35
6.335804992658251145e+00 1.000372772010564684e-35
6.394488428556940107e+00 9.870856144948524038e-36
6.453715401646701544e+00 9.739749397461515255e-36
6.513490946272802340e+00 9.610384036839456889e-36
6.573820143409585093e+00 9.482736933622792908e-36
6.634708121092347533e+00 9.356785265562219834e-36
6.696160054853218746e+00 9.232506513538412059e-36
6.758181168161110364e+00 9.109878457535175735e-36
6.820776732865684977e+00 8.988879172667608157e-36
6.883952069645496330e+00 8.869487025261502068e-36
6.947712548460236448e+00 8.751680668985571808e-36
7.012063589007180298e+00 8.659074936820054328e-36
7.077010661181889262e+00 8.579630551453991500e-36
7.142559285543126357e+00 8.500915044220089923e-36
7.208715033782135073e+00 8.422921727882630195e-36
7.275483529196228538e+00 8.345643976559249597e-36
7.342870447166761849e+00 8.269075225157914854e-36
7.410881515641570161e+00 8.193208968819722858e-36
7.479522515621821022e+00 8.118038762365471323e-36
7.548799281653435500e+00 8.043558219748660115e-36
7.618717702322995500e+00 7.969761013512822464e-36
7.689283720758309570e+00 7.896640874253991881e-36
7.760503335133570602e+00 7.824191590088076287e-36
7.832382599179195992e+00 7.769657756293088046e-36
7.904927622696424017e+00 7.725404208043998767e-36
7.978144572076624641e+00 7.681402714208896350e-36
8.052039670825474005e+00 7.637651839164421211e-36
8.126619200091946382e+00 7.594150155464075005e-36
8.201889499202202671e+00 7.550896243791651716e-36
8.277856966198475774e+00 7.507888692914929331e-36
8.354528058382866718e+00 7.465126099639622116e-36
8.431909292866254901e+00 7.422607068763602838e-36
8.510007247122246099e+00 7.380330213031378898e-36
8.588828559546250574e+00 7.338294153088834410e-36
8.668379930019778357e+00 7.296497517438223513e-36
8.748668120479909049e+00 7.267020047116650837e-36
8.829699955494087149e+00 7.245354519111329260e-36
8.911482322840202031e+00 7.223753583621448566e-36
8.994022174092044963e+00 7.202217048073895778e-36
9.077326525210228425e+00 7.180744720470160904e-36
9.161402457138516198e+00 7.159336409383789790e-36
9.246257116405738330e+00 7.137991923959042398e-36
9.331897715733239451e+00 7.116711073909535035e-36
9.418331534647951031e+00 7.095493669515727958e-36
9.505565920101195942e+00 7.074339521624167642e-36
9.593608287093141840e+00 7.053248441644868813e-36
9.682466119303123619e+00 7.032220241550560720e-36
9.772146969725724830e+00 7.019266571752137198e-36
9.862658461312820535e+00 7.011980566043006998e-36
9.954008287621523010e+00 7.004702123215191125e-36
1.004620421346813153e+01 6.997431235418182262e-36
1.013925407558815373e+01 6.990167894810080733e-36
1.023316578330244830e+01 6.982912093556665711e-36
1.032794731918951392e+01 6.975663823832310648e-36
1.042360673976401131e+01 6.968423077819051809e-36
1.052015217616159148e+01 6.961189847707497019e-36
1.061759183483000157e+01 6.953964125695904889e-36
1.071593399822671167e+01 6.946745903991089551e-36
1.081518702552288147e+01 6.939535174807495880e-36
1.091535935331391016e+01 6.936384036631614973e-36
1.101645949633656940e+01 6.936384036631614973e-36
1.111849604819271065e+01 6.936384036631614973e-36
1.122147768207980256e+01 6.936384036631614973e-36
1.132541315152811556e+01 6.936384036631614973e-36
1.143031129114478617e+01 6.936384036631614973e-36
1.153618101736478430e+01 6.936384036631614973e-36
1.164303132920876749e+01 6.936384036631614973e-36
1.175087130904807609e+01 6.936384036631614973e-36
1.185971012337669350e+01 6.936384036631614973e-36
1.196955702359042739e+01 6.936384036631614973e-36
1.208042134677328860e+01 6.936384036631614973e-36
1.219231251649110703e+01 6.936384036631614973e-36
1.230524004359261525e+01 6.936384036631614973e-36
1.241921352701783299e+01 6.936384036631614973e-36
1.253424265461399401e+01 6.936384036631614973e-36
1.265033720395903849e+01 6.936384036631614973e-36
1.276750704319265672e+01 6.936384036631614973e-36
1.288576213185518071e+01 6.936384036631614973e-36
1.300511252173408572e+01 6.936384036631614973e-36
1.312556835771842678e+01 6.936384036631614973e-36
1.324713987866117471e+01 6.936384036631614973e-36
1.336983741824946570e+01 6.936384036631614973e-36
1.349367140588306491e+01 6.936384036631614973e-36
1.361865236756081288e+01 6.943808000217487898e-36
1.374479092677536585e+01 6.958245835330336208e-36
1.387209780541621029e+01 6.972713690150346836e-36
1.400058382468097484e+01 6.987211627095656480e-36
1.413025990599533621e+01 7.001739708714191294e-36
1.426113707194128288e+01 7.016297997683923471e-36
1.439322644719406519e+01 7.030886556813150547e-36
1.452653925946781222e+01 7.045505449040762678e-36
1.466108684046984401e+01 7.060154737436516600e-36
1.479688062686396322e+01 7.074834485201304239e-36
1.493393216124251843e+01 7.089544755667313079e-36
1.507225309310755534e+01 7.104285612298758498e-36
1.521185517986104863e+01 7.121327189398718914e-36
1.535275028780422701e+01 7.140767608787246449e-36
1.549495039314631661e+01 7.160261098326199462e-36
1.563846758302246265e+01 7.179807802891331071e-36
1.578331405652118136e+01 7.199407867753541273e-36
1.592950212572123014e+01 7.219061438580297522e-36
1.607704421673823703e+01 7.238768661437079353e-36
1.622595287078087267e+01 7.258529682787638982e-36
1.637624074521687234e+01 7.278344649496025922e-36
1.652792061464895568e+01 7.298213708826740666e-36
1.668100537200059108e+01 7.318137008446776685e-36
1.683550802961202209e+01 7.338114696425879678e-36
1.699144172034625910e+01 7.359486323257164385e-36
1.714881969870539180e+01 7.382451444843388312e-36
1.730765534195725763e+01 7.405488228606332479e-36
1.746796215127245588e+01 7.428596898166428507e-36
1.762975375287205893e+01 7.451777677841541911e-36
1.779304389918577201e+01 7.475030792649886754e-36
1.795784647002095014e+01 7.498356468311839116e-36
1.812417547374237614e+01 7.521754931251765262e-36
1.829204504846293844e+01 7.545226408600952336e-36
1.846146946324547500e+01 7.568771128199443207e-36
1.863246311931559873e+01 7.592389318597882015e-36
1.880504055128581697e+01 7.616081209060474259e-36
1.897921642839101608e+01 7.642926851740198392e-36
1.915500555573527919e+01 7.673746582879417134e-36
1.933242287555045280e+01 7.704690593086966772e-36
1.951148346846616377e+01 7.735759383512026338e-36
1.969220255479171300e+01 7.766953457324757835e-36
1.987459549580983875e+01 7.798273319724336562e-36
2.005867779508233895e+01 7.829719477946997465e-36
2.024446509976803910e+01 7.861292441274765732e-36
2.043197320195270450e+01 7.892992721042937853e-36
2.062121803999142600e+01 7.924820830648875020e-36
2.081221569986339404e+01 7.956777285560184461e-36
2.100498241653915343e+01 7.988862603322942197e-36
2.119953457536071184e+01 8.022825595274697384e-36
2.139588871343421417e+01 8.059361148100379041e-36
2.159406152103565546e+01 8.096063082035245240e-36
2.179406984302955763e+01 8.132932154770544294e-36
2.199593068030074861e+01 8.169969127448014310e-36
2.219966119119954939e+01 8.207174764675993279e-36
2.240527869300018082e+01 8.244549834544272965e-36
2.261280066337277361e+01 8.282095108641026864e-36
2.282224474186898533e+01 8.319811362067661413e-36
2.303362873142131306e+01 8.357699373455898976e-36
2.324697059985647840e+01 8.395759924982908356e-36
2.346228848142262535e+01 8.433993802387849214e-36
2.367960067833076110e+01 8.475885778599966815e-36
2.389892566231050353e+01 8.523331772086621453e-36
2.412028207618006803e+01 8.571043356964752597e-36
2.434368873543110467e+01 8.619022019951828208e-36
2.456916462982790250e+01 8.667269256087602614e-36
2.479672892502157566e+01 8.715786568780713496e-36
2.502640096417919224e+01 8.764575469855516740e-36
2.525820026962784581e+01 8.813637479599204608e-36
2.549214654451423101e+01 8.862974126809176481e-36
2.572825967447932172e+01 8.912586948840674210e-36
2.596655972934869894e+01 8.962477491654688752e-36
2.620706696483852483e+01 9.012647309866134077e-36
2.644980182427719839e+01 9.063097966792289695e-36
2.669478494034320804e+01 9.113831034501511793e-36
2.694203713681882206e+01 9.164848093862222338e-36
2.719157943036018921e+01 9.216150734592319141e-36
2.744343303228365372e+01 9.267740555308110174e-36
2.769761935036891032e+01 9.319619163575031947e-36
2.795415999067856561e+01 9.371788175957135752e-36
2.821307675939470627e+01 9.424249218067618950e-36
2.847439166467247773e+01 9.477003924619469853e-36
2.873812691851066248e+01 9.530053939476415965e-36
2.900430493863991543e+01 9.583400915704138165e-36
2.927294835042815890e+01 9.637046515621792253e-36
2.954407998880379793e+01 9.691868611478858255e-36
2.981772290019673477e+01 9.748652150749600087e-36
3.009390034449721085e+01 9.805768378221283289e-36
3.037263579703311578e+01 9.863219243075669395e-36
3.065395295056526592e+01 9.921006705914385587e-36
3.093787571730136676e+01 9.979132738826486843e-36
3.122442823092858077e+01 1.003759932545478460e-35
3.151363484866479325e+01 1.009640846106418401e-35
3.180552015332919780e+01 1.015556215260961759e-35
3.210010895543171472e+01 1.021506241880453615e-35
3.239742629528195295e+01 1.027491129018979932e-35
3.269749744511767631e+01 1.033511080920297098e-35
3.300034791125285238e+01 1.039610081835095772e-35
3.330600343624588788e+01 1.045836796400335764e-35
3.361449000108765262e+01 1.052100805692678062e-35
3.392583382740991738e+01 1.058402333087796524e-35
3.424006137971425545e+01 1.064741603299284472e-35
3.455719936762139355e+01 1.071118842386650668e-35
3.487727474814177242e+01 1.077534277763380903e-35
3.520031472796679139e+01 1.083988138205029394e-35
3.552634676578139050e+01 1.090480653857448495e-35
3.585539857459816915e+01 1.097012056244889309e-35
3.618749812411280686e+01 1.103582578278328023e-35
3.652267364308175246e+01 1.110192454263755080e-35
3.686095362172157763e+01 1.116929078198152978e-35
3.720236681413065583e+01 1.123910661352215496e-35
3.754694224073336528e+01 1.130935884254144762e-35
3.789470919074667421e+01 1.138005019682682285e-35
3.824569722466998911e+01 1.145118342121625476e-35
3.859993617679766942e+01 1.152276127770542894e-35
3.895745615775501136e+01 1.159478654555386058e-35
3.931828755705770106e+01 1.166726202139336331e-35
3.968246104569481503e+01 1.174019051933721956e-35
4.005000757873611406e+01 1.181357487108830061e-35
4.042095839796306223e+01 1.188741792604958675e-35
4.079534503452448746e+01 1.196172255143539169e-35
4.117319931161679136e+01 1.203649163238152722e-35
4.155455334718875093e+01 1.211172807205790554e-35
4.193943955667186430e+01 1.218743479178186569e-35
4.232789065573548726e+01 1.226361473113041108e-35
4.271993966306776969e+01 1.234027084805494854e-35
4.311561990318228510e+01 1.241740611899673437e-35
4.351496500925049560e+01 1.249502353900125536e-35
4.391800892596086214e+01 1.257312612183510342e-35
4.432478591240396071e+01 1.265171690010362799e-35
4.473533054498463457e+01 1.273079892536744721e-35
4.514967772036101934e+01 1.281037526826156238e-35
4.556786265841063965e+01 1.289044901861519134e-35
4.598992090522438048e+01 1.297357872414603516e-35
4.641588833612777165e+01 1.306484492135942877e-35
4.684580115873045258e+01 1.315675315566436960e-35
4.727969591600390942e+01 1.324930794364705131e-35
4.771760948938745628e+01 1.334251383366662848e-35
4.815957910192350511e+01 1.343637540607913811e-35
4.860564232142133534e+01 1.353089727346174731e-35
4.905583706365045771e+01 1.362608408084070535e-35
4.951020159556351530e+01 1.372194050591898569e-35
4.996877453854884266e+01 1.381847125930547562e-35
5.043159487171358535e+01 1.391568108474779536e-35
5.089870193519679731e+01 1.401357475936477252e-35
5.137013543351343969e+01 1.411759078118857402e-35
5.184593543892913203e+01 1.424081586735448648e-35
5.232614239486662200e+01 1.436511652102309486e-35
5.281079711934330589e+01 1.449050213026187300e-35
5.329994080844087989e+01 1.461698216508255321e-35
5.379361503980702963e+01 1.474456617815494963e-35
5.429186177618942821e+01 1.487326380552938241e-35
5.479472336900287388e+01 1.500308476736423102e-35
5.530224256192899901e+01 1.513403886866006789e-35
5.581446249454960906e+01 1.526613600000020130e-35
5.633142670601357338e+01 1.539938613829767840e-35
5.685317913873753071e+01 1.553379934754882041e-35
5.737976414214134024e+01 1.566938577959306291e-35
5.791122647641758192e+01 1.580209099178543726e-35
5.844761131633631379e+01 1.593186382643433830e-35
5.898896425508499419e+01 1.606270240539654416e-35
5.953533130814370367e+01 1.619461548097329291e-35
6.008675891719686746e+01 1.632761187734307809e-35
6.064329395408061885e+01 1.646170049115193145e-35
6.120498372476696858e+01 1.659689029210855952e-35
6.177187597338494385e+01 1.673319032358435514e-35
6.234401888627863997e+01 1.687060970321835110e-35
6.292146109610344240e+01 1.700915762352712629e-35
6.350425168595962333e+01 1.714880011358103103e-35
6.409244019356449940e+01 1.725430047721590571e-35
6.468607661546327847e+01 1.736044988490362056e-35
6.528521141127846761e+01 1.746725232959896925e-35
6.588989550799949768e+01 1.757471182882162342e-35
6.650018030431118632e+01 1.768283242480725083e-35
6.711611767496279413e+01 1.779161818465958490e-35
6.773775997517752501e+01 1.790107320050310916e-35
6.836516004510238531e+01 1.801120158963815504e-35
6.899837121430017817e+01 1.812200749469404064e-35
6.963744730628222612e+01 1.823349508378606356e-35
7.028244264308345635e+01 1.834566855067198861e-35
7.093341204987996207e+01 1.845853211490981310e-35
7.159041085964888396e+01 1.857834212858985796e-35
7.225349491787214617e+01 1.873260162878504546e-35
7.292272058728312345e+01 1.888814197488356924e-35
7.359814475265763178e+01 1.904497380199140779e-35
7.427982482564918598e+01 1.920310783352107931e-35
7.496781874966876558e+01 1.936255488192238360e-35
7.566218500481055287e+01 1.952332584942420112e-35
7.636298261282242095e+01 1.968543172877741740e-35
7.707027114212294805e+01 1.984888360400909704e-35
7.778411071286490142e+01 2.001369265117779097e-35
7.850456200204509116e+01 2.017987013914028851e-35
7.923168624866254106e+01 2.034742743031952404e-35
7.996554525892345566e+01 2.051637598148410490e-35
8.070620141149498750e+01 2.068672734452903393e-35
8.145371766280744907e+01 2.085849316726822968e-35
8.220815755240541023e+01 2.103168519422826534e-35
8.296958520834907347e+01 2.120631526745377434e-35
8.373806535266488993e+01 2.138239532731613271e-35
8.451366330684713546e+01 2.155993741332884476e-35
8.529644499741024788e+01 2.173895366497318148e-35
8.608647696149245121e+01 2.191945632252541727e-35
8.688382635251184638e+01 2.210145772789658318e-35
8.768856094587427208e+01 2.228497032547351117e-35
8.850074914473438525e+01 2.247000666297258194e-35
8.932045998580969126e+01 2.265662125942140779e-35
9.014776314524917211e+01 2.284512745640098903e-35
9.098272894455558912e+01 2.303520205079889235e-35
9.182542835656282421e+01 2.322685809189717040e-35
9.267593301146882823e+01 2.342010873754969707e-35
9.353431520292386381e+01 2.361496725508435125e-35
9.440064789417603208e+01 2.381144702221615077e-35
9.527500472427290390e+01 2.400956152796454000e-35
9.615746001432096079e+01 2.420932437357828665e-35
9.704808877380307308e+01 2.441074927347198377e-35
9.794696670695395824e+01 2.461385005616444415e-35
9.885417021919573699e+01 2.481864066523086197e-35
9.976977642363200971e+01 2.502513516025888486e-35
1.006938631476027126e+02 2.523334771781264800e-35
1.016265089392995122e+02 2.544329263240887318e-35
1.025677930744421928e+02 2.565498431749497773e-35
1.035177955630176285e+02 2.586843730644147205e-35
1.044765971560804161e+02 2.608366625353852663e-35
1.054442793526168458e+02 2.630068593500072853e-35
1.064209244064724658e+02 2.651951124998408963e-35
1.074066153333433391e+02 2.674015722160763619e-35
1.084014359178330977e+02 2.696263899798350304e-35
1.094054707205742432e+02 2.718697185325995857e-35
1.104188050854160252e+02 2.741317118866649859e-35
1.114415251466788135e+02 2.764123896722707959e-35
1.124737178364751884e+02 2.787099825732893772e-35
1.135154708920998985e+02 2.810266735080333448e-35
1.145668728634871485e+02 2.833626212230199232e-35
1.156280131207375348e+02 2.857179857843116637e-35
1.166989818617147421e+02 2.880929285884663876e-35
1.177798701197119300e+02 2.904876123736058002e-35
1.188707697711903251e+02 2.929022012305479828e-35
1.199717735435884265e+02 2.953368606140797247e-35
1.210829750232039430e+02 2.977917573542797978e-35
1.222044686631488730e+02 3.002670596679360989e-35
1.233363497913776001e+02 3.027629371701014009e-35
1.244787146187906188e+02 3.052795608857015447e-35
1.256316602474120145e+02 3.080260462363600965e-35
1.267952846786433980e+02 3.109722411427868536e-35
1.279696868215941663e+02 3.139466156935414443e-35
1.291549665014883885e+02 3.169494394201313739e-35
1.303512244681508889e+02 3.199809844320732548e-35
1.315585624045703810e+02 3.230415254415299778e-35
1.327770829355428930e+02 3.261313397882357926e-35
1.340068896363950728e+02 3.292507074646073605e-35
1.352480870417875281e+02 3.323999111411268402e-35
1.365007806546013853e+02 3.355792361919351067e-35
1.377650769549053678e+02 3.387889707207243195e-35
1.390410834090069727e+02 3.420204807967903916e-35
1.403289084785873229e+02 3.446766536583244510e-35
1.416286616299198897e+02 3.473534546829902645e-35
1.429404533431761024e+02 3.500510440716128906e-35
1.442643951218157383e+02 3.527695832691736983e-35
1.456005995020648527e+02 3.555092349744555190e-35
1.469491800624817301e+02 3.582701631497624231e-35
1.483102514336104321e+02 3.610525330307672006e-35
1.496839293077255491e+02 3.638565111363832712e-35
1.510703304486654019e+02 3.666822652787123402e-35
1.524695727017573006e+02 3.695299645731233409e-35
1.538817750038346333e+02 3.723997794483559125e-35
1.553070573933460139e+02 3.752918816567019773e-35
1.567455410205595001e+02 3.794109132984314823e-35
1.581973481578599774e+02 3.835864712375885102e-35
1.596626022101425235e+02 3.878079827418374138e-35
1.611414277253019804e+02 3.920759535472329138e-35
1.626339504048192168e+02 3.963908949556170399e-35
1.641402971144466392e+02 4.007533238959242285e-35
1.656605958949913600e+02 4.051637629860644319e-35
1.671949759731990071e+02 4.096227405955511806e-35
1.687435677727375776e+02 4.141307909088210901e-35
1.703065029252844340e+02 4.186884539891815201e-35
1.718839142817145671e+02 4.232962758435644474e-35
1.734759359233930809e+02 4.279548084878831537e-35
1.750827031735725257e+02 4.319963956842516186e-35
1.767043526088946521e+02 4.360531352382228986e-35
1.783410220710008218e+02 4.401479703318171551e-35
1.799928506782476347e+02 4.442812587080247062e-35
1.816599788375326625e+02 4.484533614692855791e-35
1.833425482562290654e+02 4.526646431090368999e-35
1.850407019542302010e+02 4.569154715435568006e-35
1.867545842761076074e+02 4.612062181441071409e-35
1.884843409033795467e+02 4.655372577693780923e-35
1.902301188668943723e+02 4.699089687982375236e-35
1.919920665593284639e+02 4.743217331627879156e-35
1.937703337477989010e+02 4.787759363817335301e-35
1.955650715865949110e+02 4.832128006143261160e-35
1.973764326300255334e+02 4.876871825490253330e-35
1.992045708453869111e+02 4.922029956992720075e-35
2.010496416260499188e+02 4.967606237036662382e-35
2.029118018046678174e+02 5.013604537531678328e-35
2.047912096665085357e+02 5.060028766239894889e-35
2.066880249629082016e+02 5.106882867107956321e-35
2.086024089248502662e+02 5.154170820602074459e-35
2.105345242766705951e+02 5.201896644046189047e-35
2.124845352498882960e+02 5.250064391963259479e-35
2.144526075971667467e+02 5.298678156419799137e-35
2.164389086064020375e+02 5.347742067373169093e-35
2.184436071149426084e+02 5.395972182817133535e-35
2.204668735239409898e+02 5.444523230065939108e-35
2.225088798128369376e+02 5.493511122448407203e-35
2.245697995539773899e+02 5.542939790542204366e-35
2.266498079273692952e+02 5.592813200291215431e-35
2.287490817355701722e+02 5.643135353323389773e-35
2.308677994187169702e+02 5.693910287271913543e-35
2.330061410696924611e+02 5.745142076099256729e-35
2.351642884494348493e+02 5.796834830423681302e-35
2.373424250023866193e+02 5.848992697849618452e-35
2.395407358720876800e+02 5.901619863300082479e-35
2.417594079169130907e+02 5.954720549352638379e-35
2.439986297259550270e+02 6.004807677042327607e-35
2.462585916350546711e+02 6.054905370975338894e-35
2.485394857429798492e+02 6.105421026493964801e-35
2.508415059277538717e+02 6.156358130622623708e-35
2.531648478631355488e+02 6.207720199477733348e-35
2.555097090352506939e+02 6.259510778510733541e-35
2.578762887593800883e+02 6.311733442752109613e-35
2.602647881969004402e+02 6.364391797058990906e-35
2.626754103723835669e+02 6.417489476363268866e-35
2.651083601908538867e+02 6.471030145922818758e-35
2.675638444552045030e+02 6.525017501574823231e-35
2.700420718837772824e+02 6.579455269990156442e-35
2.725432531281027764e+02 6.634347208931472632e-35
2.750676007908064662e+02 6.689697107511862399e-35
2.776153294436800820e+02 6.745508786456716278e-35
2.801866556459195294e+02 6.801786098367806733e-35
2.827817979625340854e+02 6.858532927988448861e-35
2.854009769829237371e+02 6.915753192472550511e-35
2.880444153396297793e+02 6.973450841654112498e-35
2.907123377272578182e+02 7.031629858320780723e-35
2.934049709215786947e+02 7.090294258487863356e-35
2.961225437988034628e+02 7.149448091676468355e-35
2.988652873550382765e+02 7.209095441192111392e-35
3.016334347259196988e+02 7.269240424407513599e-35
3.044272212064302607e+02 7.331500892136531069e-35
3.072468842709003525e+02 7.394586740027162158e-35
3.100926635931926398e+02 7.458215426862168176e-35
3.129648010670750296e+02 7.522391623643270702e-35
3.158635408267819003e+02 7.587120041565556308e-35
3.187891292677645652e+02 7.652405432362348740e-35
3.217418150676371624e+02 7.718252588655020359e-35
3.247218492073128573e+02 7.784666344303825651e-35
3.277294849923382003e+02 7.851651574763635524e-35
3.307649780744242776e+02 7.919213197441467692e-35
3.338285864731760739e+02 7.987356172057089678e-35
3.369205705980266998e+02 8.056085501008014770e-35
3.400411932703706270e+02 8.125406229735691098e-35
3.431907197459042891e+02 8.195323447096935748e-35
3.463694177371734213e+02 8.265842285736456152e-35
3.495775574363275382e+02 8.336967922464703112e-35
3.528154115380883127e+02 8.408705578636821798e-35
3.560832552629277643e+02 8.481060520537048763e-35
3.593813663804625662e+02 8.554038059764206943e-35
3.627100252330648118e+02 8.627643553622739679e-35
3.660695147596902643e+02 8.701882405514881211e-35
3.694601205199302285e+02 8.776760065338441044e-35
3.728821307182833493e+02 8.852282029885750425e-35
3.763358362286532497e+02 8.928453843248184217e-35
3.798215306190735987e+02 9.007152194318924875e-35
3.833395101766601556e+02 9.087015630435499179e-35
3.868900739327975771e+02 9.167587189196101562e-35
3.904735236885559857e+02 9.248873149289895140e-35
3.940901640403447459e+02 9.330879845076953337e-35
3.977403024058036749e+02 9.413613667082177175e-35
4.014242490499322003e+02 9.497081062492673272e-35
4.051423171114647062e+02 9.581288535661084613e-35
4.088948226294860433e+02 9.666242648611841052e-35
4.126820845702951601e+02 9.751950021552668746e-35
4.165044248545185042e+02 9.838417333390646499e-35
4.203621683844713743e+02 9.925651322252028557e-35
4.242556430717776834e+02 1.001567743973255124e-34
4.281851798652411389e+02 1.010710695358392417e-34
4.321511127789761986e+02 1.019937109455397344e-34
4.361537789208005620e+02 1.029247748165337526e-34
4.401935185208874373e+02 1.038643380344351694e-34
4.442706749606882681e+02 1.048124781867239461e-34
4.483855948021186464e+02 1.057692735691464846e-34
4.525386278170166747e+02 1.067348031921847231e-34
4.567301270168746896e+02 1.077091467875735120e-34
4.609604486828433778e+02 1.086923848148953084e-34
4.652299523960189163e+02 1.096845984682173564e-34
4.695390010680058026e+02 1.106858696828001339e-34
4.738879609717650965e+02 1.116744596919657789e-34
4.782772017727485263e+02 1.126646401491219331e-34
4.827070965603182913e+02 1.136636002085313234e-34
4.871780218794630741e+02 1.146714177160163990e-34
4.916903577628026483e+02 1.156881712076382302e-34
4.962444877628913673e+02 1.167139399158112809e-34
5.008407989848212196e+02 1.177488037754718290e-34
5.054796821191240497e+02 1.187928434303184868e-34
5.101615314749833487e+02 1.198461402390909108e-34
5.148867450137491915e+02 1.209087762819038468e-34
5.196557243827656976e+02 1.219808343666551592e-34
5.244688749495119282e+02 1.230623980354709352e-34
5.293266058360561601e+02 1.241770432455154626e-34
5.342293299538351903e+02 1.253106107714022976e-34
5.391774640387500312e+02 1.264545262271654255e-34
5.441714286865892518e+02 1.276088840753315243e-34
5.492116483887789400e+02 1.287737796407438735e-34
5.542985515684669053e+02 1.299493091184255637e-34
5.594325706169377099e+02 1.311355695815357397e-34
5.646141419303667135e+02 1.323326589893774393e-34
5.698437059469141559e+02 1.335406761954887999e-34
5.751217071841613233e+02 1.347597209558063876e-34
5.804485942768977793e+02 1.359898939369028293e-34
5.858248200152536356e+02 1.372312967243018266e-34
5.912508413831875487e+02 1.384967044137757473e-34
5.967271195973316935e+02 1.397791355734150222e-34
6.022541201461928040e+02 1.410734415981362832e-34
6.078323128297230369e+02 1.423797324450469080e-34
6.134621717992506547e+02 1.436981190894186956e-34
6.191441755977841694e+02 1.450287135341157981e-34
6.248788072006893799e+02 1.463716288191097410e-34
6.306665540567405515e+02 1.477269790310852122e-34
6.365079081295571086e+02 1.490948793131225257e-34
6.424033659394191318e+02 1.504754458744939672e-34
6.483534286054720042e+02 1.518687960005267880e-34
6.543586018883236193e+02 1.532750480625693668e-34
6.604193962330305112e+02 1.549775931106814548e-34
6.665363268124913247e+02 1.568333669114458585e-34
6.727099135712336420e+02 1.587113626110697974e-34
6.789406812696105362e+02 1.606118463049086223e-34
6.852291595284063987e+02 1.625350872746672617e-34
6.915758828738524926e+02 1.644813580265550071e-34
6.979813907830659900e+02 1.664509343298973415e-34
7.044462277299037396e+02 1.684440952562098985e-34
7.109709432312431545e+02 1.704611232187404988e-34
7.175560918936928374e+02 1.725023040124845857e-34
7.242022334607315770e+02 1.745679268546798341e-34
7.309099328602910646e+02 1.766582844257856419e-34
7.376797602527731215e+02 1.780626229204142107e-34
7.445122910795136022e+02 1.794069382741775467e-34
7.514081061116969522e+02 1.807614027751412035e-34
7.583677914997190328e+02 1.821260930460861292e-34
7.653919388230148115e+02 1.835010862882824460e-34
7.724811451403400042e+02 1.848864602858329920e-34
7.796360130405229256e+02 1.862822934100945232e-34
7.868571506936851847e+02 1.876886646241022509e-34
7.941451719029339529e+02 1.891056534870277141e-34
8.015006961565404708e+02 1.905333401586976330e-34
8.089243486805937664e+02 1.919718054041197129e-34
8.164167604921464090e+02 1.934211305980419309e-34
8.239785684528519596e+02 1.949307606481984939e-34
8.316104153230961629e+02 1.964522853362228157e-34
8.393129498166364328e+02 1.979856862277216328e-34
8.470868266557401967e+02 1.995310560219460372e-34
8.549327066268375575e+02 2.010884881417173414e-34
8.628512566366895271e+02 2.026580767390618657e-34
8.708431497690723972e+02 2.042399167009094004e-34
8.789090653419954151e+02 2.058341036548160872e-34
8.870496889654402821e+02 2.074407339747653021e-34
8.952657125996391869e+02 2.090599047869805978e-34
9.035578346138929646e+02 2.106917139758040753e-34
9.119267598459298370e+02 2.123362601895999446e-34
9.203731996618221274e+02 2.139936428467389080e-34
9.288978720164498100e+02 2.157176394778425528e-34
9.375015015145289681e+02 2.175438926259758295e-34
9.461848194722001608e+02 2.193856067283913432e-34
9.549485639791965923e+02 2.212429126766366903e-34
9.637934799615785550e+02 2.231159424703795481e-34
9.727203192450537017e+02 2.250048292268003258e-34
9.817298406188840545e+02 2.269097071900307873e-34
9.908228099003797524e+02 2.288307117407057425e-34
1.000000000000000000e+03 2.307679794055959050e-34
