# Envelope of best limits as of 2024 
#  Mass [GeV] 	 sigma_p_SD [cm^2]
1.000000000000000056e-01 1.000000000000000000e+00
1.011591112223829692e-01 1.000000000000000000e+00
1.023316578330244891e-01 1.000000000000000000e+00
1.035177955630176283e-01 1.000000000000000000e+00
1.047176819485520216e-01 1.000000000000000000e+00
1.059314763518370006e-01 1.000000000000000000e+00
1.071593399822671072e-01 1.000000000000000000e+00
1.084014359178330916e-01 1.000000000000000000e+00
1.096579291267809897e-01 1.000000000000000000e+00
1.109289864895222771e-01 1.000000000000000000e+00
1.122147768207980290e-01 1.000000000000000000e+00
1.135154708920999012e-01 1.000000000000000000e+00
1.148312414543511129e-01 1.000000000000000000e+00
1.161622632608501904e-01 1.000000000000000000e+00
1.175087130904807486e-01 1.000000000000000000e+00
1.188707697711903349e-01 1.000000000000000000e+00
1.202486142037412220e-01 1.000000000000000000e+00
1.216424293857368000e-01 1.000000000000000000e+00
1.230524004359261625e-01 1.000000000000000000e+00
1.244787146187906202e-01 1.000000000000000000e+00
1.259215613694150970e-01 1.000000000000000000e+00
1.273811323186478384e-01 1.000000000000000000e+00
1.288576213185518016e-01 1.000000000000000000e+00
1.303512244681508947e-01 1.000000000000000000e+00
1.318621401394748371e-01 1.000000000000000000e+00
1.333905690039058622e-01 1.000000000000000000e+00
1.349367140588306480e-01 1.000000000000000000e+00
1.365007806546013891e-01 1.000000000000000000e+00
1.380829765218092309e-01 1.000000000000000000e+00
1.396835117988739772e-01 1.000000000000000000e+00
1.413025990599533765e-01 1.000000000000000000e+00
1.429404533431760937e-01 1.000000000000000000e+00
1.445972921792019472e-01 1.000000000000000000e+00
1.462733356201129931e-01 1.000000000000000000e+00
1.479688062686396188e-01 1.000000000000000000e+00
1.496839293077255606e-01 1.000000000000000000e+00
1.514189325304352018e-01 1.000000000000000000e+00
1.531740463702079835e-01 1.000000000000000000e+00
1.549495039314631728e-01 1.000000000000000000e+00
1.567455410205594868e-01 1.000000000000000000e+00
1.585623961771137069e-01 1.000000000000000000e+00
1.604003107056820310e-01 1.000000000000000000e+00
1.622595287078087423e-01 1.000000000000000000e+00
1.641402971144466927e-01 1.000000000000000000e+00
1.660428657187530133e-01 1.000000000000000000e+00
1.679674872092653537e-01 1.000000000000000000e+00
1.699144172034626477e-01 1.000000000000000000e+00
1.718839142817145949e-01 1.000000000000000000e+00
1.738762400216250781e-01 1.000000000000000000e+00
1.758916590327733176e-01 1.000000000000000000e+00
1.779304389918577867e-01 1.000000000000000000e+00
1.799928506782476900e-01 1.000000000000000000e+00
1.820791680099462795e-01 1.000000000000000000e+00
1.841896680799711417e-01 1.000000000000000000e+00
1.863246311931560373e-01 1.000000000000000000e+00
1.884843409033795936e-01 1.000000000000000000e+00
1.906690840512252350e-01 1.000000000000000000e+00
1.928791508020778200e-01 1.000000000000000000e+00
1.951148346846616755e-01 1.000000000000000000e+00
1.973764326300255778e-01 1.000000000000000000e+00
1.996642450109794020e-01 1.000000000000000000e+00
2.019785756819878764e-01 1.000000000000000000e+00
2.043197320195271061e-01 1.000000000000000000e+00
2.066880249629082511e-01 1.000000000000000000e+00
2.090837690555750472e-01 1.000000000000000000e+00
2.115072824868795276e-01 1.000000000000000000e+00
2.139588871343422183e-01 1.000000000000000000e+00
2.164389086064020806e-01 1.000000000000000000e+00
2.189476762856621128e-01 1.000000000000000000e+00
2.214855233726359951e-01 1.000000000000000000e+00
2.240527869300018848e-01 1.000000000000000000e+00
2.266498079273693289e-01 1.000000000000000000e+00
2.292769312865649278e-01 1.000000000000000000e+00
2.319345059274428023e-01 1.000000000000000000e+00
2.346228848142263013e-01 1.000000000000000000e+00
2.373424250023866700e-01 1.000000000000000000e+00
2.400934876860652545e-01 1.000000000000000000e+00
2.428764382460451010e-01 1.000000000000000000e+00
2.456916462982790816e-01 1.000000000000000000e+00
2.485394857429799043e-01 1.000000000000000000e+00
2.514203348142797223e-01 1.000000000000000000e+00
2.543345761304649510e-01 1.000000000000000000e+00
2.572825967447933682e-01 1.000000000000000000e+00
2.602647881969005761e-01 1.000000000000000000e+00
2.632815465648021269e-01 1.000000000000000000e+00
2.663332725174982207e-01 1.000000000000000000e+00
2.694203713681883605e-01 1.000000000000000000e+00
2.725432531281029025e-01 1.000000000000000000e+00
2.757023325609583853e-01 1.000000000000000000e+00
2.788980292380440762e-01 1.000000000000000000e+00
2.821307675939472293e-01 1.000000000000000000e+00
2.854009769829238818e-01 1.000000000000000000e+00
2.887090917359236286e-01 1.000000000000000000e+00
2.920555512182746449e-01 1.000000000000000000e+00
2.954407998880381192e-01 1.000000000000000000e+00
2.988652873550384226e-01 1.000000000000000000e+00
3.023294684405777866e-01 1.000000000000000000e+00
3.058338032378433158e-01 1.000000000000000000e+00
3.093787571730138297e-01 1.000000000000000000e+00
3.129648010670751934e-01 1.000000000000000000e+00
3.165924111983522415e-01 1.000000000000000000e+00
3.202620693657651785e-01 1.000000000000000000e+00
3.239742629528197249e-01 1.000000000000000000e+00
3.277294849923383935e-01 1.000000000000000000e+00
3.315282342319424980e-01 1.000000000000000000e+00
3.353710152002930545e-01 1.000000000000000000e+00
3.392583382740993470e-01 1.000000000000000000e+00
3.431907197459044268e-01 1.000000000000000000e+00
3.471686818926561502e-01 1.000000000000000000e+00
3.511927530450729695e-01 1.000000000000000000e+00
3.552634676578141359e-01 1.000000000000000000e+00
3.593813663804627523e-01 1.000000000000000000e+00
3.635469961293319452e-01 1.000000000000000000e+00
3.677609101601032604e-01 1.000000000000000000e+00
3.720236681413067736e-01 1.000000000000000000e+00
3.763358362286534642e-01 1.000000000000000000e+00
3.806979871402286220e-01 1.000000000000000000e+00
3.851107002325570572e-01 1.000000000000000000e+00
3.895745615775503268e-01 1.000000000000000000e+00
3.940901640403449702e-01 1.000000000000000000e+00
3.986581073580440782e-01 1.000000000000000000e+00
4.032789982193707434e-01 1.000000000000000000e+00
4.079534503452451055e-01 1.000000000000000000e+00
4.126820845702953711e-01 1.000000000000000000e+00
4.174655289253136892e-01 1.000000000000000000e+00
4.223044187206674294e-01 1.000000000000000000e+00
4.271993966306778523e-01 1.000000000000000000e+00
4.321511127789764428e-01 1.000000000000000000e+00
4.371602248248504519e-01 1.000000000000000000e+00
4.422273980505899149e-01 1.000000000000000000e+00
4.473533054498465278e-01 1.000000000000000000e+00
4.525386278170169252e-01 1.000000000000000000e+00
4.577840538376618529e-01 1.000000000000000000e+00
4.630902801799739454e-01 1.000000000000000000e+00
4.684580115873047679e-01 1.000000000000000000e+00
4.738879609717653318e-01 1.000000000000000000e+00
4.793808495089109112e-01 1.000000000000000000e+00
4.849374067335235350e-01 1.000000000000000000e+00
4.905583706365048147e-01 1.000000000000000000e+00
4.962444877628915951e-01 1.000000000000000000e+00
5.019965133110081412e-01 1.000000000000000000e+00
5.078152112327672940e-01 1.000000000000000000e+00
5.137013543351340861e-01 1.000000000000000000e+00
5.196557243827659711e-01 1.000000000000000000e+00
5.256791122018421580e-01 1.000000000000000000e+00
5.317723177850969263e-01 1.000000000000000000e+00
5.379361503980700787e-01 1.000000000000000000e+00
5.441714286865890760e-01 1.000000000000000000e+00
5.504789807854970629e-01 1.000000000000000000e+00
5.568596444286411096e-01 1.000000000000000000e+00
5.633142670601354318e-01 1.000000000000000000e+00
5.698437059469139143e-01 1.000000000000000000e+00
5.764488282925875895e-01 1.000000000000000000e+00
5.831305113526221717e-01 1.000000000000000000e+00
5.898896425508496355e-01 1.000000000000000000e+00
5.967271195973313791e-01 1.000000000000000000e+00
6.036438506075867405e-01 1.000000000000000000e+00
6.106407542232039631e-01 1.000000000000000000e+00
6.177187597338491543e-01 1.000000000000000000e+00
6.248788072006891126e-01 1.000000000000000000e+00
6.321218475812451221e-01 1.000000000000000000e+00
6.394488428556941439e-01 1.000000000000000000e+00
6.468607661546326160e-01 1.000000000000000000e+00
6.543586018883233990e-01 1.000000000000000000e+00
6.619433458774393042e-01 1.000000000000000000e+00
6.696160054853220744e-01 1.000000000000000000e+00
6.773775997517750280e-01 1.000000000000000000e+00
6.852291595284062398e-01 1.000000000000000000e+00
6.931717276155405782e-01 1.000000000000000000e+00
7.012063589007182518e-01 1.000000000000000000e+00
7.093341204987995141e-01 1.000000000000000000e+00
7.175560918936926269e-01 1.000000000000000000e+00
7.258733650817251748e-01 1.000000000000000000e+00
7.342870447166763848e-01 1.000000000000000000e+00
7.427982482564916555e-01 1.000000000000000000e+00
7.514081061116968385e-01 1.000000000000000000e+00
7.601177617955328092e-01 1.000000000000000000e+00
7.689283720758310903e-01 1.000000000000000000e+00
7.778411071286488454e-01 1.000000000000000000e+00
7.868571506936850035e-01 1.000000000000000000e+00
7.959777002314983863e-01 1.000000000000000000e+00
8.052039670825476003e-01 1.000000000000000000e+00
8.145371766280743442e-01 1.000000000000000000e+00
8.239785684528517784e-01 1.000000000000000000e+00
8.335293965098193869e-01 1.000000000000000000e+00
8.431909292866257566e-01 1.000000000000000000e+00
8.529644499741022567e-01 1.000000000000000000e+00
8.628512566366893788e-01 1.000000000000000000e+00
8.728526623848377186e-01 1.000000000000000000e+00
8.829699955494089147e-01 1.000000000000000000e+00
8.932045998580966373e-01 1.000000000000000000e+00
9.035578346138927186e-01 1.000000000000000000e+00
9.140310748756229620e-01 1.000000000000000000e+00
9.246257116405740550e-01 1.000000000000000000e+00
9.353431520292383450e-01 1.000000000000000000e+00
9.461848194721999006e-01 1.000000000000000000e+00
9.571521538991862865e-01 1.000000000000000000e+00
9.682466119303121399e-01 1.000000000000000000e+00
9.794696670695393070e-01 1.000000000000000000e+00
9.908228099003795197e-01 1.000000000000000000e+00
1.002307548283865479e+00 1.000000000000000000e+00
1.013925407558815328e+00 1.000000000000000000e+00
1.025677930744421928e+00 1.000000000000000000e+00
1.037566678745186044e+00 1.000000000000000000e+00
1.049593230558227619e+00 1.000000000000000000e+00
1.061759183483000024e+00 1.000000000000000000e+00
1.074066153333433471e+00 1.000000000000000000e+00
1.086515774652538457e+00 1.000000000000000000e+00
1.099109700929497224e+00 1.000000000000000000e+00
1.111849604819270976e+00 1.000000000000000000e+00
1.124737178364751955e+00 1.000000000000000000e+00
1.137774133221491457e+00 1.000000000000000000e+00
1.150962200885032205e+00 1.000000000000000000e+00
1.164303132920876838e+00 1.000000000000000000e+00
1.177798701197119158e+00 1.000000000000000000e+00
1.191450698119775886e+00 1.000000000000000000e+00
1.205260936870842681e+00 1.000000000000000000e+00
1.219231251649110614e+00 1.000000000000000000e+00
1.233363497913775975e+00 1.000000000000000000e+00
1.247659552630869806e+00 1.000000000000000000e+00
1.262121314522547388e+00 1.000000000000000000e+00
1.276750704319265850e+00 1.000000000000000000e+00
1.291549665014884107e+00 1.000000000000000000e+00
1.306520162124721329e+00 1.000000000000000000e+00
1.321664183946605231e+00 1.000000000000000000e+00
1.336983741824946614e+00 1.000000000000000000e+00
1.352480870417875458e+00 1.000000000000000000e+00
1.368157627967471868e+00 1.000000000000000000e+00
1.384016096573131627e+00 1.000000000000000000e+00
1.400058382468097440e+00 1.000000000000000000e+00
1.416286616299198720e+00 1.000000000000000000e+00
1.432702953409831004e+00 1.000000000000000000e+00
1.449309574126216527e+00 1.000000000000000000e+00
1.466108684046984356e+00 1.000000000000000000e+00
1.483102514336104516e+00 1.000000000000000000e+00
1.500293322019218278e+00 1.000000000000000000e+00
1.517683390283405265e+00 1.000000000000000000e+00
1.535275028780422657e+00 1.000000000000000000e+00
1.553070573933460041e+00 1.000000000000000000e+00
1.571072389247450518e+00 1.000000000000000000e+00
1.589282865622978047e+00 1.000000000000000000e+00
1.607704421673823658e+00 1.000000000000000000e+00
1.626339504048192275e+00 1.000000000000000000e+00
1.645190587753662559e+00 1.000000000000000000e+00
1.664260176485903520e+00 1.000000000000000000e+00
1.683550802961202297e+00 1.000000000000000000e+00
1.703065029252844420e+00 1.000000000000000000e+00
1.722805447131394052e+00 1.000000000000000000e+00
1.742774678408919087e+00 1.000000000000000000e+00
1.762975375287205715e+00 1.000000000000000000e+00
1.783410220710007987e+00 1.000000000000000000e+00
1.804081928719382777e+00 1.000000000000000000e+00
1.824993244816152327e+00 1.000000000000000000e+00
1.846146946324547677e+00 1.000000000000000000e+00
1.867545842761076047e+00 1.000000000000000000e+00
1.889192776207666347e+00 1.000000000000000000e+00
1.911090621689137903e+00 1.000000000000000000e+00
1.933242287555045236e+00 1.000000000000000000e+00
1.955650715865949074e+00 1.000000000000000000e+00
1.978318882784164234e+00 1.000000000000000000e+00
2.001249798969037208e+00 1.000000000000000000e+00
2.024446509976803643e+00 1.000000000000000000e+00
2.047912096665085446e+00 1.000000000000000000e+00
2.071649675602068807e+00 1.000000000000000000e+00
2.095662399480433091e+00 1.000000000000000000e+00
2.119953457536071006e+00 1.000000000000000000e+00
2.144526075971667556e+00 1.000000000000000000e+00
2.169383518385184395e+00 1.000000000000000000e+00
2.194529086203313550e+00 1.000000000000000000e+00
2.219966119119954673e+00 1.000000000000000000e+00
2.245697995539774006e+00 1.000000000000000000e+00
2.271728133026905017e+00 1.000000000000000000e+00
2.298059988758851091e+00 2.831083865109443975e-37
2.324697059985648018e+00 2.696925363005115784e-37
2.351642884494348440e+00 2.569124321345027415e-37
2.378901041078893108e+00 2.447379474814938320e-37
2.406475150015424003e+00 2.331403834365531788e-37
2.434368873543110379e+00 2.220924010693201602e-37
2.462585916350546800e+00 2.115679569779857077e-37
2.491130026067788439e+00 2.015422418971849186e-37
2.520004993764092038e+00 1.919916222151226002e-37
2.549214654451422923e+00 1.828935842620981482e-37
2.578762887593800901e+00 1.742540288733609925e-37
2.608653617622548104e+00 1.681438353650415390e-37
2.638890814457510281e+00 1.622478949500393348e-37
2.669478494034320804e+00 1.565586948731636312e-37
2.700420718837772682e+00 1.510689858129491302e-37
2.731721598441376297e+00 1.457717726443862657e-37
2.763385290053169907e+00 1.406603055255671156e-37
2.795415999067856649e+00 1.357280712968528700e-37
2.827817979625341316e+00 1.309687851816522716e-37
2.860595535175741944e+00 1.263763827781991315e-37
2.893753019050950392e+00 1.219450123321394204e-37
2.927294835042816068e+00 1.176690272800791344e-37
2.961225437988034503e+00 1.135429790545914825e-37
2.995549334359813187e+00 9.581991738443801352e-38
3.030271082866396348e+00 7.326503394511516777e-38
3.065395295056526859e+00 5.940977789044202716e-38
3.100926635931926523e+00 4.930763280158752705e-38
3.136869824566876463e+00 4.101319863861596638e-38
3.173229634734976212e+00 3.418051613315832287e-38
3.210010895543171650e+00 2.878774369213373729e-38
3.247218492073128626e+00 2.427738410811461389e-38
3.284857366030043746e+00 1.977592675108192834e-38
3.322932516398971803e+00 1.607262873159053361e-38
3.361449000108764906e+00 1.278780135740276626e-38
3.400411932703705897e+00 1.070757674002124313e-38
3.439826489022924427e+00 9.167228345068888823e-39
3.479697903887691623e+00 7.807110514239589885e-39
3.520031472796679051e+00 6.615159260371740658e-39
3.560832552629277892e+00 5.611035869474128164e-39
3.602106562357069830e+00 4.853854738851974252e-39
3.643858983763544224e+00 4.198851401761478766e-39
3.686095362172157941e+00 3.632237477762722910e-39
3.728821307182833777e+00 3.223329960619691918e-39
3.772042493416997377e+00 2.877625381913152415e-39
3.815764661271248581e+00 2.541392467699039162e-39
3.859993617679767119e+00 2.244446311695876091e-39
3.904735236885560123e+00 1.982196496649830797e-39
3.949995461220642934e+00 1.754180371043880011e-39
3.995780301895269560e+00 1.554724763931557118e-39
4.042095839796307821e+00 1.416697910328849351e-39
4.088948226294862209e+00 1.309167404110559455e-39
4.136343684063275461e+00 1.209798701254321291e-39
4.184288507901582577e+00 1.117972302824795979e-39
4.232789065573550502e+00 1.033045215750955078e-39
4.281851798652413166e+00 9.509207393179084401e-40
4.331483223376400460e+00 8.753249506195020495e-40
4.381689931514192615e+00 8.057388355275766216e-40
4.432478591240398558e+00 7.416846402217371436e-40
4.483855948021188809e+00 6.879319975485392591e-40
4.535828825510188622e+00 6.385104359495444617e-40
4.588404126454759258e+00 5.926393571883694902e-40
4.641588833612779297e+00 5.500636918585983962e-40
4.695390010680060122e+00 5.105466949353056879e-40
4.749814803228502136e+00 4.778015847188325627e-40
4.804870439655131165e+00 4.471647664023543494e-40
4.860564232142136731e+00 4.184923924631572501e-40
4.916903577628028543e+00 3.916585019848244660e-40
4.973895958790064853e+00 3.665452107125192015e-40
5.031548945038053944e+00 3.442831907645863498e-40
5.089870193519682395e+00 3.267490597866071145e-40
5.148867450137495361e+00 3.101079313059910258e-40
5.208548550577662972e+00 2.943143252552458113e-40
5.268921421350674095e+00 2.793250778387207996e-40
5.329994080844090654e+00 2.650992235663077597e-40
5.391774640387502870e+00 2.515978832950888285e-40
5.454271305329833730e+00 2.387841579729746852e-40
5.517492376129125908e+00 2.273360812309803085e-40
5.581446249454963926e+00 2.178117379003125389e-40
5.646141419303670084e+00 2.086864210479285494e-40
5.711586478126432276e+00 1.999434132871474628e-40
5.777790117970504014e+00 1.915666976134153421e-40
5.844761131633634754e+00 1.835558342639664294e-40
5.912508413831877974e+00 1.759003722519821836e-40
5.981040962380941295e+00 1.685641923747877923e-40
6.050367879391221670e+00 1.615339785083640620e-40
6.120498372476699700e+00 1.547969698969291517e-40
6.191441755977844075e+00 1.483409379905173025e-40
6.263207452198689573e+00 1.429021670156468976e-40
6.335804992658251145e+00 1.380159597593801884e-40
6.409244019356453492e+00 1.332968249964807088e-40
6.483534286054723594e+00 1.287390500715972783e-40
6.558685659571431792e+00 1.243371176603425059e-40
6.634708121092347533e+00 1.200856990903986822e-40
6.711611767496282965e+00 1.159796478910114088e-40
6.789406812696109128e+00 1.122297435307036133e-40
6.868103588995303710e+00 1.086412357183600364e-40
6.947712548460236448e+00 1.051674692207012093e-40
7.028244264308349365e+00 1.018047752232793843e-40
7.109709432312435240e+00 9.854960222074396131e-41
7.192118872221189285e+00 9.539851226591625831e-41
7.275483529196228538e+00 9.234817733880720929e-41
7.359814475265767264e+00 8.983900810162071138e-41
7.445122910795139326e+00 8.755621889286215024e-41
7.531420165974371805e+00 8.533143485002889595e-41
7.618717702322995500e+00 8.316318207476101918e-41
7.707027114212299246e+00 8.105002412012791422e-41
7.796360130405233235e+00 7.899056103899192475e-41
7.886728615614152282e+00 7.698342845656593283e-41
7.978144572076624641e+00 7.504737610077243320e-41
8.070620141149502658e+00 7.338752805791673641e-41
8.164167604921468424e+00 7.176439143214873804e-41
8.258799387844268480e+00 7.017715426471689333e-41
8.354528058382866718e+00 6.862502255523432963e-41
8.451366330684717099e+00 6.710721986448871232e-41
8.549327066268380904e+00 6.562298692603142863e-41
8.648423275731722981e+00 6.417158126636843810e-41
8.748668120479909049e+00 6.275227683354043164e-41
8.850074914473434973e+00 6.156589895107383904e-41
8.952657125996395848e+00 6.042906124586574801e-41
9.056428379445289778e+00 5.931321568062478701e-41
9.161402457138516198e+00 5.821797462751326223e-41
9.267593301146877849e+00 5.714295761639154977e-41
9.375015015145285346e+00 5.608779120264281300e-41
9.483681866285921913e+00 5.505210883744784941e-41
9.593608287093141840e+00 5.407902548414735883e-41
9.704808877380301624e+00 5.326921116033457131e-41
9.817298406188836424e+00 5.247152352026249121e-41
9.931091813749794994e+00 5.168578097112125119e-41
1.004620421346813153e+01 5.091180463938919806e-41
1.016265089392995158e+01 5.014941833011256629e-41
1.028044732093309754e+01 4.939844848679484947e-41
1.039960913954120336e+01 4.865872415188682606e-41
1.052015217616159148e+01 4.795447763426337744e-41
1.064209244064724658e+01 4.727831825595505468e-41
1.076544612842315907e+01 4.661169274241658329e-41
1.089022962263730498e+01 4.595446666590746975e-41
1.101645949633656940e+01 4.530650749412181912e-41
1.114415251466788170e+01 4.466768456346271176e-41
1.127332563710487179e+01 4.403786905269330945e-41
1.140399601970033139e+01 4.341693395695957743e-41
1.153618101736478430e+01 4.295024230081134912e-41
1.166989818617147456e+01 4.250104016796061588e-41
1.180516528568805512e+01 4.205653608907599878e-41
1.194200028133532498e+01 4.161668092879044058e-41
1.208042134677328860e+01 4.118142606562988623e-41
1.222044686631488730e+01 4.075072338663320504e-41
1.236209543736769056e+01 4.032452528203923172e-41
1.250538587290391312e+01 4.000899020170714711e-41
1.265033720395903849e+01 3.972004910557185180e-41
1.279696868215941663e+01 3.943319471436435945e-41
1.294529978227916089e+01 3.914841195810213807e-41
1.309535020482667633e+01 3.886568587563598615e-41
1.324713987866117471e+01 3.858500161386468179e-41
1.340068896363950657e+01 3.830359502227649535e-41
1.355601785329368880e+01 3.801623306100648598e-41
1.371314717753945622e+01 3.773102695212414519e-41
1.387209780541621029e+01 3.744796052195255905e-41
1.403289084785873087e+01 3.716701771815329375e-41
1.419554766050101513e+01 3.657194019658723123e-41
1.436008984651260612e+01 3.532394030455114422e-41
1.452653925946781222e+01 3.411365764207433366e-41
1.469491800624817301e+01 3.294484215767741022e-41
1.486524844997857109e+01 3.181915259934758948e-41
1.503755321299738412e+01 3.073468179178440825e-41
1.521185517986104863e+01 2.968717227439967206e-41
1.538817750038346333e+01 2.868678899047938826e-41
1.556654359271061949e+01 2.773670431112897902e-41
1.574697714643086677e+01 2.681808571528606492e-41
1.592950212572123014e+01 2.601373053384620328e-41
1.611414277253019733e+01 2.539501190336602461e-41
1.630092360979741173e+01 2.479100906857668728e-41
1.648986944471064930e+01 2.420137202443285030e-41
1.668100537200059108e+01 2.361881030850714233e-41
1.687435677727375705e+01 2.302061594242847406e-41
1.706994934038407763e+01 2.243757206424204856e-41
1.726780903884355922e+01 2.186929495705518501e-41
1.746796215127245588e+01 2.131870939746666654e-41
1.767043526088946592e+01 2.078998854598092241e-41
1.787525525904235479e+01 2.027438038971438514e-41
1.808244934877951593e+01 1.977155972345666980e-41
1.829204504846293844e+01 1.928987353048717172e-41
1.850407019542302223e+01 1.885543984349929038e-41
1.871855294965579120e+01 1.843079018273074269e-41
1.893552179756295217e+01 1.801570419885796574e-41
1.915500555573527919e+01 1.760996650511813263e-41
1.937703337477988796e+01 1.725173630442283049e-41
1.960163474319185539e+01 1.690482730756896430e-41
1.982883949127071332e+01 1.656489417969310801e-41
2.005867779508233895e+01 1.623179664553998382e-41
2.029118018046678174e+01 1.591310271414655498e-41
2.052637752709252084e+01 1.560541771622837990e-41
2.076430107255774615e+01 1.530368190745631122e-41
2.100498241653915343e+01 1.500778025833000842e-41
2.124845352498882889e+01 1.472089926120682819e-41
2.149474673437980599e+01 1.444623422204765765e-41
2.174389475600079891e+01 1.417669392984818609e-41
2.199593068030074861e+01 1.391218276620952720e-41
2.225088798128369305e+01 1.365423170252881480e-41
2.250880052095461892e+01 1.344446886487895269e-41
2.276970255381679920e+01 1.323792850426166873e-41
2.303362873142131306e+01 1.303456111544361738e-41
2.330061410696924540e+01 1.283431795371431241e-41
2.357069413996727647e+01 1.270522003620845374e-41
2.384390470093720538e+01 1.260041476062066182e-41
2.412028207618006803e+01 1.249647402305423076e-41
2.439986297259550341e+01 1.239339069194056614e-41
2.468268452255692580e+01 1.229171163833977012e-41
2.496878428884326695e+01 1.219151953210178358e-41
2.525820026962784581e+01 1.209214411099665385e-41
2.555097090352506939e+01 1.199357871806675152e-41
2.584713507469563609e+01 1.188951978057820142e-41
2.614673211801092023e+01 1.175545302168692801e-41
2.644980182427719839e+01 1.162289800558838591e-41
2.675638444552045314e+01 1.149183768580335100e-41
2.706652070033241131e+01 1.136225520806888666e-41
2.738025177927857712e+01 1.122051642700225921e-41
2.769761935036891032e+01 1.107868831088010594e-41
2.801866556459195223e+01 1.093865291211223890e-41
2.834343306151309250e+01 1.080038757062532552e-41
2.867196497493769769e+01 1.069490082897059427e-41
2.900430493863991543e+01 1.061190955313074764e-41
2.934049709215787161e+01 1.052956228063172738e-41
2.968058608665602449e+01 1.044785401407731045e-41
3.002461709085549302e+01 1.037813687241379689e-41
3.037263579703311578e+01 1.033524364172208340e-41
3.072468842709003667e+01 1.029252769036882872e-41
3.108082173869063780e+01 1.024998828565184736e-41
3.144108303147264749e+01 1.020761376046628375e-41
3.180552015332919780e+01 1.016442294934121108e-41
3.217418150676371624e+01 1.012141488868173324e-41
3.254711605531848306e+01 1.007858880522737992e-41
3.292437333007768530e+01 1.003594392899018476e-41
3.330600343624588788e+01 9.994901865768631152e-42
3.369205705980267140e+01 9.954574127756335571e-42
3.408258547423452001e+01 9.914409105343956117e-42
3.447764054734464167e+01 9.874406142001737859e-42
3.487727474814177242e+01 9.840437020654249488e-42
3.528154115380883127e+01 9.814272111333603193e-42
3.569049345675229290e+01 9.788176772345892261e-42
3.610418597173337218e+01 9.762150818709188256e-42
3.652267364308175246e+01 9.739631000578527989e-42
3.694601205199302285e+01 9.737710348171052341e-42
3.737425742391064176e+01 9.735790074515514803e-42
3.780746663599349233e+01 9.733870179537544749e-42
3.824569722466998911e+01 9.731950663162148332e-42
3.868900739327975202e+01 9.734129033528979684e-42
3.913745601980384237e+01 9.737009094583231553e-42
3.959110266468458406e+01 9.739890007768336400e-42
4.005000757873611406e+01 9.742771773336415674e-42
4.051423171114647204e+01 9.751082780861065630e-42
4.098383671757261482e+01 9.763590948484799601e-42
4.145888496832910874e+01 9.776115160917018389e-42
4.193943955667186430e+01 9.788655438739305894e-42
4.242556430717777260e+01 9.811334149528706630e-42
4.291732378422157268e+01 9.860800498191171364e-42
4.341478330055092272e+01 9.910516244093022336e-42
4.391800892596086214e+01 9.960482644633857756e-42
4.442706749606882966e+01 1.001070096355342734e-41
4.494202662119142389e+01 1.007096196884036781e-41
4.546295469532399380e+01 1.013172322268892995e-41
4.598992090522438048e+01 1.019285106812847993e-41
4.652299523960189020e+01 1.025434771692006183e-41
4.706224849841281355e+01 1.029638115597076387e-41
4.760775230226368393e+01 1.032994135021274916e-41
4.815957910192350511e+01 1.036361093110415599e-41
4.871780218794631168e+01 1.039739025518196818e-41
4.928249570040513561e+01 1.043757324308954492e-41
4.985373463873893485e+01 1.048709409348844120e-41
5.043159487171358535e+01 1.053684989453794456e-41
5.101615314749833630e+01 1.058684176095638570e-41
5.160748710385907856e+01 1.063644913993552181e-41
5.220567527846975509e+01 1.068164569148913262e-41
5.281079711934330589e+01 1.072703429287492696e-41
5.342293299538351903e+01 1.077261576015379153e-41
5.404216420705915169e+01 1.081839091285441215e-41
5.466857299720180663e+01 1.086258379645912299e-41
5.530224256192899901e+01 1.090659004201600302e-41
5.594325706169377810e+01 1.095077456464621122e-41
5.659170163246242424e+01 1.099513808658165895e-41
5.724766239702178439e+01 1.103909341386428795e-41
5.791122647641758192e+01 1.108272181464908194e-41
5.858248200152535645e+01 1.112652264239718519e-41
5.926151812475552560e+01 1.117049657856987272e-41
5.994842503189408944e+01 1.121492170934308897e-41
6.064329395408061885e+01 1.126035533801653594e-41
6.134621717992506262e+01 1.130597302634442864e-41
6.205728806776500761e+01 1.135177551998493311e-41
6.277660105806499757e+01 1.139776356761701459e-41
6.350425168595962333e+01 1.145479465097445696e-41
6.424033659394190465e+01 1.151254692578504012e-41
6.498495354469888241e+01 1.157059037344921084e-41
6.573820143409585626e+01 1.162892646198952036e-41
6.650018030431118632e+01 1.170849816831967675e-41
6.727099135712336420e+01 1.179890185983293445e-41
6.805073696735206568e+01 1.189000357660306048e-41
6.883952069645496863e+01 1.198180870822459102e-41
6.963744730628222612e+01 1.207523509579357978e-41
7.044462277299037112e+01 1.217087052971923937e-41
7.126115430111745752e+01 1.226726339289158155e-41
7.208715033782135606e+01 1.236441968412339660e-41
7.292272058728312345e+01 1.246223004234433160e-41
7.376797602527730646e+01 1.255969189554311672e-41
7.462302891391107096e+01 1.265791595685366718e-41
7.548799281653431592e+01 1.275690818718464836e-41
7.636298261282242095e+01 1.285667459406227821e-41
7.724811451403400042e+01 1.295516511007661705e-41
7.814350607844542651e+01 1.305390726639793758e-41
7.904927622696420997e+01 1.315340201933629493e-41
7.996554525892345566e+01 1.325365510506040612e-41
8.089243486805938232e+01 1.335535111052470693e-41
8.183006815867389605e+01 1.345847048796258714e-41
8.277856966198471866e+01 1.356238607104959120e-41
8.373806535266488993e+01 1.366710400745162907e-41
8.470868266557401682e+01 1.377385943932178017e-41
8.569055051268347256e+01 1.388568617112091593e-41
8.668379930019773383e+01 1.399842079790788287e-41
8.768856094587427208e+01 1.411207069066852741e-41
8.870496889654403105e+01 1.422664328023292086e-41
8.973315814583520478e+01 1.437132892328425573e-41
9.077326525210223451e+01 1.451947092333388793e-41
9.182542835656282421e+01 1.466913999525691959e-41
9.288978720164497815e+01 1.482035188035855134e-41
9.396648314954690306e+01 1.500184184961468118e-41
9.505565920101190613e+01 1.520138689846480688e-41
9.615746001432096079e+01 1.540358616983772456e-41
9.727203192450537017e+01 1.560847496852947772e-41
9.839952296278225674e+01 1.581608906893749916e-41
9.954008287621518036e+01 1.602646472130848559e-41
1.006938631476027126e+02 1.623963865806708900e-41
1.018610170155975254e+02 1.645564810022872593e-41
1.030416994950587508e+02 1.667453076390011635e-41
1.042360673976401131e+02 1.689632486686387921e-41
1.054442793526168458e+02 1.712106913525066643e-41
1.066664958279538808e+02 1.734880281030255433e-41
1.079028791516183645e+02 1.757956565522390982e-41
1.091535935331391016e+02 1.781339796212332787e-41
1.104188050854160252e+02 1.805034055905051227e-41
1.116986818467822644e+02 1.829043481712387328e-41
1.129933938033221636e+02 1.853372265775437364e-41
1.143031129114478688e+02 1.878024655996547998e-41
1.156280131207375348e+02 1.903004956780894454e-41
1.169682703970384665e+02 1.928317529788229998e-41
1.183240627458378071e+02 1.953966794694359407e-41
1.196955702359042846e+02 1.979996588284874470e-41
1.210829750232039430e+02 2.006531108899239311e-41
1.224864613750930715e+02 2.033421226482036224e-41
1.239062156947915696e+02 2.060671706493509029e-41
1.253424265461399472e+02 2.088287378257243977e-41
1.267952846786433980e+02 2.115892382100516444e-41
1.282649830528060022e+02 2.143825237390810206e-41
1.297517168657586808e+02 2.172126846976546371e-41
1.312556835771842714e+02 2.200802078950513261e-41
1.327770829355428930e+02 2.229581853148883588e-41
1.343161170046015229e+02 2.258570097510009528e-41
1.358729901902709116e+02 2.287935236897454850e-41
1.374479092677536585e+02 2.317682171568648264e-41
1.390410834090069727e+02 2.347815865492452588e-41
1.406527242105236439e+02 2.378341347177634735e-41
1.422830457214352009e+02 2.409263710511720879e-41
1.439322644719406412e+02 2.440588115611339972e-41
1.456005995020648527e+02 2.472319789682997052e-41
1.472882723907501656e+02 2.504464027895669583e-41
1.489955072852853561e+02 2.537026194264109880e-41
1.507225309310755677e+02 2.570011722544281036e-41
1.524695727017573006e+02 2.603426117139775750e-41
1.542368646296627333e+02 2.637471416649908373e-41
1.560246414366367844e+02 2.672026373024111772e-41
1.578331405652116359e+02 2.707034052791866118e-41
1.596626022101425235e+02 2.742500387330057867e-41
1.615132693503091161e+02 2.778303662300636492e-41
1.633853877809862070e+02 2.814426195931072882e-41
1.652792061464895426e+02 2.851018382124588910e-41
1.671949759731990071e+02 2.888086327139644834e-41
1.691329517029648741e+02 2.925636216626329245e-41
1.710933907269015037e+02 2.963674316658201391e-41
1.730765534195725763e+02 3.002206974778312768e-41
1.750827031735725257e+02 3.041240621058056558e-41
1.771121064345088598e+02 3.080781769170567466e-41
1.791650327363901454e+02 3.118106293531865638e-41
1.812417547374237756e+02 3.155533629164252735e-41
1.833425482562290654e+02 3.193410213578006331e-41
1.854676923084699354e+02 3.231741439207936965e-41
1.876174691439121318e+02 3.268796073442178333e-41
1.897921642839101537e+02 3.305097642068872143e-41
1.919920665593284639e+02 3.341802357253188427e-41
1.942174681489026398e+02 3.378914696133639179e-41
1.964686646180446417e+02 3.416439185569369952e-41
1.987459549580983662e+02 3.454380402692494763e-41
2.010496416260499188e+02 3.492742975466572947e-41
2.033800305846982042e+02 3.531531583250721723e-41
2.057374313432913766e+02 3.570743906197945797e-41
2.081221569986339262e+02 3.610042749871715870e-41
2.105345242766705951e+02 3.649774108213203806e-41
2.129748535745520996e+02 3.689942741386330665e-41
2.154434690031884543e+02 3.730553461944363458e-41
2.179406984302955834e+02 3.771611135406562934e-41
2.204668735239409898e+02 3.813120680840868287e-41
2.230223297965938514e+02 3.855087071453613900e-41
2.256074066496861406e+02 3.897515335185117849e-41
2.282224474186898533e+02 3.940410555312133178e-41
2.308677994187169702e+02 3.983777871056936140e-41
2.335438139906479478e+02 4.027622478202787303e-41
2.362508465477947652e+02 4.071949629716822330e-41
2.389892566231050353e+02 4.116888313713128896e-41
2.417594079169130907e+02 4.163018852029273330e-41
2.445616683452446409e+02 4.209666292044753776e-41
2.473964100886814208e+02 4.256836425744154685e-41
2.502640096417919153e+02 4.304535110012309507e-41
2.531648478631355488e+02 4.352027407214803269e-41
2.560993100258459663e+02 4.399924889989607550e-41
2.590677858688009110e+02 4.448349522214813300e-41
2.620706696483852625e+02 4.497307105584664139e-41
2.651083601908538867e+02 4.548604934056867372e-41
2.681812609453015739e+02 4.601841310393365815e-41
2.712897800372467145e+02 4.655700759475579549e-41
2.744343303228365585e+02 4.710190573679009507e-41
2.776153294436800820e+02 4.764916900126143056e-41
2.808331998823172739e+02 4.819259081921063498e-41
2.840883690183304111e+02 4.874221016963340406e-41
2.873812691851066461e+02 4.929809773318239041e-41
2.907123377272578182e+02 4.986032499659874629e-41
2.940820170587063558e+02 5.042896426190204636e-41
2.974907547214440342e+02 5.100408865569311854e-41
3.009390034449721156e+02 5.158577213855566198e-41
3.044272212064302607e+02 5.217408951456500222e-41
3.079558712914226817e+02 5.276544201435370150e-41
3.115254223555488124e+02 5.336195084663475190e-41
3.151363484866479325e+02 5.396520316050917184e-41
3.187891292677645652e+02 5.457527519046257658e-41
3.224842498408441998e+02 5.520132135482524610e-41
3.262222009711670125e+02 5.584739160285103519e-41
3.300034791125285096e+02 5.650102338663609968e-41
3.338285864731760739e+02 5.716230520557074708e-41
3.376980310825091465e+02 5.782768554879759112e-41
3.416123268585528194e+02 5.847565606941070179e-41
3.455719936762139355e+02 5.913088722637028144e-41
3.495775574363275382e+02 5.979346037652781855e-41
3.536295501355043029e+02 6.046345778835133058e-41
3.577285099367873613e+02 6.118647624609084062e-41
3.618749812411280118e+02 6.192701766619793131e-41
3.660695147596902643e+02 6.267652187724309659e-41
3.703126675869926885e+02 6.343509735610553333e-41
3.746050032748992749e+02 6.422719896122857943e-41
3.789470919074667563e+02 6.504942830615274158e-41
3.833395101766601556e+02 6.588218373825784789e-41
3.877828414589457111e+02 6.672560001132278956e-41
3.922776758927719243e+02 6.756941849399453610e-41
3.968246104569481645e+02 6.839395678711881265e-41
4.014242490499322003e+02 6.922855678288876431e-41
4.060772025700365475e+02 7.007334126257717741e-41
4.107840889965646625e+02 7.092843450573267007e-41
4.155455334718875520e+02 7.184208680826122296e-41
4.203621683844713743e+02 7.276897645138327021e-41
4.252346334528681950e+02 7.370782460585443834e-41
4.301635758106795038e+02 7.465878555756608966e-41
4.351496500925049986e+02 7.558644820029094247e-41
4.401935185208874373e+02 7.650881696372693380e-41
4.452958509942655496e+02 7.744244123864830903e-41
4.504573251759458685e+02 7.838745837417341360e-41
4.556786265841063823e+02 7.936242599805960744e-41
4.609604486828433778e+02 8.037841480958114520e-41
4.663034929742731265e+02 8.140741019508471491e-41
4.717084690917017156e+02 8.244957866326098759e-41
4.771760948938745628e+02 8.350084534279058667e-41
4.827070965603182913e+02 8.452812704055160885e-41
4.883022086877879815e+02 8.556804702577214773e-41
4.939621743878320785e+02 8.662076078288144330e-41
4.996877453854883697e+02 8.768642570918357147e-41
5.054796821191240497e+02 8.876520113838229837e-41
5.113387538414326059e+02 8.985724836440820926e-41
5.172657387216019060e+02 9.096273066553910900e-41
5.232614239486662200e+02 9.208181332880392675e-41
5.293266058360561601e+02 9.328219748384699019e-41
5.354620899273608075e+02 9.456026934342189673e-41
5.416686911033151546e+02 9.585585223642175203e-41
5.479472336900287246e+02 9.716918608385986927e-41
5.542985515684669053e+02 9.845251567956053878e-41
5.607234882852033024e+02 9.959497168906800206e-41
5.672228971644543662e+02 1.007506849091689351e-40
5.737976414214133456e+02 1.019198091782846789e-40
5.804485942768977793e+02 1.031025001200045541e-40
5.871766390733255321e+02 1.041919298644081372e-40
5.939826693920356320e+02 1.052867197639445878e-40
6.008675891719686888e+02 1.063930130968629363e-40
6.078323128297230369e+02 1.075109307347382935e-40
6.148777653810022912e+02 1.085983783256294781e-40
6.220048825634711420e+02 1.096745597221893396e-40
6.292146109610343956e+02 1.107614057936399004e-40
6.365079081295571086e+02 1.118590222241036996e-40
6.438857427240419611e+02 1.130412637981181648e-40
6.513490946272802375e+02 1.143642864277714846e-40
6.588989550799949484e+02 1.157027935700706771e-40
6.665363268124913247e+02 1.170569664540601343e-40
6.742622241778342413e+02 1.184205762663012823e-40
6.820776732865684835e+02 1.197238877993320584e-40
6.899837121430018669e+02 1.210415433003258985e-40
6.979813907830659900e+02 1.223737006359280994e-40
7.060717714137772418e+02 1.237205194102245557e-40
7.142559285543126180e+02 1.251795423112171979e-40
7.225349491787213765e+02 1.266821006922798527e-40
7.309099328602910646e+02 1.282026946216982319e-40
7.393819919175865607e+02 1.297415405842395400e-40
7.479522515621821412e+02 1.312406103416652310e-40
7.566218500481055571e+02 1.326981010862347307e-40
7.653919388230148115e+02 1.341717779736809600e-40
7.742636826811269657e+02 1.356618207589893930e-40
7.832382599179196632e+02 1.371883664874770391e-40
7.923168624866253822e+02 1.388076912679276242e-40
8.015006961565404708e+02 1.404461300068844602e-40
8.107909806731686331e+02 1.421039083190075281e-40
8.201889499202203524e+02 1.437812544820378653e-40
8.296958520834906494e+02 1.454255306761349511e-40
8.393129498166364328e+02 1.470840571082362399e-40
8.490415204088747032e+02 1.487614984441593879e-40
8.588828559546249153e+02 1.504580704016546245e-40
8.688382635251184638e+02 1.521834793110736122e-40
8.789090653419954151e+02 1.539342563864370683e-40
8.890965989529157696e+02 1.557051750723214576e-40
8.994022174092044679e+02 1.574964670855290883e-40
9.098272894455558344e+02 1.593191452225166319e-40
9.203731996618221274e+02 1.611837991319319723e-40
9.310413487069075700e+02 1.630702767474502009e-40
9.418331534647951457e+02 1.649788334913486991e-40
9.527500472427290106e+02 1.669052992836233627e-40
9.637934799615785550e+02 1.687755057884034372e-40
9.749649183484086734e+02 1.706666683226564902e-40
9.862658461312820464e+02 1.725790217027864877e-40
9.976977642363201539e+02 1.745128033763637995e-40
1.009262190987048371e+03 1.765747241362910271e-40
1.020960662306047539e+03 1.786941905182274446e-40
1.032794731918952493e+03 1.808390973348927351e-40
1.044765971560805156e+03 1.830097499535834434e-40
1.056875971184805167e+03 1.852064574069889166e-40
1.069126339173477163e+03 1.874295324371848049e-40
1.081518702552289142e+03 1.896792915401697122e-40
1.094054707205743625e+03 1.919560550109063552e-40
1.106736018095974487e+03 1.942209336129799243e-40
1.119564319483879444e+03 1.963391257928028871e-40
1.132541315152812558e+03 1.984804191802412710e-40
1.145668728634872650e+03 2.006450657192869697e-40
1.158948303439811752e+03 2.028333201016605898e-40
1.172381803286599734e+03 2.052450160650284844e-40
1.185971012337670572e+03 2.077086184505775031e-40
1.199717735435885515e+03 2.102017920132028070e-40
1.213623798344241777e+03 2.127248917024328739e-40
1.227691047988360424e+03 2.152782767283460993e-40
1.241921352701784599e+03 2.178623106126904797e-40
1.256316602474121510e+03 2.204773612406510964e-40
1.270878709202059554e+03 2.231238009132224125e-40
1.285609606943296512e+03 2.257949165492357306e-40
1.300511252173409957e+03 2.284826523529512063e-40
1.315585624045705117e+03 2.312023814533353365e-40
1.330834724654076126e+03 2.339544846806057709e-40
1.346260579298911125e+03 2.367332156397995349e-40
1.361865236756082822e+03 2.393386507755058566e-40
1.377650769549054985e+03 2.419727607730348484e-40
1.393619274224143510e+03 2.446358612217744829e-40
1.409772871628967778e+03 2.473282711844378879e-40
1.426113707194129802e+03 2.502328324831886971e-40
1.442643951218158918e+03 2.532364338123091819e-40
1.459365799155757713e+03 2.562760880480515237e-40
1.476281471909391030e+03 2.593522279416229870e-40
1.493393216124253286e+03 2.624652914386289036e-40
1.510703304486655497e+03 2.656157217414390850e-40
1.528214036025870882e+03 2.688039673722816036e-40
1.545927736419478606e+03 2.720304822370984837e-40
1.563846758302247736e+03 2.752781908318386079e-40
1.581973481578601422e+03 2.784725553560141385e-40
1.600310313738701780e+03 2.817039877084926333e-40
1.618859690178199116e+03 2.849729180292549173e-40
1.637624074521688954e+03 2.882797814496830439e-40
1.656605958949915248e+03 2.915497775517466488e-40
1.675807864530768711e+03 2.948457229796630018e-40
1.695232341554121376e+03 2.981789287901974907e-40
1.714881969870540843e+03 3.015498162088051241e-40
1.734759359233932628e+03 3.050815637477870070e-40
1.754867149648152008e+03 3.087435268134233331e-40
1.775208011717636055e+03 3.124494452506309621e-40
1.795784647002096790e+03 3.161998466656842690e-40
1.816599788375328671e+03 3.199952649978299303e-40
1.837656200388172465e+03 3.238362405953239723e-40
1.858956679635688261e+03 3.277233202923290993e-40
1.880504055128583559e+03 3.316570574867875548e-40
1.902301188668945770e+03 3.356371073977161906e-40
1.924350975230332324e+03 3.394649291813123156e-40
1.946656343342263199e+03 3.433364059103418053e-40
1.969220255479173375e+03 3.472520354539128179e-40
1.992045708453871384e+03 3.512123213591703432e-40
2.015135733815558524e+03 3.551927175288259458e-40
2.038493398252464203e+03 3.592081409779504467e-40
2.062121803999144504e+03 3.632689584475040830e-40
2.086024089248504879e+03 3.673756831130253170e-40
2.110203428568596337e+03 3.714976144584822770e-40
2.134663033324245589e+03 3.756232759689895185e-40
2.159406152103567820e+03 3.797947549551389417e-40
2.184436071149428244e+03 3.840125602422467263e-40
2.209756114795903159e+03 3.882719663252692111e-40
2.235369645909796418e+03 3.925452045379113182e-40
2.261280066337279550e+03 3.968654730963116595e-40
2.287490817355704166e+03 4.012332896063831709e-40
2.314005380130653975e+03 4.056491773707182514e-40
2.340827276178294142e+03 4.101822290829579040e-40
2.367960067833078483e+03 4.147784011414237158e-40
2.395407358720879529e+03 4.194260742062550377e-40
2.423172794237600556e+03 4.241258253562956035e-40
2.451260062033339636e+03 4.288546235008882536e-40
2.479672892502160266e+03 4.336172624652389811e-40
2.508415059277541332e+03 4.384327928493359136e-40
2.537490379733571899e+03 4.433018020381083189e-40
2.566902715491951767e+03 4.482486779667073054e-40
2.596655972934872352e+03 4.533160911306624569e-40
2.626754103723838398e+03 4.584407909692614681e-40
2.657201105324506898e+03 4.636234251034868537e-40
2.688001021537607357e+03 4.688646484756210611e-40
2.719157943036018878e+03 4.740276872355375384e-40
2.750676007908067277e+03 4.792447345699524508e-40
2.782559402207125913e+03 4.845191996114389008e-40
2.814812360507581161e+03 4.898517142869997249e-40
2.847439166467247560e+03 4.952429174784992690e-40
2.880444153396297679e+03 5.006934550991747035e-40
2.913831704832788546e+03 5.062039801710702620e-40
2.947606255124858762e+03 5.117751529032433413e-40
2.981772290019673619e+03 5.174486087180757896e-40
3.016334347259197330e+03 5.232467215285677071e-40
3.051297017182871059e+03 5.291098033265045205e-40
3.086664943337274508e+03 5.350385821020818781e-40
3.122442823092857907e+03 5.410337940027939597e-40
3.158635408267819003e+03 5.470961834247853735e-40
3.195247505759213709e+03 5.532265031053138235e-40
3.232283978181380917e+03 5.594255142161959768e-40
3.269749744511767858e+03 5.656939864583548021e-40
3.307649780744242435e+03 5.720326981573352638e-40
3.345989120549974814e+03 5.784424363599813570e-40
3.384772855945982883e+03 5.849239969321411226e-40
3.424006137971425687e+03 5.914781846575238679e-40
3.463694177371734440e+03 5.980428548820367889e-40
3.503842245290675692e+03 6.046247866255777219e-40
3.544455673970435782e+03 6.112791577020476601e-40
3.585539857459817085e+03 6.180067653632605857e-40
3.627100252330648345e+03 6.248234819456153579e-40
3.669142378402494160e+03 6.317624502996428350e-40
3.711671819475766824e+03 6.387784792687336022e-40
3.754694224073336954e+03 6.458724246484390347e-40
3.798215306190736101e+03 6.530451517383778840e-40
3.842240846055060956e+03 6.603597395054995456e-40
3.886776690892667830e+03 6.677591994724429176e-40
3.931828755705770163e+03 6.752415718347362833e-40
3.977403024058036863e+03 6.828077856419992231e-40
4.023505548869293307e+03 6.904587803540006941e-40
4.070142453219438721e+03 6.981955059573396314e-40
4.117319931161679051e+03 7.060189230834348501e-40
4.165044248545184928e+03 7.139300031277337125e-40
4.213321743847289326e+03 7.219029023588535664e-40
4.262158829015324955e+03 7.299199848451871629e-40
4.311561990318228709e+03 7.380261009278311975e-40
4.361537789208005961e+03 7.462222393681439210e-40
4.412092863191190190e+03 7.545093999081594176e-40
4.463233926710397100e+03 7.628885933924956263e-40
4.514967772036101451e+03 7.713608418917409973e-40
4.567301270168746669e+03 7.799271788270238591e-40
4.620241371751312727e+03 7.885886490961674348e-40
4.673795107992463272e+03 7.973463092010415995e-40
4.727969591600390231e+03 8.062012273765343811e-40
4.782772017727485036e+03 8.151544837207490762e-40
4.838209664925957441e+03 8.242071703268561840e-40
4.894289896114531984e+03 8.336114658714319126e-40
4.951020159556351246e+03 8.433679636018185911e-40
5.008407989848212310e+03 8.532386503181540477e-40
5.066461008921268331e+03 8.632248624758966407e-40
5.125186927053332511e+03 8.733847672927660598e-40
5.184593543892912749e+03 8.838682023473979385e-40
5.244688749495118827e+03 8.944774724459424349e-40
5.305480525369574025e+03 9.052140880149143578e-40
5.366976945540475754e+03 9.160795776108202575e-40
5.429186177618942565e+03 9.270754881377766776e-40
5.492116483887789400e+03 9.382033850677243354e-40
5.555776222398877508e+03 9.494648526633646599e-40
5.620173848083188204e+03 9.608614942036167281e-40
5.685317913873753241e+03 9.723949322119347325e-40
5.751217071841613688e+03 9.840668086872889134e-40
5.817880074344935565e+03 9.958787853379350817e-40
5.885315775191450484e+03 1.007832543817989369e-39
5.953533130814370452e+03 1.019929785966842626e-39
6.022541201461927812e+03 1.032172234051449385e-39
6.092349152400711318e+03 1.044561631011524492e-39
6.162966255132942024e+03 1.057099740707682165e-39
6.234401888627863627e+03 1.069788348172555164e-39
6.306665540567405515e+03 1.082629259864909059e-39
6.379766808606282211e+03 1.095624303926896500e-39
6.453715401646702048e+03 1.108775330444220604e-39
6.528521141127846931e+03 1.122084211709599679e-39
6.604193962330305112e+03 1.135552842489305513e-39
6.680743915695614305e+03 1.149183140292899399e-39
6.758181168161110691e+03 1.162977045646300467e-39
6.836516004510238417e+03 1.176936522367943419e-39
6.915758828738525153e+03 1.191063557848438395e-39
6.995920165435374656e+03 1.205360163333495453e-39
7.077010661181889191e+03 1.219828374210261944e-39
7.159041085964888225e+03 1.234470250297097905e-39
7.242022334607315315e+03 1.249287876136808723e-39
7.325965428215230531e+03 1.264283361293500485e-39
7.410881515641569422e+03 1.279458840652793414e-39
7.496781874966876785e+03 1.294816474725843633e-39
7.583677914997190783e+03 1.310358449956911273e-39
7.671581176779302041e+03 1.326086979034642287e-39
7.760503335133571454e+03 1.342004301207084869e-39
7.850456200204509514e+03 1.358112682600488912e-39
7.941451719029339984e+03 1.374414416541930275e-39
8.033501977124734367e+03 1.390911823885808796e-39
8.126619200091945459e+03 1.407607253344265075e-39
8.220815755240540966e+03 1.424503081821540018e-39
8.316104153230960947e+03 1.441601714752463741e-39
8.412497049736119152e+03 1.458905586444775498e-39
8.510007247122246554e+03 1.476417160425784554e-39
8.608647696149244439e+03 1.494138929793076101e-39
8.708431497690724427e+03 1.512073417569449810e-39
8.809371904473990071e+03 1.530223177062119411e-39
8.911482322840201959e+03 1.548590792226222718e-39
9.014776314524917325e+03 1.567178878032696115e-39
9.119267598459298824e+03 1.585990080840564051e-39
9.224970052592174397e+03 1.605027078773697400e-39
9.331897715733239238e+03 1.624292582102094177e-39
9.440064789417603606e+03 1.643789333627709697e-39
9.549485639791966605e+03 1.663520109075051841e-39
9.660174799522645117e+03 1.683487717486198845e-39
9.772146969725725285e+03 1.702565895939699544e-39
9.885417021919573017e+03 1.720520099191906174e-39
1.000000000000000000e+04 1.738663636328451911e-39
