# Envelope of XENON limits as of 2025 
#  Mass [GeV] 	 sigma_p_SD [cm^2]
1.000000000000000056e-01 1.000000000000000000e+00
1.011591112223829692e-01 1.000000000000000000e+00
1.023316578330244891e-01 1.000000000000000000e+00
1.035177955630176283e-01 1.000000000000000000e+00
1.047176819485520216e-01 1.000000000000000000e+00
1.059314763518370006e-01 1.000000000000000000e+00
1.071593399822671072e-01 1.000000000000000000e+00
1.084014359178330916e-01 1.000000000000000000e+00
1.096579291267809897e-01 1.000000000000000000e+00
1.109289864895222771e-01 1.000000000000000000e+00
1.122147768207980290e-01 1.000000000000000000e+00
1.135154708920999012e-01 1.000000000000000000e+00
1.148312414543511129e-01 1.000000000000000000e+00
1.161622632608501904e-01 1.000000000000000000e+00
1.175087130904807486e-01 1.000000000000000000e+00
1.188707697711903349e-01 1.000000000000000000e+00
1.202486142037412220e-01 1.000000000000000000e+00
1.216424293857368000e-01 1.000000000000000000e+00
1.230524004359261625e-01 1.000000000000000000e+00
1.244787146187906202e-01 1.000000000000000000e+00
1.259215613694150970e-01 1.000000000000000000e+00
1.273811323186478384e-01 1.000000000000000000e+00
1.288576213185518016e-01 1.000000000000000000e+00
1.303512244681508947e-01 1.000000000000000000e+00
1.318621401394748371e-01 1.000000000000000000e+00
1.333905690039058622e-01 1.000000000000000000e+00
1.349367140588306480e-01 1.000000000000000000e+00
1.365007806546013891e-01 1.000000000000000000e+00
1.380829765218092309e-01 1.000000000000000000e+00
1.396835117988739772e-01 1.000000000000000000e+00
1.413025990599533765e-01 1.000000000000000000e+00
1.429404533431760937e-01 1.000000000000000000e+00
1.445972921792019472e-01 1.000000000000000000e+00
1.462733356201129931e-01 1.000000000000000000e+00
1.479688062686396188e-01 1.000000000000000000e+00
1.496839293077255606e-01 1.000000000000000000e+00
1.514189325304352018e-01 1.000000000000000000e+00
1.531740463702079835e-01 1.000000000000000000e+00
1.549495039314631728e-01 1.000000000000000000e+00
1.567455410205594868e-01 1.000000000000000000e+00
1.585623961771137069e-01 1.000000000000000000e+00
1.604003107056820310e-01 1.000000000000000000e+00
1.622595287078087423e-01 1.000000000000000000e+00
1.641402971144466927e-01 1.000000000000000000e+00
1.660428657187530133e-01 1.000000000000000000e+00
1.679674872092653537e-01 1.000000000000000000e+00
1.699144172034626477e-01 1.000000000000000000e+00
1.718839142817145949e-01 1.000000000000000000e+00
1.738762400216250781e-01 1.000000000000000000e+00
1.758916590327733176e-01 1.000000000000000000e+00
1.779304389918577867e-01 1.000000000000000000e+00
1.799928506782476900e-01 1.000000000000000000e+00
1.820791680099462795e-01 1.000000000000000000e+00
1.841896680799711417e-01 1.000000000000000000e+00
1.863246311931560373e-01 1.000000000000000000e+00
1.884843409033795936e-01 1.000000000000000000e+00
1.906690840512252350e-01 1.000000000000000000e+00
1.928791508020778200e-01 1.000000000000000000e+00
1.951148346846616755e-01 1.000000000000000000e+00
1.973764326300255778e-01 1.000000000000000000e+00
1.996642450109794020e-01 1.000000000000000000e+00
2.019785756819878764e-01 1.000000000000000000e+00
2.043197320195271061e-01 1.000000000000000000e+00
2.066880249629082511e-01 1.000000000000000000e+00
2.090837690555750472e-01 1.000000000000000000e+00
2.115072824868795276e-01 1.000000000000000000e+00
2.139588871343422183e-01 1.000000000000000000e+00
2.164389086064020806e-01 1.000000000000000000e+00
2.189476762856621128e-01 1.000000000000000000e+00
2.214855233726359951e-01 1.000000000000000000e+00
2.240527869300018848e-01 1.000000000000000000e+00
2.266498079273693289e-01 1.000000000000000000e+00
2.292769312865649278e-01 1.000000000000000000e+00
2.319345059274428023e-01 1.000000000000000000e+00
2.346228848142263013e-01 1.000000000000000000e+00
2.373424250023866700e-01 1.000000000000000000e+00
2.400934876860652545e-01 1.000000000000000000e+00
2.428764382460451010e-01 1.000000000000000000e+00
2.456916462982790816e-01 1.000000000000000000e+00
2.485394857429799043e-01 1.000000000000000000e+00
2.514203348142797223e-01 1.000000000000000000e+00
2.543345761304649510e-01 1.000000000000000000e+00
2.572825967447933682e-01 1.000000000000000000e+00
2.602647881969005761e-01 1.000000000000000000e+00
2.632815465648021269e-01 1.000000000000000000e+00
2.663332725174982207e-01 1.000000000000000000e+00
2.694203713681883605e-01 1.000000000000000000e+00
2.725432531281029025e-01 1.000000000000000000e+00
2.757023325609583853e-01 1.000000000000000000e+00
2.788980292380440762e-01 1.000000000000000000e+00
2.821307675939472293e-01 1.000000000000000000e+00
2.854009769829238818e-01 1.000000000000000000e+00
2.887090917359236286e-01 1.000000000000000000e+00
2.920555512182746449e-01 1.000000000000000000e+00
2.954407998880381192e-01 1.000000000000000000e+00
2.988652873550384226e-01 1.000000000000000000e+00
3.023294684405777866e-01 1.000000000000000000e+00
3.058338032378433158e-01 1.000000000000000000e+00
3.093787571730138297e-01 1.000000000000000000e+00
3.129648010670751934e-01 1.000000000000000000e+00
3.165924111983522415e-01 1.000000000000000000e+00
3.202620693657651785e-01 1.000000000000000000e+00
3.239742629528197249e-01 1.000000000000000000e+00
3.277294849923383935e-01 1.000000000000000000e+00
3.315282342319424980e-01 1.000000000000000000e+00
3.353710152002930545e-01 1.000000000000000000e+00
3.392583382740993470e-01 1.000000000000000000e+00
3.431907197459044268e-01 1.000000000000000000e+00
3.471686818926561502e-01 1.000000000000000000e+00
3.511927530450729695e-01 1.000000000000000000e+00
3.552634676578141359e-01 1.000000000000000000e+00
3.593813663804627523e-01 1.000000000000000000e+00
3.635469961293319452e-01 1.000000000000000000e+00
3.677609101601032604e-01 1.000000000000000000e+00
3.720236681413067736e-01 1.000000000000000000e+00
3.763358362286534642e-01 1.000000000000000000e+00
3.806979871402286220e-01 1.000000000000000000e+00
3.851107002325570572e-01 1.000000000000000000e+00
3.895745615775503268e-01 1.000000000000000000e+00
3.940901640403449702e-01 1.000000000000000000e+00
3.986581073580440782e-01 1.000000000000000000e+00
4.032789982193707434e-01 1.000000000000000000e+00
4.079534503452451055e-01 1.000000000000000000e+00
4.126820845702953711e-01 1.000000000000000000e+00
4.174655289253136892e-01 1.000000000000000000e+00
4.223044187206674294e-01 1.000000000000000000e+00
4.271993966306778523e-01 1.000000000000000000e+00
4.321511127789764428e-01 1.000000000000000000e+00
4.371602248248504519e-01 1.000000000000000000e+00
4.422273980505899149e-01 1.000000000000000000e+00
4.473533054498465278e-01 1.000000000000000000e+00
4.525386278170169252e-01 1.000000000000000000e+00
4.577840538376618529e-01 1.000000000000000000e+00
4.630902801799739454e-01 1.000000000000000000e+00
4.684580115873047679e-01 1.000000000000000000e+00
4.738879609717653318e-01 1.000000000000000000e+00
4.793808495089109112e-01 1.000000000000000000e+00
4.849374067335235350e-01 1.000000000000000000e+00
4.905583706365048147e-01 1.000000000000000000e+00
4.962444877628915951e-01 1.000000000000000000e+00
5.019965133110081412e-01 1.000000000000000000e+00
5.078152112327672940e-01 1.000000000000000000e+00
5.137013543351340861e-01 1.000000000000000000e+00
5.196557243827659711e-01 1.000000000000000000e+00
5.256791122018421580e-01 1.000000000000000000e+00
5.317723177850969263e-01 1.000000000000000000e+00
5.379361503980700787e-01 1.000000000000000000e+00
5.441714286865890760e-01 1.000000000000000000e+00
5.504789807854970629e-01 1.000000000000000000e+00
5.568596444286411096e-01 1.000000000000000000e+00
5.633142670601354318e-01 1.000000000000000000e+00
5.698437059469139143e-01 1.000000000000000000e+00
5.764488282925875895e-01 1.000000000000000000e+00
5.831305113526221717e-01 1.000000000000000000e+00
5.898896425508496355e-01 1.000000000000000000e+00
5.967271195973313791e-01 1.000000000000000000e+00
6.036438506075867405e-01 1.000000000000000000e+00
6.106407542232039631e-01 1.000000000000000000e+00
6.177187597338491543e-01 1.000000000000000000e+00
6.248788072006891126e-01 1.000000000000000000e+00
6.321218475812451221e-01 1.000000000000000000e+00
6.394488428556941439e-01 1.000000000000000000e+00
6.468607661546326160e-01 1.000000000000000000e+00
6.543586018883233990e-01 1.000000000000000000e+00
6.619433458774393042e-01 1.000000000000000000e+00
6.696160054853220744e-01 1.000000000000000000e+00
6.773775997517750280e-01 1.000000000000000000e+00
6.852291595284062398e-01 1.000000000000000000e+00
6.931717276155405782e-01 1.000000000000000000e+00
7.012063589007182518e-01 1.000000000000000000e+00
7.093341204987995141e-01 1.000000000000000000e+00
7.175560918936926269e-01 1.000000000000000000e+00
7.258733650817251748e-01 1.000000000000000000e+00
7.342870447166763848e-01 1.000000000000000000e+00
7.427982482564916555e-01 1.000000000000000000e+00
7.514081061116968385e-01 1.000000000000000000e+00
7.601177617955328092e-01 1.000000000000000000e+00
7.689283720758310903e-01 1.000000000000000000e+00
7.778411071286488454e-01 1.000000000000000000e+00
7.868571506936850035e-01 1.000000000000000000e+00
7.959777002314983863e-01 1.000000000000000000e+00
8.052039670825476003e-01 1.000000000000000000e+00
8.145371766280743442e-01 1.000000000000000000e+00
8.239785684528517784e-01 1.000000000000000000e+00
8.335293965098193869e-01 1.000000000000000000e+00
8.431909292866257566e-01 1.000000000000000000e+00
8.529644499741022567e-01 1.000000000000000000e+00
8.628512566366893788e-01 1.000000000000000000e+00
8.728526623848377186e-01 1.000000000000000000e+00
8.829699955494089147e-01 1.000000000000000000e+00
8.932045998580966373e-01 1.000000000000000000e+00
9.035578346138927186e-01 1.000000000000000000e+00
9.140310748756229620e-01 1.000000000000000000e+00
9.246257116405740550e-01 1.000000000000000000e+00
9.353431520292383450e-01 1.000000000000000000e+00
9.461848194721999006e-01 1.000000000000000000e+00
9.571521538991862865e-01 1.000000000000000000e+00
9.682466119303121399e-01 1.000000000000000000e+00
9.794696670695393070e-01 1.000000000000000000e+00
9.908228099003795197e-01 1.000000000000000000e+00
1.002307548283865479e+00 1.000000000000000000e+00
1.013925407558815328e+00 1.000000000000000000e+00
1.025677930744421928e+00 1.000000000000000000e+00
1.037566678745186044e+00 1.000000000000000000e+00
1.049593230558227619e+00 1.000000000000000000e+00
1.061759183483000024e+00 1.000000000000000000e+00
1.074066153333433471e+00 1.000000000000000000e+00
1.086515774652538457e+00 1.000000000000000000e+00
1.099109700929497224e+00 1.000000000000000000e+00
1.111849604819270976e+00 1.000000000000000000e+00
1.124737178364751955e+00 1.000000000000000000e+00
1.137774133221491457e+00 1.000000000000000000e+00
1.150962200885032205e+00 1.000000000000000000e+00
1.164303132920876838e+00 1.000000000000000000e+00
1.177798701197119158e+00 1.000000000000000000e+00
1.191450698119775886e+00 1.000000000000000000e+00
1.205260936870842681e+00 1.000000000000000000e+00
1.219231251649110614e+00 1.000000000000000000e+00
1.233363497913775975e+00 1.000000000000000000e+00
1.247659552630869806e+00 1.000000000000000000e+00
1.262121314522547388e+00 1.000000000000000000e+00
1.276750704319265850e+00 1.000000000000000000e+00
1.291549665014884107e+00 1.000000000000000000e+00
1.306520162124721329e+00 1.000000000000000000e+00
1.321664183946605231e+00 1.000000000000000000e+00
1.336983741824946614e+00 1.000000000000000000e+00
1.352480870417875458e+00 1.000000000000000000e+00
1.368157627967471868e+00 1.000000000000000000e+00
1.384016096573131627e+00 1.000000000000000000e+00
1.400058382468097440e+00 1.000000000000000000e+00
1.416286616299198720e+00 1.000000000000000000e+00
1.432702953409831004e+00 1.000000000000000000e+00
1.449309574126216527e+00 1.000000000000000000e+00
1.466108684046984356e+00 1.000000000000000000e+00
1.483102514336104516e+00 1.000000000000000000e+00
1.500293322019218278e+00 1.000000000000000000e+00
1.517683390283405265e+00 1.000000000000000000e+00
1.535275028780422657e+00 1.000000000000000000e+00
1.553070573933460041e+00 1.000000000000000000e+00
1.571072389247450518e+00 1.000000000000000000e+00
1.589282865622978047e+00 1.000000000000000000e+00
1.607704421673823658e+00 1.000000000000000000e+00
1.626339504048192275e+00 1.000000000000000000e+00
1.645190587753662559e+00 1.000000000000000000e+00
1.664260176485903520e+00 1.000000000000000000e+00
1.683550802961202297e+00 1.000000000000000000e+00
1.703065029252844420e+00 1.000000000000000000e+00
1.722805447131394052e+00 1.000000000000000000e+00
1.742774678408919087e+00 1.000000000000000000e+00
1.762975375287205715e+00 1.000000000000000000e+00
1.783410220710007987e+00 1.000000000000000000e+00
1.804081928719382777e+00 1.000000000000000000e+00
1.824993244816152327e+00 1.000000000000000000e+00
1.846146946324547677e+00 1.000000000000000000e+00
1.867545842761076047e+00 1.000000000000000000e+00
1.889192776207666347e+00 1.000000000000000000e+00
1.911090621689137903e+00 1.000000000000000000e+00
1.933242287555045236e+00 1.000000000000000000e+00
1.955650715865949074e+00 1.000000000000000000e+00
1.978318882784164234e+00 1.000000000000000000e+00
2.001249798969037208e+00 1.000000000000000000e+00
2.024446509976803643e+00 1.000000000000000000e+00
2.047912096665085446e+00 1.000000000000000000e+00
2.071649675602068807e+00 1.000000000000000000e+00
2.095662399480433091e+00 1.000000000000000000e+00
2.119953457536071006e+00 1.000000000000000000e+00
2.144526075971667556e+00 1.000000000000000000e+00
2.169383518385184395e+00 1.000000000000000000e+00
2.194529086203313550e+00 1.000000000000000000e+00
2.219966119119954673e+00 1.000000000000000000e+00
2.245697995539774006e+00 1.000000000000000000e+00
2.271728133026905017e+00 1.000000000000000000e+00
2.298059988758851091e+00 1.000000000000000000e+00
2.324697059985648018e+00 1.000000000000000000e+00
2.351642884494348440e+00 1.000000000000000000e+00
2.378901041078893108e+00 1.000000000000000000e+00
2.406475150015424003e+00 1.000000000000000000e+00
2.434368873543110379e+00 1.000000000000000000e+00
2.462585916350546800e+00 1.000000000000000000e+00
2.491130026067788439e+00 1.000000000000000000e+00
2.520004993764092038e+00 1.000000000000000000e+00
2.549214654451422923e+00 1.000000000000000000e+00
2.578762887593800901e+00 1.000000000000000000e+00
2.608653617622548104e+00 1.000000000000000000e+00
2.638890814457510281e+00 1.000000000000000000e+00
2.669478494034320804e+00 1.000000000000000000e+00
2.700420718837772682e+00 1.000000000000000000e+00
2.731721598441376297e+00 1.000000000000000000e+00
2.763385290053169907e+00 1.000000000000000000e+00
2.795415999067856649e+00 1.000000000000000000e+00
2.827817979625341316e+00 1.000000000000000000e+00
2.860595535175741944e+00 1.000000000000000000e+00
2.893753019050950392e+00 1.000000000000000000e+00
2.927294835042816068e+00 1.000000000000000000e+00
2.961225437988034503e+00 1.000000000000000000e+00
2.995549334359813187e+00 1.000000000000000000e+00
3.030271082866396348e+00 1.000000000000000000e+00
3.065395295056526859e+00 1.000000000000000000e+00
3.100926635931926523e+00 1.000000000000000000e+00
3.136869824566876463e+00 1.000000000000000000e+00
3.173229634734976212e+00 1.000000000000000000e+00
3.210010895543171650e+00 1.000000000000000000e+00
3.247218492073128626e+00 1.000000000000000000e+00
3.284857366030043746e+00 1.000000000000000000e+00
3.322932516398971803e+00 1.000000000000000000e+00
3.361449000108764906e+00 1.000000000000000000e+00
3.400411932703705897e+00 1.000000000000000000e+00
3.439826489022924427e+00 1.000000000000000000e+00
3.479697903887691623e+00 1.000000000000000000e+00
3.520031472796679051e+00 1.000000000000000000e+00
3.560832552629277892e+00 1.000000000000000000e+00
3.602106562357069830e+00 1.000000000000000000e+00
3.643858983763544224e+00 1.000000000000000000e+00
3.686095362172157941e+00 1.000000000000000000e+00
3.728821307182833777e+00 1.000000000000000000e+00
3.772042493416997377e+00 1.000000000000000000e+00
3.815764661271248581e+00 1.000000000000000000e+00
3.859993617679767119e+00 1.000000000000000000e+00
3.904735236885560123e+00 1.000000000000000000e+00
3.949995461220642934e+00 1.000000000000000000e+00
3.995780301895269560e+00 1.000000000000000000e+00
4.042095839796307821e+00 1.000000000000000000e+00
4.088948226294862209e+00 1.000000000000000000e+00
4.136343684063275461e+00 1.000000000000000000e+00
4.184288507901582577e+00 1.000000000000000000e+00
4.232789065573550502e+00 1.000000000000000000e+00
4.281851798652413166e+00 1.000000000000000000e+00
4.331483223376400460e+00 1.000000000000000000e+00
4.381689931514192615e+00 1.000000000000000000e+00
4.432478591240398558e+00 1.000000000000000000e+00
4.483855948021188809e+00 1.000000000000000000e+00
4.535828825510188622e+00 1.000000000000000000e+00
4.588404126454759258e+00 1.000000000000000000e+00
4.641588833612779297e+00 1.000000000000000000e+00
4.695390010680060122e+00 1.000000000000000000e+00
4.749814803228502136e+00 1.000000000000000000e+00
4.804870439655131165e+00 1.000000000000000000e+00
4.860564232142136731e+00 1.000000000000000000e+00
4.916903577628028543e+00 1.000000000000000000e+00
4.973895958790064853e+00 1.000000000000000000e+00
5.031548945038053944e+00 1.000000000000000000e+00
5.089870193519682395e+00 1.000000000000000000e+00
5.148867450137495361e+00 1.000000000000000000e+00
5.208548550577662972e+00 1.000000000000000000e+00
5.268921421350674095e+00 1.000000000000000000e+00
5.329994080844090654e+00 1.000000000000000000e+00
5.391774640387502870e+00 1.000000000000000000e+00
5.454271305329833730e+00 1.000000000000000000e+00
5.517492376129125908e+00 1.000000000000000000e+00
5.581446249454963926e+00 1.000000000000000000e+00
5.646141419303670084e+00 1.000000000000000000e+00
5.711586478126432276e+00 1.000000000000000000e+00
5.777790117970504014e+00 1.000000000000000000e+00
5.844761131633634754e+00 1.000000000000000000e+00
5.912508413831877974e+00 1.000000000000000000e+00
5.981040962380941295e+00 1.000000000000000000e+00
6.050367879391221670e+00 1.000000000000000000e+00
6.120498372476699700e+00 1.000000000000000000e+00
6.191441755977844075e+00 1.000000000000000000e+00
6.263207452198689573e+00 8.900515592264189111e-38
6.335804992658251145e+00 8.027908055325687055e-38
6.409244019356453492e+00 7.240851058198904346e-38
6.483534286054723594e+00 6.530957216461685306e-38
6.558685659571431792e+00 5.890661445791788918e-38
6.634708121092347533e+00 5.313140343573919291e-38
6.711611767496282965e+00 4.795188439955911752e-38
6.789406812696109128e+00 4.333101035355291469e-38
6.868103588995303710e+00 3.923258982414298288e-38
6.947712548460236448e+00 3.561763326711856675e-38
7.028244264308349365e+00 3.221295665594839626e-38
7.109709432312435240e+00 2.916789652996457489e-38
7.192118872221189285e+00 2.602489532387505748e-38
7.275483529196228538e+00 2.304383611578342019e-38
7.359814475265767264e+00 2.113890741673163733e-38
7.445122910795139326e+00 1.939825899301910638e-38
7.531420165974371805e+00 1.766702081132601764e-38
7.618717702322995500e+00 1.609050257674447855e-38
7.707027114212299246e+00 1.477910391804120655e-38
7.796360130405233235e+00 1.340053589552793692e-38
7.886728615614152282e+00 1.227309811710231084e-38
7.978144572076624641e+00 1.127073705606499994e-38
8.070620141149502658e+00 1.028854674174045558e-38
8.164167604921468424e+00 9.658524871271960064e-39
8.258799387844268480e+00 9.142750075548782723e-39
8.354528058382866718e+00 8.537734117139621269e-39
8.451366330684717099e+00 7.918031025145628258e-39
8.549327066268380904e+00 7.246997876963955981e-39
8.648423275731722981e+00 6.706125421503514924e-39
8.748668120479909049e+00 6.247181145381533345e-39
8.850074914473434973e+00 5.789186654302756912e-39
8.952657125996395848e+00 5.363930277159387058e-39
9.056428379445289778e+00 4.969218326210532539e-39
9.161402457138516198e+00 4.619815866416645437e-39
9.267593301146877849e+00 4.303358539890720195e-39
9.375015015145285346e+00 3.941507857058715656e-39
9.483681866285921913e+00 3.652394210204340005e-39
9.593608287093141840e+00 3.410617545588052587e-39
9.704808877380301624e+00 3.160392450539892200e-39
9.817298406188836424e+00 2.929263644512082722e-39
9.931091813749794994e+00 2.718126678940012376e-39
1.004620421346813153e+01 2.526097082870235421e-39
1.016265089392995158e+01 9.081442338963091051e-40
1.028044732093309754e+01 8.526030200508060169e-40
1.039960913954120336e+01 8.004586525654991604e-40
1.052015217616159148e+01 7.515033836365992576e-40
1.064209244064724658e+01 7.055421711130109683e-40
1.076544612842315907e+01 6.608635672646507181e-40
1.089022962263730498e+01 6.154514036310159420e-40
1.101645949633656940e+01 5.775388979729135153e-40
1.114415251466788170e+01 5.431560574247927968e-40
1.127332563710487179e+01 5.115267272606400741e-40
1.140399601970033139e+01 4.818715425202210867e-40
1.153618101736478430e+01 4.548289997137963199e-40
1.166989818617147456e+01 4.300304734574837844e-40
1.180516528568805512e+01 4.089142917436746150e-40
1.194200028133532498e+01 3.890201956586818170e-40
1.208042134677328860e+01 3.726359506610178664e-40
1.222044686631488730e+01 3.569417559156010565e-40
1.236209543736769056e+01 3.415130517753098345e-40
1.250538587290391312e+01 3.254149022745925409e-40
1.265033720395903849e+01 3.100755829737812858e-40
1.279696868215941663e+01 2.969417680305270621e-40
1.294529978227916089e+01 2.845071020580833356e-40
1.309535020482667633e+01 2.721918137520556935e-40
1.324713987866117471e+01 2.598032590203512535e-40
1.340068896363950657e+01 2.480511791708122590e-40
1.355601785329368880e+01 2.388197655719464612e-40
1.371314717753945622e+01 2.299319060626807513e-40
1.387209780541621029e+01 2.214795516423731396e-40
1.403289084785873087e+01 2.135960845149020174e-40
1.419554766050101513e+01 2.059932259288923923e-40
1.436008984651260612e+01 1.986723419043572846e-40
1.452653925946781222e+01 1.916358031999108661e-40
1.469491800624817301e+01 1.848484832667567717e-40
1.486524844997857109e+01 1.787313606566087502e-40
1.503755321299738412e+01 1.732921226389168647e-40
1.521185517986104863e+01 1.680184141069538258e-40
1.538817750038346333e+01 1.630224497556858034e-40
1.556654359271061949e+01 1.586170362691857699e-40
1.574697714643086677e+01 1.543306718340067792e-40
1.592950212572123014e+01 1.501601393454012978e-40
1.611414277253019733e+01 1.462225950476489538e-40
1.630092360979741173e+01 1.424773216779566082e-40
1.648986944471064930e+01 1.388279778915763358e-40
1.668100537200059108e+01 1.352721065955148612e-40
1.687435677727375705e+01 1.327204613190817712e-40
1.706994934038407763e+01 1.306208713900594364e-40
1.726780903884355922e+01 1.285544962180230474e-40
1.746796215127245588e+01 1.265208103574759889e-40
1.767043526088946592e+01 1.245192966752740131e-40
1.787525525904235479e+01 1.223756226415117939e-40
1.808244934877951593e+01 1.202221039490209876e-40
1.829204504846293844e+01 1.181064820423344474e-40
1.850407019542302223e+01 1.160280900285297328e-40
1.871855294965579120e+01 1.139862727504071726e-40
1.893552179756295217e+01 1.122058950686603895e-40
1.915500555573527919e+01 1.105486555841947757e-40
1.937703337477988796e+01 1.089158929127093524e-40
1.960163474319185539e+01 1.073072455407479981e-40
1.982883949127071332e+01 1.057223572942743491e-40
2.005867779508233895e+01 1.043125722912924837e-40
2.029118018046678174e+01 1.030154881004225299e-40
2.052637752709252084e+01 1.017345326211874419e-40
2.076430107255774615e+01 1.004695052996485269e-40
2.100498241653915343e+01 9.922020807567997624e-41
2.124845352498882889e+01 9.813134789378322788e-41
2.149474673437980599e+01 9.718188038016788783e-41
2.174389475600079891e+01 9.624159941681310871e-41
2.199593068030074861e+01 9.531041611946805248e-41
2.225088798128369305e+01 9.438824246388405720e-41
2.250880052095461892e+01 9.355048445970823368e-41
2.276970255381679920e+01 9.281373941213686070e-41
2.303362873142131306e+01 9.208279650731499924e-41
2.330061410696924540e+01 9.135761005120032288e-41
2.357069413996727647e+01 9.063813470960369337e-41
2.384390470093720538e+01 9.008876530901345721e-41
2.412028207618006803e+01 8.960553333299229058e-41
2.439986297259550341e+01 8.912489339097056870e-41
2.468268452255692580e+01 8.864683157939619270e-41
2.496878428884326695e+01 8.817133406929942791e-41
2.525820026962784581e+01 8.771112966231572243e-41
2.555097090352506939e+01 8.728686947739909311e-41
2.584713507469563609e+01 8.686466144601274498e-41
2.614673211801092023e+01 8.644449564185752621e-41
2.644980182427719839e+01 8.602636218664795443e-41
2.675638444552045314e+01 8.561025124987574583e-41
2.706652070033241131e+01 8.552367513801137397e-41
2.738025177927857712e+01 8.543830890472286562e-41
2.769761935036891032e+01 8.535302788051563131e-41
2.801866556459195223e+01 8.526783198033745579e-41
2.834343306151309250e+01 8.519449239608503248e-41
2.867196497493769769e+01 8.522250751554282395e-41
2.900430493863991543e+01 8.525053184741442130e-41
2.934049709215787161e+01 8.527856539472781051e-41
2.968058608665602449e+01 8.530660816051617739e-41
3.002461709085549302e+01 8.533768834500298910e-41
3.037263579703311578e+01 8.552547972777729054e-41
3.072468842709003667e+01 8.571368435825313688e-41
3.108082173869063780e+01 8.590230314580737886e-41
3.144108303147264749e+01 8.609133700182361248e-41
3.180552015332919780e+01 8.628078683968540896e-41
3.217418150676371624e+01 8.651845685524701489e-41
3.254711605531848306e+01 8.676017692191921572e-41
3.292437333007768530e+01 8.700257231952952868e-41
3.330600343624588788e+01 8.724564493485358038e-41
3.369205705980267140e+01 8.748939665994266529e-41
3.408258547423452001e+01 8.782831391450750423e-41
3.447764054734464167e+01 8.818545623735950178e-41
3.487727474814177242e+01 8.854405083264036516e-41
3.528154115380883127e+01 8.890410360582697379e-41
3.569049345675229290e+01 8.926562048640566723e-41
3.610418597173337218e+01 8.972703368411656723e-41
3.652267364308175246e+01 9.022147476488543661e-41
3.694601205199302285e+01 9.071864046467173322e-41
3.737425742391064176e+01 9.121854579749647837e-41
3.780746663599349233e+01 9.172120586011552831e-41
3.824569722466998911e+01 9.227426444202987208e-41
3.868900739327975202e+01 9.285336712940214997e-41
3.913745601980384237e+01 9.343610419873944195e-41
3.959110266468458406e+01 9.402249845900403723e-41
4.005000757873611406e+01 9.461257286230933488e-41
4.051423171114647204e+01 9.525890717159605396e-41
4.098383671757261482e+01 9.594592808820039608e-41
4.145888496832910874e+01 9.663790389830357808e-41
4.193943955667186430e+01 9.733487033730741820e-41
4.242556430717777260e+01 9.803686339834729455e-41
4.291732378422157268e+01 9.878636356160391807e-41
4.341478330055092272e+01 9.958298109579628038e-41
4.391800892596086214e+01 1.003860225884471328e-40
4.442706749606882966e+01 1.011955398426386306e-40
4.494202662119142389e+01 1.020115850791902990e-40
4.546295469532399380e+01 1.028452495118775194e-40
4.598992090522438048e+01 1.037008966844449301e-40
4.652299523960189020e+01 1.045636626309702968e-40
4.706224849841281355e+01 1.054336065778997282e-40
4.760775230226368393e+01 1.063107882444340289e-40
4.815957910192350511e+01 1.072167181083087897e-40
4.871780218794631168e+01 1.081727335559884592e-40
4.928249570040513561e+01 1.091372734721700240e-40
4.985373463873893485e+01 1.101104138666711434e-40
5.043159487171358535e+01 1.110922314270687491e-40
5.101615314749833630e+01 1.120899953708286302e-40
5.160748710385907856e+01 1.131181510207369655e-40
5.220567527846975509e+01 1.141557375216070817e-40
5.281079711934330589e+01 1.152028413787711289e-40
5.342293299538351903e+01 1.162595498910467635e-40
5.404216420705915169e+01 1.173326117554193861e-40
5.466857299720180663e+01 1.184489056984502748e-40
5.530224256192899901e+01 1.195758199809449803e-40
5.594325706169377810e+01 1.207134556440434453e-40
5.659170163246242424e+01 1.218619146901837196e-40
5.724766239702178439e+01 1.230213000922416482e-40
5.791122647641758192e+01 1.241917158027755554e-40
5.858248200152535645e+01 1.253732667633388130e-40
5.926151812475552560e+01 1.265660589138911440e-40
5.994842503189408944e+01 1.277701992022994456e-40
6.064329395408061885e+01 1.289857955939185265e-40
6.134621717992506262e+01 1.302678826843015180e-40
6.205728806776500761e+01 1.315628445059856904e-40
6.277660105806499757e+01 1.328706792329845316e-40
6.350425168595962333e+01 1.341915148317687559e-40
6.424033659394190465e+01 1.355254805408910008e-40
6.498495354469888241e+01 1.369149519039490320e-40
6.573820143409585626e+01 1.383227603110058565e-40
6.650018030431118632e+01 1.397450443066190616e-40
6.727099135712336420e+01 1.411819527339572601e-40
6.805073696735206568e+01 1.426336359666475555e-40
6.883952069645496863e+01 1.441002459245101311e-40
6.963744730628222612e+01 1.455819360894659430e-40
7.044462277299037112e+01 1.470788615215848499e-40
7.126115430111745752e+01 1.485911788753220393e-40
7.208715033782135606e+01 1.501190464159072261e-40
7.292272058728312345e+01 1.517007008898372492e-40
7.376797602527730646e+01 1.533123795948823691e-40
7.462302891391107096e+01 1.549411808856022643e-40
7.548799281653431592e+01 1.565872866735327297e-40
7.636298261282242095e+01 1.582508808028400203e-40
7.724811451403400042e+01 1.599588098098351840e-40
7.814350607844542651e+01 1.616992302487121353e-40
7.904927622696420997e+01 1.634585872082324905e-40
7.996554525892345566e+01 1.652370867258605840e-40
8.089243486805938232e+01 1.670349370808367061e-40
8.183006815867389605e+01 1.688441822293348551e-40
8.277856966198471866e+01 1.706668498208805195e-40
8.373806535266488993e+01 1.725091930512660084e-40
8.470868266557401682e+01 1.743714243183856641e-40
8.569055051268347256e+01 1.762537583129652555e-40
8.668379930019773383e+01 1.781490773634174892e-40
8.768856094587427208e+01 1.800569675796767672e-40
8.870496889654403105e+01 1.819852903748284088e-40
8.973315814583520478e+01 1.839342645718795581e-40
9.077326525210223451e+01 1.859041113373256628e-40
9.182542835656282421e+01 1.879142064063480862e-40
9.288978720164497815e+01 1.899748541479462987e-40
9.396648314954690306e+01 1.920580987394377064e-40
9.505565920101190613e+01 1.941641879755397317e-40
9.615746001432096079e+01 1.962933723682644900e-40
9.727203192450537017e+01 1.984405909983282093e-40
9.839952296278225674e+01 2.005997097169964742e-40
9.954008287621518036e+01 2.027823205731243420e-40
1.006938631476027126e+02 2.049886791712405402e-40
1.018610170155975254e+02 2.072190438969605590e-40
1.030416994950587508e+02 2.094818806199059793e-40
1.042360673976401131e+02 2.117969426998298227e-40
1.054442793526168458e+02 2.141375893907856151e-40
1.066664958279538808e+02 2.165041034378174334e-40
1.079028791516183645e+02 2.188967707106792625e-40
1.091535935331391016e+02 2.213158802383921914e-40
1.104188050854160252e+02 2.237617242441299151e-40
1.116986818467822644e+02 2.262345981805439591e-40
1.129933938033221636e+02 2.287348007654428211e-40
1.143031129114478688e+02 2.312626340178653632e-40
1.156280131207375348e+02 2.338184032945862601e-40
1.169682703970384665e+02 2.364024173269874774e-40
1.183240627458378071e+02 2.390149882583601742e-40
1.196955702359042846e+02 2.416564316815953104e-40
1.210829750232039430e+02 2.443270666773296385e-40
1.224864613750930715e+02 2.470272158524788911e-40
1.239062156947915696e+02 2.497778213827874206e-40
1.253424265461399472e+02 2.525595604266650039e-40
1.267952846786433980e+02 2.553722792911944958e-40
1.282649830528060022e+02 2.582163229940966013e-40
1.297517168657586808e+02 2.610920403955205385e-40
1.312556835771842714e+02 2.639600050725265308e-40
1.327770829355428930e+02 2.668545631728798421e-40
1.343161170046015229e+02 2.697808626978251723e-40
1.358729901902709116e+02 2.727392517205399147e-40
1.374479092677536585e+02 2.757300821311358965e-40
1.390410834090069727e+02 2.787537096785155365e-40
1.406527242105236439e+02 2.818104940126868546e-40
1.422830457214352009e+02 2.849007987275473230e-40
1.439322644719406412e+02 2.880249914041134381e-40
1.456005995020648527e+02 2.911834436542711735e-40
1.472882723907501656e+02 2.944124200125063680e-40
1.489955072852853561e+02 2.976912480494287214e-40
1.507225309310755677e+02 3.010065919143745898e-40
1.524695727017573006e+02 3.043588582787719684e-40
1.542368646296627333e+02 3.077484583430889879e-40
1.560246414366367844e+02 3.111590801573581622e-40
1.578331405652116359e+02 3.145978147398651694e-40
1.596626022101425235e+02 3.180745520556511957e-40
1.615132693503091161e+02 3.215897120870282770e-40
1.633853877809862070e+02 3.251437194577046622e-40
1.652792061464895426e+02 3.287523105810521068e-40
1.671949759731990071e+02 3.324135769538904987e-40
1.691329517029648741e+02 3.361156183145224967e-40
1.710933907269015037e+02 3.398588887680311209e-40
1.730765534195725763e+02 3.436438474767790735e-40
1.750827031735725257e+02 3.474572802470172196e-40
1.771121064345088598e+02 3.512971597225736157e-40
1.791650327363901454e+02 3.551794751326320253e-40
1.812417547374237756e+02 3.591046954524743643e-40
1.833425482562290654e+02 3.630732948401849455e-40
1.854676923084699354e+02 3.671211828041790635e-40
1.876174691439121318e+02 3.712725302930884077e-40
1.897921642839101537e+02 3.754708205539784147e-40
1.919920665593284639e+02 3.797165844081901963e-40
1.942174681489026398e+02 3.840103586795012525e-40
1.964686646180446417e+02 3.883526862620249360e-40
1.987459549580983662e+02 3.927441161888154634e-40
2.010496416260499188e+02 3.971852037013113476e-40
2.033800305846982042e+02 4.016765103195318500e-40
2.057374313432913766e+02 4.062186039130749847e-40
2.081221569986339262e+02 4.108047548192294347e-40
2.105345242766705951e+02 4.154149467124919503e-40
2.129748535745520996e+02 4.200768757608048168e-40
2.154434690031884543e+02 4.247911225762578564e-40
2.179406984302955834e+02 4.295582742867963102e-40
2.204668735239409898e+02 4.343789246092888328e-40
2.230223297965938514e+02 4.392536739235268918e-40
2.256074066496861406e+02 4.441831293469483945e-40
2.282224474186898533e+02 4.491679048102786098e-40
2.308677994187169702e+02 4.542086211339766383e-40
2.335438139906479478e+02 4.593059061055839245e-40
2.362508465477947652e+02 4.644603945578668987e-40
2.389892566231050353e+02 4.696727284479028516e-40
2.417594079169130907e+02 4.749435569370545546e-40
2.445616683452446409e+02 4.802735364717656019e-40
2.473964100886814208e+02 4.856633308653776949e-40
2.502640096417919153e+02 4.911532638261072760e-40
2.531648478631355488e+02 4.967071462059717911e-40
2.560993100258459663e+02 5.023238309975582483e-40
2.590677858688009110e+02 5.080040283604636767e-40
2.620706696483852625e+02 5.137484564846639361e-40
2.651083601908538867e+02 5.195578416813123506e-40
2.681812609453015739e+02 5.254329184745719489e-40
2.712897800372467145e+02 5.313744296944875133e-40
2.744343303228365585e+02 5.373831265709067336e-40
2.776153294436800820e+02 5.434597688284642520e-40
2.808331998823172739e+02 5.495686623295872648e-40
2.840883690183304111e+02 5.557361103986379587e-40
2.873812691851066461e+02 5.619727716857752900e-40
2.907123377272578182e+02 5.682794229254958740e-40
2.940820170587063558e+02 5.746568495690499932e-40
2.974907547214440342e+02 5.811058458822908206e-40
3.009390034449721156e+02 5.876272150446238928e-40
3.044272212064302607e+02 5.942217692489812177e-40
3.079558712914226817e+02 6.008903298030119444e-40
3.115254223555488124e+02 6.076337272313515024e-40
3.151363484866479325e+02 6.144528013790975961e-40
3.187891292677645652e+02 6.213484015163375888e-40
3.224842498408441998e+02 6.283213864439997894e-40
3.262222009711670125e+02 6.353726246007404684e-40
3.300034791125285096e+02 6.425029941711321006e-40
3.338285864731760739e+02 6.497424637815295794e-40
3.376980310825091465e+02 6.570896474140685071e-40
3.416123268585528194e+02 6.645199118214364345e-40
3.455719936762139355e+02 6.720341964677179105e-40
3.495775574363275382e+02 6.796334514403069432e-40
3.536295501355043029e+02 6.873702741816702044e-40
3.577285099367873613e+02 6.952604976659675508e-40
3.618749812411280118e+02 7.032412918789719288e-40
3.660695147596902643e+02 7.113136964689273389e-40
3.703126675869926885e+02 7.194787630180373838e-40
3.746050032748992749e+02 7.277154565292802869e-40
3.789470919074667563e+02 7.360065687515884140e-40
3.833395101766601556e+02 7.443921444640784311e-40
3.877828414589457111e+02 7.528732599217490594e-40
3.922776758927719243e+02 7.614510036417424482e-40
3.968246104569481645e+02 7.701443213472848755e-40
4.014242490499322003e+02 7.789846960897307609e-40
4.060772025700365475e+02 7.879265482091055095e-40
4.107840889965646625e+02 7.969710425494712395e-40
4.155455334718875520e+02 8.061193573259663320e-40
4.203621683844713743e+02 8.153596585630935383e-40
4.252346334528681950e+02 8.246493312916780704e-40
4.301635758106795038e+02 8.340448444533744691e-40
4.351496500925049986e+02 8.435474039246014389e-40
4.401935185208874373e+02 8.531582293207419676e-40
4.452958509942655496e+02 8.628861299095100558e-40
4.504573251759458685e+02 8.727910743946087980e-40
4.556786265841063823e+02 8.828097162980021806e-40
4.609604486828433778e+02 8.929433607358315984e-40
4.663034929742731265e+02 9.031933278054913364e-40
4.717084690917017156e+02 9.135623997417946787e-40
4.771760948938745628e+02 9.241271760914477601e-40
4.827070965603182913e+02 9.348141274554881330e-40
4.883022086877879815e+02 9.456246667113229490e-40
4.939621743878320785e+02 9.565602230754465429e-40
4.996877453854883697e+02 9.676222422923463655e-40
5.054796821191240497e+02 9.787349298472066542e-40
5.113387538414326059e+02 9.899696858709014767e-40
5.172657387216019060e+02 1.001333404026302296e-39
5.232614239486662200e+02 1.012827564650944202e-39
5.293266058360561601e+02 1.024453665074991334e-39
5.354620899273608075e+02 1.036138887932132338e-39
5.416686911033151546e+02 1.047943974275515829e-39
5.479472336900287246e+02 1.059883560023562212e-39
5.542985515684669053e+02 1.071959177574199329e-39
5.607234882852033024e+02 1.084172376784491470e-39
5.672228971644543662e+02 1.096595498290075889e-39
5.737976414214133456e+02 1.109183158650674710e-39
5.804485942768977793e+02 1.121915310935251911e-39
5.871766390733255321e+02 1.134793613745567477e-39
5.939826693920356320e+02 1.147819744722285405e-39
6.008675891719686888e+02 1.160928825007435529e-39
6.078323128297230369e+02 1.174155685978831902e-39
6.148777653810022912e+02 1.187533245121716598e-39
6.220048825634711420e+02 1.201063219392133755e-39
6.292146109610343956e+02 1.214747345307997476e-39
6.365079081295571086e+02 1.228648993918924244e-39
6.438857427240419611e+02 1.242752477165008243e-39
6.513490946272802375e+02 1.257017852245645359e-39
6.588989550799949484e+02 1.271446977493697455e-39
6.665363268124913247e+02 1.286041732573539034e-39
6.742622241778342413e+02 1.300748145282860610e-39
6.820776732865684835e+02 1.315568015808814728e-39
6.899837121430018669e+02 1.330556734211433006e-39
6.979813907830659900e+02 1.345716224232586716e-39
7.060717714137772418e+02 1.361048431531998669e-39
7.142559285543126180e+02 1.376555323936962213e-39
7.225349491787213765e+02 1.392238891694902163e-39
7.309099328602910646e+02 1.408101147728816656e-39
7.393819919175865607e+02 1.424144127895627003e-39
7.479522515621821412e+02 1.440369891247471924e-39
7.566218500481055571e+02 1.456905353642895357e-39
7.653919388230148115e+02 1.473878153220513339e-39
7.742636826811269657e+02 1.491048684191469528e-39
7.832382599179196632e+02 1.508419250106388941e-39
7.923168624866253822e+02 1.525992181352126070e-39
8.015006961565404708e+02 1.543736850355044401e-39
8.107909806731686331e+02 1.561589199106841323e-39
8.201889499202203524e+02 1.579647999078534935e-39
8.296958520834906494e+02 1.597915637749065262e-39
8.393129498166364328e+02 1.616394530206990022e-39
8.490415204088747032e+02 1.635087119469930256e-39
8.588828559546249153e+02 1.653995876807475341e-39
8.688382635251184638e+02 1.673123302067816898e-39
8.789090653419954151e+02 1.692471924008403912e-39
8.890965989529157696e+02 1.712044300630181550e-39
8.994022174092044679e+02 1.731855099897755960e-39
9.098272894455558344e+02 1.752031036127615645e-39
9.203731996618221274e+02 1.772442019967882062e-39
9.310413487069075700e+02 1.793090789699314337e-39
9.418331534647951457e+02 1.813980115503482202e-39
9.527500472427290106e+02 1.835112799834170332e-39
9.637934799615785550e+02 1.856260147035777684e-39
9.749649183484086734e+02 1.877650578837481174e-39
9.862658461312820464e+02 1.899287501182762081e-39
9.976977642363201539e+02 1.921173754481262015e-39
1.009262190987048371e+03 1.943312211873711951e-39
1.020960662306047539e+03 1.965705779609291239e-39
1.032794731918952493e+03 1.988357397427026106e-39
1.044765971560805156e+03 2.011270038941737267e-39
1.056875971184805167e+03 2.034446712034403545e-39
1.069126339173477163e+03 2.057890459247025658e-39
1.081518702552289142e+03 2.081604358182039459e-39
1.094054707205743625e+03 2.105591521906329177e-39
1.106736018095974487e+03 2.129855099359901693e-39
1.119564319483879444e+03 2.154398275769264253e-39
1.132541315152812558e+03 2.179224273065569889e-39
1.145668728634872650e+03 2.204336350307579501e-39
1.158948303439811752e+03 2.229737804109497035e-39
1.172381803286599734e+03 2.255431969073775306e-39
1.185971012337670572e+03 2.281422218228720209e-39
1.199717735435885515e+03 2.307711963471509302e-39
1.213623798344241777e+03 2.334304656015945473e-39
1.227691047988360424e+03 2.361203786845556463e-39
1.241921352701784599e+03 2.388412887171875483e-39
1.256316602474121510e+03 2.415935528898005695e-39
1.270878709202059554e+03 2.443775325087526306e-39
1.285609606943296512e+03 2.471935930438799332e-39
1.300511252173409957e+03 2.500421041764745546e-39
1.315585624045705117e+03 2.529234398478147358e-39
1.330834724654076126e+03 2.558379783082542903e-39
1.346260579298911125e+03 2.587861021668779196e-39
1.361865236756082822e+03 2.617681984417286679e-39
1.377650769549054985e+03 2.647846586106139756e-39
1.393619274224143510e+03 2.678358786625017824e-39
1.409772871628967778e+03 2.709222591494870415e-39
1.426113707194129802e+03 2.740442052394005179e-39
1.442643951218158918e+03 2.772021267689804284e-39
1.459365799155757713e+03 2.803964382976784377e-39
1.476281471909391030e+03 2.836275591620814156e-39
1.493393216124253286e+03 2.868959135309603087e-39
1.510703304486655497e+03 2.902019304609532056e-39
1.528214036025870882e+03 2.935460439528904607e-39
1.545927736419478606e+03 2.969286930087682689e-39
1.563846758302247736e+03 3.003503216893793393e-39
1.581973481578601422e+03 3.038113791726075181e-39
1.600310313738701780e+03 3.073123198123937680e-39
1.618859690178199116e+03 3.108536031983822468e-39
1.637624074521688954e+03 3.144356942162532726e-39
1.656605958949915248e+03 3.180590631087569109e-39
1.675807864530768711e+03 3.217241855374239538e-39
1.695232341554121376e+03 3.254315426450396411e-39
1.714881969870540843e+03 3.291816211187859000e-39
1.734759359233932628e+03 3.329749132541365390e-39
1.754867149648152008e+03 3.368119170194839939e-39
1.775208011717636055e+03 3.406931361215108067e-39
1.795784647002096790e+03 3.446190800713138638e-39
1.816599788375328671e+03 3.485902642512913767e-39
1.837656200388172465e+03 3.526072099828001101e-39
1.858956679635688261e+03 3.566704445945921878e-39
1.880504055128583559e+03 3.607805014920410688e-39
1.902301188668945770e+03 3.649379202271647204e-39
1.924350975230332324e+03 3.691432465694557752e-39
1.946656343342263199e+03 3.733970325775282646e-39
1.969220255479173375e+03 3.776998366715956117e-39
1.992045708453871384e+03 3.820522237067532583e-39
2.015135733815558524e+03 3.864547650471675270e-39
2.038493398252464203e+03 3.909080386410575033e-39
2.062121803999144504e+03 3.954126290965719287e-39
2.086024089248504879e+03 3.999691277585342849e-39
2.110203428568596337e+03 4.045781327860719924e-39
2.134663033324245589e+03 4.092402492311406190e-39
2.159406152103567820e+03 4.139560891179526269e-39
2.184436071149428244e+03 4.187262715233214883e-39
2.209756114795903159e+03 4.235514226579316128e-39
2.235369645909796418e+03 4.284321759485447849e-39
2.261280066337279550e+03 4.333691721211540768e-39
2.287490817355704166e+03 4.383630592850956754e-39
2.314005380130653975e+03 4.434144930181300435e-39
2.340827276178294142e+03 4.485241364525112729e-39
2.367960067833078483e+03 4.536926603620107634e-39
2.395407358720879529e+03 4.589207432500177074e-39
2.423172794237600556e+03 4.642090714385813724e-39
2.451260062033339636e+03 4.695583391585157016e-39
2.479672892502160266e+03 4.749692486405355017e-39
2.508415059277541332e+03 4.804425102074423547e-39
2.537490379733571899e+03 4.859788423673729158e-39
2.566902715491951767e+03 4.915789719081218633e-39
2.596655972934872352e+03 4.972436339925519636e-39
2.626754103723838398e+03 5.029735722551029987e-39
2.657201105324506898e+03 5.087695388994133221e-39
2.688001021537607357e+03 5.146322947970662478e-39
2.719157943036018878e+03 5.205626095874740597e-39
2.750676007908067277e+03 5.265612617789134122e-39
2.782559402207125913e+03 5.326290388507333924e-39
2.814812360507581161e+03 5.387667373566982028e-39
2.847439166467247560e+03 5.449751630296072367e-39
2.880444153396297679e+03 5.512551308870340491e-39
2.913831704832788546e+03 5.576074653383274502e-39
2.947606255124858762e+03 5.640330002928363559e-39
2.981772290019673619e+03 5.705325792693824716e-39
3.016334347259197330e+03 5.771070555069938608e-39
3.051297017182871059e+03 5.837572920769148632e-39
3.086664943337274508e+03 5.904841619959067177e-39
3.122442823092857907e+03 5.972885483408537037e-39
3.158635408267819003e+03 6.041713443646898733e-39
3.195247505759213709e+03 6.111334536136621654e-39
3.232283978181380917e+03 6.181757900459438015e-39
3.269749744511767858e+03 6.252992781516157117e-39
3.307649780744242435e+03 6.325048530740395465e-39
3.345989120549974814e+03 6.397934607325790786e-39
3.384772855945982883e+03 6.471660579468380841e-39
3.424006137971425687e+03 6.546236125622270375e-39
3.463694177371734440e+03 6.621671035770277561e-39
3.503842245290675692e+03 6.697975212709130553e-39
3.544455673970435782e+03 6.775158673349464750e-39
3.585539857459817085e+03 6.853231550030799540e-39
3.627100252330648345e+03 6.932204091851679851e-39
3.669142378402494160e+03 7.012086666015131295e-39
3.711671819475766824e+03 7.092889759189624646e-39
3.754694224073336954e+03 7.174623978885729765e-39
3.798215306190736101e+03 7.257300054848623403e-39
3.842240846055060956e+03 7.340928840466649258e-39
3.886776690892667830e+03 7.425521314196105149e-39
3.931828755705770163e+03 7.511088581002579677e-39
3.977403024058036863e+03 7.597641873818273267e-39
4.023505548869293307e+03 7.685192555017347321e-39
4.070142453219438721e+03 7.773752117907046342e-39
4.117319931161679051e+03 7.863332188236614554e-39
4.165044248545184928e+03 7.953944525723475877e-39
4.213321743847289326e+03 8.045601025597003508e-39
4.262158829015324955e+03 8.138313720160085310e-39
4.311561990318228709e+03 8.232094780368666423e-39
4.361537789208005961e+03 8.326956517429513124e-39
4.412092863191190190e+03 8.422911384416372838e-39
4.463233926710397100e+03 8.519971977904769100e-39
4.514967772036101451e+03 8.618151039625628558e-39
4.567301270168746669e+03 8.717461458137964467e-39
4.620241371751312727e+03 8.817916270520834630e-39
4.673795107992463272e+03 8.919528664084948337e-39
4.727969591600390231e+03 9.022311978103255414e-39
4.782772017727485036e+03 9.126279705562951318e-39
4.838209664925957441e+03 9.231445494936198117e-39
4.894289896114531984e+03 9.337823151971987450e-39
4.951020159556351246e+03 9.445426641508508605e-39
5.008407989848212310e+03 9.554270089306392357e-39
5.066461008921268331e+03 9.664367783903088953e-39
5.125186927053332511e+03 9.775734178488607342e-39
5.184593543892912749e+03 9.888383892802876647e-39
5.244688749495118827e+03 1.000233171505496219e-38
5.305480525369574025e+03 1.011759260386441013e-38
5.366976945540475754e+03 1.023418169022494910e-38
5.429186177618942565e+03 1.035211427949083335e-38
5.492116483887789400e+03 1.047140585338623455e-38
5.555776222398877508e+03 1.059207207203694362e-38
5.620173848083188204e+03 1.071412877602718848e-38
5.685317913873753241e+03 1.083759198847844598e-38
5.751217071841613688e+03 1.096247791715305906e-38
5.817880074344935565e+03 1.108880295658193372e-38
5.885315775191450484e+03 1.121658369021674487e-38
5.953533130814370452e+03 1.134583689260694634e-38
6.022541201461927812e+03 1.147657953160186923e-38
6.092349152400711318e+03 1.160882877057819073e-38
6.162966255132942024e+03 1.174260197069307737e-38
6.234401888627863627e+03 1.187791669316328860e-38
6.306665540567405515e+03 1.201479070157054199e-38
6.379766808606282211e+03 1.215324196419344828e-38
6.453715401646702048e+03 1.229328865636631759e-38
6.528521141127846931e+03 1.243494916286533797e-38
6.604193962330305112e+03 1.257824208032126496e-38
6.680743915695614305e+03 1.272318621966190310e-38
6.758181168161110691e+03 1.286980060858074604e-38
6.836516004510238417e+03 1.301810449403504324e-38
6.915758828738525153e+03 1.316811734477246564e-38
6.995920165435374656e+03 1.331985885388689785e-38
7.077010661181889191e+03 1.347334894140365150e-38
7.159041085964888225e+03 1.362860775689450188e-38
7.242022334607315315e+03 1.378565568212284281e-38
7.325965428215230531e+03 1.394451333371930940e-38
7.410881515641569422e+03 1.410520156588826557e-38
7.496781874966876785e+03 1.426774147314545635e-38
7.583677914997190783e+03 1.443215439308720618e-38
7.671581176779302041e+03 1.459846190919154158e-38
7.760503335133571454e+03 1.476668585365182025e-38
7.850456200204509514e+03 1.493684831024182000e-38
7.941451719029339984e+03 1.510897161721623661e-38
8.033501977124734367e+03 1.528307837024222382e-38
8.126619200091945459e+03 1.545919142536587766e-38
8.220815755240540966e+03 1.563733390201271242e-38
8.316104153230960947e+03 1.581752918602266582e-38
8.412497049736119152e+03 1.599980093272011391e-38
8.510007247122246554e+03 1.618417307001924251e-38
8.608647696149244439e+03 1.637066980156521135e-38
8.708431497690724427e+03 1.655931560991151277e-38
8.809371904473990071e+03 1.675013525973394252e-38
8.911482322840201959e+03 1.694315380108160569e-38
9.014776314524917325e+03 1.713839657266540388e-38
9.119267598459298824e+03 1.733588920518437443e-38
9.224970052592174397e+03 1.753565762469070118e-38
9.331897715733239238e+03 1.773772805599201868e-38
9.440064789417603606e+03 1.794212702609582806e-38
9.549485639791966605e+03 1.814888136769071304e-38
9.660174799522645117e+03 1.835801822266910908e-38
9.772146969725725285e+03 1.856956504569038845e-38
9.885417021919573017e+03 1.878354960778500515e-38
1.000000000000000000e+04 1.900000000000015119e-38
