1.705881229155228884e-01 1.186382465020137807e-34
1.724731973328302304e-01 9.225564235350219794e-35
1.743791026585153059e-01 7.173996410940464124e-35
1.763060690833546384e-01 5.578653314989762923e-35
1.782543293418348551e-01 4.338080342692346972e-35
1.802241187402618960e-01 3.481552438287647220e-35
1.822156751851807810e-01 2.859433564605371505e-35
1.842292392121093192e-01 2.361100850863373368e-35
1.862650540145895650e-01 1.958725714591685641e-35
1.883233654735599616e-01 1.647954810088279872e-35
1.904044221870524189e-01 1.398310025698754127e-35
1.925084755002173798e-01 1.162916455558406254e-35
1.946357795356806475e-01 9.385833206468971309e-36
1.967865912242357518e-01 7.976729037417146780e-36
1.989611703358754313e-01 6.874735764887000152e-36
2.011597795111661480e-01 5.916561493317312082e-36
2.033826842929689627e-01 5.081263440115032500e-36
2.056301531585114084e-01 4.387841251745294280e-36
2.079024575518134965e-01 3.873063436994129762e-36
2.101998719164719642e-01 3.418678918936316955e-36
2.125226737288070100e-01 3.028270456097976068e-36
2.148711435313753748e-01 2.690124072616067329e-36
2.172455649668533495e-01 2.389736197933015805e-36
2.196462248122945937e-01 2.145629025698612356e-36
2.220734130137664852e-01 1.939684548359062078e-36
2.245274227213689411e-01 1.753507294168811618e-36
2.270085503246405956e-01 1.590592118010738280e-36
2.295170954883558878e-01 1.463159792773461731e-36
2.320533611887179160e-01 1.345936871525721600e-36
2.346176537499512493e-01 1.238105414787702988e-36
2.372102828812989173e-01 1.147812690806675394e-36
2.398315617144284595e-01 1.070777765193949080e-36
2.424818068412514516e-01 9.989130035040383294e-37
2.451613383521600298e-01 9.318714125416485887e-37
2.478704798746876048e-01 8.693292874015956796e-37
2.506095586125951513e-01 8.119709236428191053e-37
2.533789053853903184e-01 7.603246509764892131e-37
2.561788546682829959e-01 7.119633943158536392e-37
2.590097446325826946e-01 6.666782067301745078e-37
2.618719171865416251e-01 6.242734315800823845e-37
2.647657180166500535e-01 5.864147048471556352e-37
2.676914966293870712e-01 5.559808112671579182e-37
2.706496063934335505e-01 5.271263833294484170e-37
2.736404045823509490e-01 4.997694495403579875e-37
2.766642524177319040e-01 4.738322925827922691e-37
2.797215151128282229e-01 4.492412285319933952e-37
2.828125619166596549e-01 4.280617235702748283e-37
2.859377661586117725e-01 4.089580366331110788e-37
2.890975052935252365e-01 3.907069156566439618e-37
2.922921609472841076e-01 3.732703120317309711e-37
2.955221189629078649e-01 3.566118751957615736e-37
2.987877694471523515e-01 3.406968768516120486e-37
3.020895068176260856e-01 3.274032006042038963e-37
3.054277298504270988e-01 3.151151208510269829e-37
3.088028417283062987e-01 3.032882366626464851e-37
3.122152500893625171e-01 2.919052384713187657e-37
3.156653670762769037e-01 2.809494663710883356e-37
3.191536093860893319e-01 2.704048857347023602e-37
3.226803983205273063e-01 2.613784817149303370e-37
3.262461598368890936e-01 2.527354807771013044e-37
3.298513245994900145e-01 2.443782779077329856e-37
3.334963280316771139e-01 2.362974226235317634e-37
3.371816103684184829e-01 2.284837769402991589e-37
3.409076167094740040e-01 2.209356708928829484e-37
3.446747970731531274e-01 2.137289179576402234e-37
3.484836064506673936e-01 2.067572438019342426e-37
3.523345048610828645e-01 2.000129803354218002e-37
3.562279574068804577e-01 1.934887095950165115e-37
3.601644343301296236e-01 1.871772555859159054e-37
3.641444110692834690e-01 1.810981438550345973e-37
3.681683683166006027e-01 1.753125710988952920e-37
3.722367920762025273e-01 1.697118310053363342e-37
3.763501737227717414e-01 1.642900186943030603e-37
3.805090100608988224e-01 1.590414179299364540e-37
3.847138033850854844e-01 1.539604950939227155e-37
3.889650615404106615e-01 1.490297803334006425e-37
3.932632979838663334e-01 1.442353062817743139e-37
3.976090318463721962e-01 1.395950764448274496e-37
4.020027879954746752e-01 1.351041285936492268e-37
4.064450970987395495e-01 1.307576601404243532e-37
4.109364956878444053e-01 1.265510230025821642e-37
4.154775262233799116e-01 1.224379085236977350e-37
4.200687371603669118e-01 1.184166625929508592e-37
4.247106830144973255e-01 1.145274870236673792e-37
4.294039244291075752e-01 1.107660442098738822e-37
4.341490282428914216e-01 1.071281390062116083e-37
4.389465675583618109e-01 1.036097140490944222e-37
4.437971218110683957e-01 1.001189377355056624e-37
4.487012768395808870e-01 9.669633334214712972e-38
4.536596249562449001e-01 9.339073199634925769e-38
4.586727650187201188e-01 9.019813390392745209e-38
4.637413025023090496e-01 8.711467600520566125e-38
4.688658495730848585e-01 8.413662730068423158e-38
4.740470251618271735e-01 8.124586970670753837e-38
4.792854550387754542e-01 7.845028949715203503e-38
4.845817718892077575e-01 7.575090210005912439e-38
4.899366153898550014e-01 7.314439762750842397e-38
4.953506322861597755e-01 7.062758008114594925e-38
5.008244764703886354e-01 6.819736343337773814e-38
5.063588090606075953e-01 6.569813525060099860e-38
5.119542984805307562e-01 6.327626113323156457e-38
5.176116205402504500e-01 6.094366617451624980e-38
5.233314585178605594e-01 5.869705921736804690e-38
5.291145032419805050e-01 5.653327042881175041e-38
5.349614531751928359e-01 5.444350915326978636e-38
5.408730144984011945e-01 5.232745507985146871e-38
5.468499011961213130e-01 5.029364561026692229e-38
5.528928351427145893e-01 4.833888414621329782e-38
5.590025461895744563e-01 4.646009833146928865e-38
5.651797722532754253e-01 4.465433522297912897e-38
5.714252594046982381e-01 4.293376590048184705e-38
5.777397619591371214e-01 4.134150348880828243e-38
5.841240425674050218e-01 3.980829249120198488e-38
5.905788723079447022e-01 3.833194289835304690e-38
5.971050307799576906e-01 3.691034592069821404e-38
6.037033061975621839e-01 3.554147097626404855e-38
6.103744954849925630e-01 3.424154008037149129e-38
6.171194043728488454e-01 3.302509028713492391e-38
6.239388474954118413e-01 3.185185555069755124e-38
6.308336484890324503e-01 3.072030063208400721e-38
6.378046400916084213e-01 2.962894483253954970e-38
6.448526642431609002e-01 2.857636005595641225e-38
6.519785721875211992e-01 2.753138729357166448e-38
6.591832245751430008e-01 2.649195095334564356e-38
6.664674915670490973e-01 2.549175810978218356e-38
6.738322529399272121e-01 2.452932714061174294e-38
6.812783981923880017e-01 2.360323236161026614e-38
6.888068266523961203e-01 2.271210191468232267e-38
6.964184475858892220e-01 2.180871716023536277e-38
7.041141803065965599e-01 2.091265293382454270e-38
7.118949542870722791e-01 2.005340568715382718e-38
7.197617092709540643e-01 1.922946270499931014e-38
7.277153953864639035e-01 1.843937342572362984e-38
7.357569732611617397e-01 1.768174688754492582e-38
7.438874141379684390e-01 1.701074563553309191e-38
7.521076999924695139e-01 1.638366718932265025e-38
7.604188236515166954e-01 1.577970515353484756e-38
7.688217889131385707e-01 1.519800737253529021e-38
7.773176106677768260e-01 1.463775310427131467e-38
7.859073150208630842e-01 1.409815186225022448e-38
7.945919394167489935e-01 1.362288435788146451e-38
8.033725327640061087e-01 1.316936780492183041e-38
8.122501555621113312e-01 1.273094917530978847e-38
8.212258800295310079e-01 1.230712584728231238e-38
8.303007902332207868e-01 1.189741193175085101e-38
8.394759822195573262e-01 1.150266544590838949e-38
8.487525641467158488e-01 1.117651846508056212e-38
8.581316564185107465e-01 1.085961906722411789e-38
8.676143918197152249e-01 1.055170504604606951e-38
8.772019156528776396e-01 1.025252162986005020e-38
8.868953858766462917e-01 9.961821270784555727e-39
8.966959732456268872e-01 9.676045939173087335e-39
9.066048614517824289e-01 9.382116787072746460e-39
9.166232472673970788e-01 9.097116317927976702e-39
9.267523406896198690e-01 8.820773305224664258e-39
9.369933650866044683e-01 8.552824761493837908e-39
9.473475573452657672e-01 8.293015688034280422e-39
9.578161680206672690e-01 8.039960870250916006e-39
9.684004614870608263e-01 7.792121836085674037e-39
9.791017160905942651e-01 7.551922663338568872e-39
9.899212243037075476e-01 7.319127846401354450e-39
1.000860292881234015e+00 7.093509139338240077e-39
1.011920243018228360e+00 6.874845332099841559e-39
1.023102410509535654e+00 6.666368130702739996e-39
1.034408145911126731e+00 6.468355719979398341e-39
1.045838814703214936e+00 6.276224909856522504e-39
1.057395797455175535e+00 6.089800998023803166e-39
1.069080489992288108e+00 5.908914471387148568e-39
1.080894303564319925e+00 5.733400851932401762e-39
1.092838665015974708e+00 5.566131341719676318e-39
1.104915016959222784e+00 5.405804576615725777e-39
1.117124817947536375e+00 5.250095861290003159e-39
1.129469542652050906e+00 5.098872177504954038e-39
1.141950682039671205e+00 4.952004338478118910e-39
1.154569743553148786e+00 4.809366878521222844e-39
1.167328251293144881e+00 4.682694330683684829e-39
1.180227746202310080e+00 4.563642850677235578e-39
1.193269786251393683e+00 4.447618101413921270e-39
1.206455946627413622e+00 4.334543132158027942e-39
1.219787819923902727e+00 4.224342948547028402e-39
1.233267016333258193e+00 4.116944462853877316e-39
1.246895163841218235e+00 4.013087513732906025e-39
1.260673908423485035e+00 3.911966142339755914e-39
1.274604914244522158e+00 3.813392816987762096e-39
1.288689863858549112e+00 3.717303332271816244e-39
1.302930458412755010e+00 3.623635100627837220e-39
1.317328417852760447e+00 3.532114302259488194e-39
1.331885481130348214e+00 3.429581002786143848e-39
1.346603406413488857e+00 3.330024129498714370e-39
1.361483971298689255e+00 3.233357280097793926e-39
1.376528973025685776e+00 3.139496560445400649e-39
1.391740228694511305e+00 3.048360511755827098e-39
1.407119575484959695e+00 2.958794948875942843e-39
1.422668870878476710e+00 2.866259878751553499e-39
1.438389992882501689e+00 2.776618804105350097e-39
1.454284840257288769e+00 2.689781216443499348e-39
1.470355332745235888e+00 2.605659437887191844e-39
1.486603411302745092e+00 2.524168532646607957e-39
1.503031038334647906e+00 2.440312890944449833e-39
1.519640197931219294e+00 2.348076970904744566e-39
1.536432896107812640e+00 2.259327269774528799e-39
1.553411161047139721e+00 2.173932019775302893e-39
1.570577043344231205e+00 2.091764433523595105e-39
1.587932616254102314e+00 2.012702515788237998e-39
1.605479975942155413e+00 1.936628882362408460e-39
1.623221241737350828e+00 1.863430585782044897e-39
1.641158556388173428e+00 1.790105498904178275e-39
1.659294086321429162e+00 1.715699316665011682e-39
1.677630021903901314e+00 1.644385845977649055e-39
1.696168577706897329e+00 1.576036537513864492e-39
1.714911992773720195e+00 1.510528185130372695e-39
1.733862530890093456e+00 1.447742703778011141e-39
1.753022480857579390e+00 1.387566916642184823e-39
1.772394156770008777e+00 1.329892351130868401e-39
1.791979898292979545e+00 1.232333836070393628e-39
1.811782070946428957e+00 1.069675985190997836e-39
1.831803066390341517e+00 1.231420169180135792e-41
1.852045302713602348e+00 1.195837668451158308e-41
1.872511224726053580e+00 1.161283341849738886e-41
1.893203304253770591e+00 1.127727479771036828e-41
1.914124040437600538e+00 1.095768895372295642e-41
1.935275960035008902e+00 1.067461984642622617e-41
1.956661617725248048e+00 1.039886324086632820e-41
1.978283596417912849e+00 1.013023023376761168e-41
2.000144507564891150e+00 9.883946020360774701e-42
2.022246991475776134e+00 9.681559173425347599e-42
2.044593717636749464e+00 9.483316464441310500e-42
2.067187385033002034e+00 9.289133036711598070e-42
2.090030722474705449e+00 9.101849722752958663e-42
2.113126488926597268e+00 8.973841028634194073e-42
2.136477473841194907e+00 8.847632652722072641e-42
2.160086497495706581e+00 8.723199275286027627e-42
2.183956411332654834e+00 8.611059865293564625e-42
2.208090098304262838e+00 8.502672175864211675e-42
2.232490473220659410e+00 8.381333814039516987e-42
2.257160483101912973e+00 8.238703023499033989e-42
2.282103107533976605e+00 8.098499476982316272e-42
2.307321359028543739e+00 7.960681868446345558e-42
2.332818283386902891e+00 7.781220636354549009e-42
2.358596960067794068e+00 7.595867720520400976e-42
2.384660502559345474e+00 7.414930012147111584e-42
2.411012058755106047e+00 7.238302338587071462e-42
2.437654811334250216e+00 7.124501507008556444e-42
2.464591978145961537e+00 7.014733596766312320e-42
2.491826812598090690e+00 6.906656891741430512e-42
2.519362604050086496e+00 6.774192693339109310e-42
2.547202678210274573e+00 6.557727107395282812e-42
2.575350397537539138e+00 6.348178559690327126e-42
2.603809161647419490e+00 6.145326020087994104e-42
2.632582407722721118e+00 5.955520354151795636e-42
2.661673610928637412e+00 5.819825440612985931e-42
2.691086284832485021e+00 5.687222298819608431e-42
2.720823981828051075e+00 5.557640483592276099e-42
2.750890293564656641e+00 5.432546387674814197e-42
2.781288851380933291e+00 5.315646621524205343e-42
2.812023326743422480e+00 5.201262352591820133e-42
2.843097431689992849e+00 5.089339451374552930e-42
2.874514919278181591e+00 5.017909784553989997e-42
2.906279584038476749e+00 4.960892522414613739e-42
2.938395262432607957e+00 4.904523133258581677e-42
2.970865833316912230e+00 4.848794255465993421e-42
3.003695218410805001e+00 2.616238289361396973e-42
3.036887382770446120e+00 2.308504453294057649e-42
3.070446335267618565e+00 2.036967669401101046e-42
3.104376129073922463e+00 1.809037858435282770e-42
3.138680862150296402e+00 1.619153930635791794e-42
3.173364677741970397e+00 1.449200987623843228e-42
3.208431764878865167e+00 1.290375484701969646e-42
3.243886358881547416e+00 1.137525082183276409e-42
3.279732741872746882e+00 1.002780452617595832e-42
3.315975243294555064e+00 8.804198394170757508e-43
3.352618240431317176e+00 7.710367012377614331e-43
3.389666158938308360e+00 6.758153022142239858e-43
3.427123473376262552e+00 5.947109598309191992e-43
3.464994707751789083e+00 5.233399193303660898e-43
3.503284436063782703e+00 4.611837508951961593e-43
3.541997282855847917e+00 4.069220655966844968e-43
3.581137923774854404e+00 3.590446696095855666e-43
3.620711086135635526e+00 3.106314466093153571e-43
3.660721549491958715e+00 2.678230551652562513e-43
3.701174146213772165e+00 2.361433507540631980e-43
3.742073762070862841e+00 2.096856828719561258e-43
3.783425336822933360e+00 1.861923507948814931e-43
3.825233864816227403e+00 1.618703975240008128e-43
3.867504395586729871e+00 1.405944014586035659e-43
3.910242034470032380e+00 1.224211526010638802e-43
3.953451943217956455e+00 1.083626312635694648e-43
3.997139340621962855e+00 9.591855332901250015e-44
4.041309503143480697e+00 8.560090688873809346e-44
4.085967765551170139e+00 7.751983058179774709e-44
4.131119521565259411e+00 7.020164098543246740e-44
4.176770224508968177e+00 6.357431846870763223e-44
4.222925387967165101e+00 5.759519088817257079e-44
4.269590586452269854e+00 5.217852775752884018e-44
4.316771456077544755e+00 4.727128631676000356e-44
4.364473695237792938e+00 4.292559083066104906e-44
4.412703065297615801e+00 3.901404511296685045e-44
4.461465391287249282e+00 3.545893455680531811e-44
4.510766562606089103e+00 3.216347318908778864e-44
4.560612533734015095e+00 2.911991108225881184e-44
4.611009324950543053e+00 2.636435488336442202e-44
4.661963023061955091e+00 2.385245525525467119e-44
4.713479782136434260e+00 2.154537115609643902e-44
4.765565824247355309e+00 1.946143544915345938e-44
4.818227440224753799e+00 1.759506234529343059e-44
4.871470990415138758e+00 1.603700026238743582e-44
4.925302905449655100e+00 1.461690628704219004e-44
4.979729687020788553e+00 1.332256319189978284e-44
5.034757908667597981e+00 1.243582234648446405e-44
5.090394216569671393e+00 1.165711701140932354e-44
5.146645330349831404e+00 1.092717258510077727e-44
5.203518043885702049e+00 1.024293576085004759e-44
5.261019226130281723e+00 9.590317107867803477e-45
5.319155821941533802e+00 8.875870228500921548e-45
5.377934852921193887e+00 8.214647276736707989e-45
5.437363418262799897e+00 7.602683246147001403e-45
5.497448695609135960e+00 7.036308510157345257e-45
5.558197941919115870e+00 6.506187767622623189e-45
5.619618494344273962e+00 6.014800421248029885e-45
5.681717771114915827e+00 5.560525671804328085e-45
5.744503272436091379e+00 5.140560547540146985e-45
5.807982581393431154e+00 4.777768613471948761e-45
5.872163364869036783e+00 4.501810670797541846e-45
5.937053374467454070e+00 4.241791713931286573e-45
6.002660447451888537e+00 3.996791126977538883e-45
6.068992507690794902e+00 3.765941467663702772e-45
6.136057566614873338e+00 3.548425396098757949e-45
6.203863724184700779e+00 3.390006611422027079e-45
6.272419169868998168e+00 3.241217515759556056e-45
6.341732183633759234e+00 3.098958848360400629e-45
6.411811136942263012e+00 2.962943985442673558e-45
6.482664493766184144e+00 2.832898883286472703e-45
6.554300811607822297e+00 2.712726881693721116e-45
6.626728742533686933e+00 2.623156438554795328e-45
6.699957034219455210e+00 2.536543486027343941e-45
6.773994531006494846e+00 2.452790371912601035e-45
6.848850174970078086e+00 2.371802668350666464e-45
6.924533006999364027e+00 2.293489065357351223e-45
7.001052167889358024e+00 2.215049824013681224e-45
7.078416899444892607e+00 2.130188713756294227e-45
7.156636545596855470e+00 2.048578730383783253e-45
7.235720553530700982e+00 1.970095319480172796e-45
7.315678474827487676e+00 1.894618698452737100e-45
7.396519966617464803e+00 1.822033673717850566e-45
7.478254792746470869e+00 1.752229464890678205e-45
7.560892824955155689e+00 1.672080326481238598e-45
7.644444044071291522e+00 1.594293571914875250e-45
7.728918541215225702e+00 1.520125530570706477e-45
7.814326519018649719e+00 1.449407856494960773e-45
7.900678292856875728e+00 1.381980035346562565e-45
7.987984292094670202e+00 1.317689020063019373e-45
8.076255061345925412e+00 1.258472938503015177e-45
8.165501261747174055e+00 1.202610488784979926e-45
8.255733672245256116e+00 1.149227721540063119e-45
8.346963190899135299e+00 1.098214565956860784e-45
8.439200836196178557e+00 1.049465837165477118e-45
8.532457748382906715e+00 1.002881019355100487e-45
8.626745190810522601e+00 9.503844576913129374e-46
8.722074551295243339e+00 8.964782780313049479e-46
8.818457343493712131e+00 8.456296780507700375e-46
8.915905208293587236e+00 7.976652306295792460e-46
9.014429915219485778e+00 3.520402552145814853e-46
9.114043363854507973e+00 3.253843625754030560e-46
9.214757585277411067e+00 3.007468090377005621e-46
9.316584743515724298e+00 2.793216566307935203e-46
9.419537137014852846e+00 2.598878543508537940e-46
9.523627200123506498e+00 2.418061587267681671e-46
9.628867504595437055e+00 2.249824969475487576e-46
9.735270761107871706e+00 2.093655109782814104e-46
9.842849820796640614e+00 1.948351157862542021e-46
9.951617676808343305e+00 1.813131597753029362e-46
1.006158746586959118e+01 1.687296552012204383e-46
1.017277246987366901e+01 1.570194716125655099e-46
1.028518611748466860e+01 1.473690664181134306e-46
1.039884198575936658e+01 1.384987590459643326e-46
1.051375380178705221e+01 1.301623653016104518e-46
1.062993544434742255e+01 1.223277483322969492e-46
1.074740094558686998e+01 1.149361323293949576e-46
1.086616449271319951e+01 1.078366525222398249e-46
1.098624042970918424e+01 1.011756998562952080e-46
1.110764325906493966e+01 9.482924569118594626e-47
1.123038764352955532e+01 8.759793954943790322e-47
1.135448840788197700e+01 8.091806443653062991e-47
1.147996054072156014e+01 7.545329563369750640e-47
1.160681919627830005e+01 7.117751436800796919e-47
1.173507969624318115e+01 6.714403272990341466e-47
1.186475753161865931e+01 6.333077717532415422e-47
1.199586836458962935e+01 5.962963498499983124e-47
1.212842803041509221e+01 5.614479289588881600e-47
1.226245253934066426e+01 5.286361001732212222e-47
1.239795807853229981e+01 4.977418421055660637e-47
1.253496101403129259e+01 4.686566029333817442e-47
1.267347789273097192e+01 4.422885937628257272e-47
1.281352544437515917e+01 4.174041269199927669e-47
1.295512058357878615e+01 3.939197339175991363e-47
1.309828041187075343e+01 3.718056622768944995e-47
1.324302221975947269e+01 3.509924778113924940e-47
1.338936348882111282e+01 3.321384059743695120e-47
1.353732189381103090e+01 3.146002940535504604e-47
1.368691530479847351e+01 2.993037515195408034e-47
1.383816178932485563e+01 2.847509597636420227e-47
1.399107961458596527e+01 2.703686318471984407e-47
1.414568724963818092e+01 2.566716098087367181e-47
1.430200336762916891e+01 2.441867186846677998e-47
1.446004684805313367e+01 2.324217957185537438e-47
1.461983677903109324e+01 2.220368659195031917e-47
1.478139245961623871e+01 2.124449765776867854e-47
1.494473340212488743e+01 2.035493869918442693e-47
1.510987933449307619e+01 1.952127703209368375e-47
1.527685020265931826e+01 1.871699740149360847e-47
1.544566617297355648e+01 1.787252043281568770e-47
1.561634763463287534e+01 1.702187267241549648e-47
1.578891520214402711e+01 1.598960085606574689e-47
1.596338971781317895e+01 1.504384207891352988e-47
1.613979225426326636e+01 1.421878327451692186e-47
1.631814411697900979e+01 1.342650393759535593e-47
1.649846684688023046e+01 1.268239451672143516e-47
1.668078222292342616e+01 1.224814317161312025e-47
1.686511226473225733e+01 1.182876080337485359e-47
1.705147923525696285e+01 1.146087034866330741e-47
1.723990564346328824e+01 1.122811877017854069e-47
1.743041424705100084e+01 1.100009399652090258e-47
1.762302805520254623e+01 1.077670003399608746e-47
1.781777033136208743e+01 1.055784283838493988e-47
1.801466459604511172e+01 1.032379096997346812e-47
1.821373462967923018e+01 1.009311794701623882e-47
1.841500447547638686e+01 9.867599042703506512e-48
1.861849844233662310e+01 9.647119094288031837e-48
1.882424110778412896e+01 9.461600866308221736e-48
1.903225732093560651e+01 9.292822501006947539e-48
1.924257220550159531e+01 9.127054845732050341e-48
1.945521116282070651e+01 8.964244194696822466e-48
1.967019987492763278e+01 8.805332700211267743e-48
1.988756430765491956e+01 8.669088849834158364e-48
2.010733071376914083e+01 8.534953084114103429e-48
2.032952563614152197e+01 8.402892784911576557e-48
2.055417591095379137e+01 8.272875838783587334e-48
2.078130867093944190e+01 8.144055005057775920e-48
2.101095134866065450e+01 8.016048080932374423e-48
2.124313167982160167e+01 7.890053148697366540e-48
2.147787770661826201e+01 7.766038584193142094e-48
2.171521778112539991e+01 7.643973260323843395e-48
2.195518056872069224e+01 7.527138255335244090e-48
2.219779505154699706e+01 7.413130901351854210e-48
2.244309053201266480e+01 7.300850322714071197e-48
2.269109663633073026e+01 7.190270365380042952e-48
2.294184331809695720e+01 7.083696899987142214e-48
2.319536086190764479e+01 6.996688668891323723e-48
2.345167988701728490e+01 6.910749149851556210e-48
2.371083135103679851e+01 6.825865216001166534e-48
2.397284655367235118e+01 6.742023901708934123e-48
2.423775714050574592e+01 6.661025537110493916e-48
2.450559510681658182e+01 6.583030068697714926e-48
2.477639280144640566e+01 6.505947867027276932e-48
2.505018293070584079e+01 6.429768238450438756e-48
2.532699856232471802e+01 6.354480614532831362e-48
2.560687312944602922e+01 6.301581704535033920e-48
2.588984043466374629e+01 6.253677189953592514e-48
2.617593465410552511e+01 6.206136844659405794e-48
2.646519034156035843e+01 6.158957900243781281e-48
2.675764243265201969e+01 6.115329245847839543e-48
2.705332624905832972e+01 6.086484713831103863e-48
2.735227750277732284e+01 6.057776234509884540e-48
2.765453230044052901e+01 6.029203166156355721e-48
2.796012714767368834e+01 6.000764870069569832e-48
2.826909895350592805e+01 5.980952548905308139e-48
2.858148503482748026e+01 5.968563008295233484e-48
2.889732312089686062e+01 5.956199132613255261e-48
2.921665135789753265e+01 5.943860868694289478e-48
2.953950831354523388e+01 5.931548163483776296e-48
2.986593298174603461e+01 5.993193633551811545e-48
3.019596478730606393e+01 6.064703765830711404e-48
3.052964359069294176e+01 6.137067149202637517e-48
3.086700969285016427e+01 6.210293964566499864e-48
3.120810384006450278e+01 6.288503361346892170e-48
3.155296722888736127e+01 6.380450075709105972e-48
3.190164151111021340e+01 6.473741179633703815e-48
3.225416879879529830e+01 6.568396329976375393e-48
3.261059166936192355e+01 6.664435471003534303e-48
3.297095317072866294e+01 6.759854217792568520e-48
3.333529682651271031e+01 6.855280186536340649e-48
3.370366664128650314e+01 6.952053242837999927e-48
3.407610710589263903e+01 7.050192402956152738e-48
3.445266320281712780e+01 7.149716951593795991e-48
3.483338041162244991e+01 7.260439415821415432e-48
3.521830471444039290e+01 7.373321583170734760e-48
3.560748260152578837e+01 7.487958793565755158e-48
3.600096107687130598e+01 7.604378333655597243e-48
3.639878766388457620e+01 7.728217890266386979e-48
3.680101041112806826e+01 7.866621792976511063e-48
3.720767789812207127e+01 8.007504357721969662e-48
3.761883924121215728e+01 8.150909974619996429e-48
3.803454409950126092e+01 8.296883828766517833e-48
3.845484268084754120e+01 8.449685387958528758e-48
3.887978574792814612e+01 8.607433147569034940e-48
3.930942462437035800e+01 8.768125910989838103e-48
3.974381120095026176e+01 8.931818658700161764e-48
4.018299794186015816e+01 9.097105851521662261e-48
4.062703789104482155e+01 9.204124509721316800e-48
4.107598467860817237e+01 9.312402139003620010e-48
4.152989252729052794e+01 9.421953549946591604e-48
4.198881625901767478e+01 9.532793727360389836e-48
4.245281130152184090e+01 9.656469291553182686e-48
4.292193369503629441e+01 9.800911621595780223e-48
4.339624009906387414e+01 9.947514532910704195e-48
4.387578779921990701e+01 1.009631034366558009e-47
4.436063471415123161e+01 1.024733185544606978e-47
4.485083940253137058e+01 1.041202528347138729e-47
4.534646107013329441e+01 1.058355903274156104e-47
4.584755957697989714e+01 1.075791872858211204e-47
4.635419544457391083e+01 1.093515092727728584e-47
4.686642986320747895e+01 1.111289572346730775e-47
4.738432469935273872e+01 1.126883697316844895e-47
4.790794250313366121e+01 1.142696646200756607e-47
4.843734651588080453e+01 1.158731489635987951e-47
4.897260067776965542e+01 1.174991341348654121e-47
4.951376963554281474e+01 1.191347276760028357e-47
5.006091875031813743e+01 1.207764233401839938e-47
5.061411410548276280e+01 1.224407418340482505e-47
5.117342251467471215e+01 1.241279949038227173e-47
5.173891152985219577e+01 1.258384985916396182e-47
5.231064944945256912e+01 1.275895260193512265e-47
5.288870532664115842e+01 1.293691896751995653e-47
5.347314897765156161e+01 1.311736767066553086e-47
5.406405099021755234e+01 1.330033333589039254e-47
5.466148273209866915e+01 1.348532601126590487e-47
5.526551635970001541e+01 1.367002204797700255e-47
5.587622482678681024e+01 1.385724769546268009e-47
5.649368189329578627e+01 1.404703759946164321e-47
5.711796213424362634e+01 1.423942688022392760e-47
5.774914094873421533e+01 1.444058180696025497e-47
5.838729456906477822e+01 1.465050805952694806e-47
5.903250006993332022e+01 1.486348606112327070e-47
5.968483537774736192e+01 1.507956017576766526e-47
6.034437928003597307e+01 1.529877541240910517e-47
6.101121143496519750e+01 1.556031214470751400e-47
6.168541238095918544e+01 1.583241272957180961e-47
6.236706354642733885e+01 1.610927149200959439e-47
6.305624725959928867e+01 1.639097163747900145e-47
6.375304675846793145e+01 1.666126416949768756e-47
6.445754620084289854e+01 1.687825451745590193e-47
6.516983067451512568e+01 1.709807087012948596e-47
6.588998620753321234e+01 1.732075003239352708e-47
6.661809977859387288e+01 1.754632928845664267e-47
6.735425932754695566e+01 1.777569914191128067e-47
6.809855376601687738e+01 1.800869717859887863e-47
6.885107298814067178e+01 1.824474927716396005e-47
6.961190788142559427e+01 1.848389546924865860e-47
7.038115033772605500e+01 1.872617631121644048e-47
7.115889326434242435e+01 1.895694349447474864e-47
7.194523059524173902e+01 1.918950138268348789e-47
7.274025730240305165e+01 1.942491221875219688e-47
7.354406940728810582e+01 1.966321100175779691e-47
7.435676399243816093e+01 1.989898240186112023e-47
7.517843921319968103e+01 2.012403717993386612e-47
7.600919430957921463e+01 2.035163729686417096e-47
7.684912961822955424e+01 2.058181154008784053e-47
7.769834658456784382e+01 2.081458902262163729e-47
7.855694777502810666e+01 2.104999918674758497e-47
7.942503688944891849e+01 2.128807180773557633e-47
8.030271877359825794e+01 2.152883699760973161e-47
8.119009943183611711e+01 2.177232520895742836e-47
8.208728603991778527e+01 2.201856723877957827e-47
8.299438695793806176e+01 2.226759423238805299e-47
8.391151174341914043e+01 2.251943768734358634e-47
8.483877116454213763e+01 2.277412945744003553e-47
8.577627721352571655e+01 2.303170175673370331e-47
8.672414312015250459e+01 2.329218716361635014e-47
8.768248336544414201e+01 2.355561862493801953e-47
8.865141369548845773e+01 2.382202946017278286e-47
8.963105113541878666e+01 2.409145336563340287e-47
9.062151400354835573e+01 2.436392441873375393e-47
9.162292192565993787e+01 2.463947708229741906e-47
9.263539584945441163e+01 2.491814620891900263e-47
9.365905805915824089e+01 2.519996704537081773e-47
9.469403219029312879e+01 2.548497523706178346e-47
9.574044324460786015e+01 2.577320683254426882e-47
9.679841760517595617e+01 2.606469828807612194e-47
9.786808305166026400e+01 2.635948647223007215e-47
9.894956877574527709e+01 2.665760867055737909e-47
1.000430053967410657e+02 2.695910259030425119e-47
1.011485249773586190e+02 2.726400636517938517e-47
1.022662610396612592e+02 2.757235856017984630e-47
1.033963485811896277e+02 2.788419817646711207e-47
1.045389240912673046e+02 2.819956465630048902e-47
1.056941255674854006e+02 2.851849788802631810e-47
1.068620925323696156e+02 2.884103821112131035e-47
1.080429660502314704e+02 2.916722642129754408e-47
1.092368887442056575e+02 2.949710377566058606e-47
1.104440048134755443e+02 2.983071199792822881e-47
1.116644600506901384e+02 3.016809328370833200e-47
1.128984018595711518e+02 3.050929030583383769e-47
1.141459792727170708e+02 3.083663209871649322e-47
1.154073429696026523e+02 3.114509746014179316e-47
1.166826452947777142e+02 3.145664846590382213e-47
1.179720402762669096e+02 3.177131598235687739e-47
1.192756836441726165e+02 3.208913118461636760e-47
1.205937328494846525e+02 3.244238765101937124e-47
1.219263470830953793e+02 3.280770932881516507e-47
1.232736872950273863e+02 3.317714475833973679e-47
1.246359162138723491e+02 3.355074026302231839e-47
1.260131983664451099e+02 3.393028915744504627e-47
1.274057000976547300e+02 3.432375171364401123e-47
1.288135895905950576e+02 3.472177694192724831e-47
1.302370368868585331e+02 3.512441775197007175e-47
1.316762139070717978e+02 3.553172766700090663e-47
1.331312944716609081e+02 3.597704668991738758e-47
1.346024543218447320e+02 3.646027771827883580e-47
1.360898711408605948e+02 3.694999933573126225e-47
1.375937245754243463e+02 3.744629872158224755e-47
1.391141962574277500e+02 3.794926422610297459e-47
1.406514698258752674e+02 3.849027617508236091e-47
1.422057309490645594e+02 3.904391012270828744e-47
1.437771673470096232e+02 3.960550739453965044e-47
1.453659688141140407e+02 4.017518253292594718e-47
1.469723272420937406e+02 4.074615363077012570e-47
1.485964366431532540e+02 4.117920654471279355e-47
1.502384931734180213e+02 4.161686197471068594e-47
1.518986951566253651e+02 4.205916883662062617e-47
1.535772431080787328e+02 4.250617656617845712e-47
1.552743397588637322e+02 4.294293128719356017e-47
1.569901900803346848e+02 4.336586669947067281e-47
1.587250013088703042e+02 4.379296750888292206e-47
1.604789829709031324e+02 4.422427473950346753e-47
1.622523469082258032e+02 4.466858443671705297e-47
1.640453073035766636e+02 4.514241534965351994e-47
1.658580807065079910e+02 4.562127251844486968e-47
1.676908860595416968e+02 4.610520926010192278e-47
1.695439447246106113e+02 4.659427945720634787e-47
1.714174805097954106e+02 4.708901045727796263e-47
1.733117196963554534e+02 4.759106601437044215e-47
1.752268910660582151e+02 4.809847440814307718e-47
1.771632259288112721e+02 4.861129270969190702e-47
1.791209581505989092e+02 4.912957859859358050e-47
1.811003241817292633e+02 4.966773065653815556e-47
1.831015630853902678e+02 5.022612203239125647e-47
1.851249165665244050e+02 5.079079114480499552e-47
1.871706290010210125e+02 5.136180857147458678e-47
1.892389474652313197e+02 5.190753131651335762e-47
1.913301217658099063e+02 5.239325054371018394e-47
1.934444044698856260e+02 5.288351483713699585e-47
1.955820509355657464e+02 5.337836672676971388e-47
1.977433193427790741e+02 5.387784914055399077e-47
1.999284707244559343e+02 5.440680575048267901e-47
2.021377689980566856e+02 5.501462111837815548e-47
2.043714809974466959e+02 5.562922680444069790e-47
2.066298765051239457e+02 5.625069866792319051e-47
2.089132282848025284e+02 5.687911341555738341e-47
2.112218121143562826e+02 5.751454861101433429e-47
2.135559068191280403e+02 5.815708268448523637e-47
2.159157943056031286e+02 5.880679494235446359e-47
2.183017595954589467e+02 5.946376557699564682e-47
2.207140908599888292e+02 6.012807567666201899e-47
2.231530794549067878e+02 6.079980723550266932e-47
2.256190199555366007e+02 6.147904316367501124e-47
2.281122101923896253e+02 6.216586729758614446e-47
2.306329512871378142e+02 6.286036441023255042e-47
2.331815476889798049e+02 6.356262022167149205e-47
2.357583072114133529e+02 6.427272140959306109e-47
2.383635410694118377e+02 6.499075562002687581e-47
2.409975639170122008e+02 6.571681147815160446e-47
2.436606938853179543e+02 6.645097859924116161e-47
2.463532526209225182e+02 6.719334759972257844e-47
2.490755653247562407e+02 6.794401010835720549e-47
2.518279607913655127e+02 6.870305877755793684e-47
2.546107714486207669e+02 6.947058729481620245e-47
2.574243333978683950e+02 7.024669039427452075e-47
2.602689864545236560e+02 7.103146386841028762e-47
2.631450741891129042e+02 7.182500457986830513e-47
2.660529439687692275e+02 7.262741047340709427e-47
2.689929469991860174e+02 7.343878058799729228e-47
2.719654383670369384e+02 7.425921506903633293e-47
2.749707770828593425e+02 7.508881518071872156e-47
2.780093261244166456e+02 7.592768331852516976e-47
2.810814524805377346e+02 7.677592302187073775e-47
2.841875271954406799e+02 7.763363898687461738e-47
2.873279254135467795e+02 7.850093707929246208e-47
2.905030264247894820e+02 7.937792434757308003e-47
2.937132137104238154e+02 8.026470903608003711e-47
2.969588749893443946e+02 8.116140059844819241e-47
3.002404022649097897e+02 8.206810971108931380e-47
3.035581918722901946e+02 8.298494828686186446e-47
3.069126445263352707e+02 8.391202948887341739e-47
3.103041653699713152e+02 8.484946774445891874e-47
3.137331640231338383e+02 8.579737875929324184e-47
3.172000546322395849e+02 8.675587953168351833e-47
3.207052559202087423e+02 8.772508836699872571e-47
3.242491912370336991e+02 8.870512489228319403e-47
3.278322886109125989e+02 8.969611007101039313e-47
3.314549807999449627e+02 9.069816621802472286e-47
3.351177053443993259e+02 9.171141701462685085e-47
3.388209046195582346e+02 9.273598752385123445e-47
3.425650258891465114e+02 9.377200420589033085e-47
3.463505213593537633e+02 9.481959493371382088e-47
3.501778482334463547e+02 9.587888900884723927e-47
3.540474687669902210e+02 9.695001717732652180e-47
3.579598503236803708e+02 9.803311164584665213e-47
3.619154654317879363e+02 9.912830609806701200e-47
3.659147918412309082e+02 1.002357357111243272e-46
3.699583125812758340e+02 1.013555371723044174e-46
3.740465160188762184e+02 1.024878486959261309e-46
3.781798959176591666e+02 1.036328100403876811e-46
3.823589514975566317e+02 1.047905625254299519e-46
3.865841874951029240e+02 1.059612490495658412e-46
3.908561142243949007e+02 1.071450141077313966e-46
3.951752476387267166e+02 1.083420038091067418e-46
3.995421093929050471e+02 1.095523658951639489e-46
4.039572269062528562e+02 1.107762497578882215e-46
4.084211334263129061e+02 1.120138064582294272e-46
4.129343680932474285e+02 1.132651887447419722e-46
4.174974760049573206e+02 1.145305510724324873e-46
4.221110082829171688e+02 1.158100496218368311e-46
4.267755221387381539e+02 1.171038423182820917e-46
4.314915809414669638e+02 1.184120888513940868e-46
4.362597542856280484e+02 1.197349506947921180e-46
4.410806180600171729e+02 1.210725911260347656e-46
4.459547545172594027e+02 1.224251752467571574e-46
4.508827523441267431e+02 1.237928700030648400e-46
4.558652067326421502e+02 1.251758442061236750e-46
4.609027194519642876e+02 1.265742685530117630e-46
4.659958989210680897e+02 1.279883156477719239e-46
4.711453602822278981e+02 1.294181600227322719e-46
4.763517254753119801e+02 1.308639781600316841e-46
4.816156233129029829e+02 1.323259485134192757e-46
4.869376895562386380e+02 1.338042515302636296e-46
4.923185669920011946e+02 1.352990696738398065e-46
4.977589055099508641e+02 1.368105874458441556e-46
5.032593621814178846e+02 1.383308743290741986e-46
5.088206013386622431e+02 1.398653624789421331e-46
5.144432946551099803e+02 1.414168725257208401e-46
5.201281212264751730e+02 1.429855932913098456e-46
5.258757676527842477e+02 1.445606638779617949e-46
5.316869281212950682e+02 1.460612429713273934e-46
5.375623044903435357e+02 1.475773984846912921e-46
5.435026063741115649e+02 1.491092921055362610e-46
5.495085512283326352e+02 1.506570871997051840e-46
5.555808644369441254e+02 1.522209488288302853e-46
5.617202793996965511e+02 1.538010437679211407e-46
5.679275376207363024e+02 1.553975405231572890e-46
5.742033887981560838e+02 1.570106093498659789e-46
5.805485909145462529e+02 1.586404222706635615e-46
5.869639103285409192e+02 1.602871530938079012e-46
5.934501218673768790e+02 1.619509774317418530e-46
6.000080089204757314e+02 1.636320727198054217e-46
6.066383635340581577e+02 1.653306182351657082e-46
6.133419865068109402e+02 1.670467951159438327e-46
6.201196874865973996e+02 1.687807863805157919e-46
6.269722850682503577e+02 1.705327769470410003e-46
6.339006068924384181e+02 1.723029536531768998e-46
6.409054897456269373e+02 1.740915052760152062e-46
6.479877796611424401e+02 1.759295754465629702e-46
6.551483320213553725e+02 1.778147586437438089e-46
6.623880116609889228e+02 1.797201426268209431e-46
6.697076929715780125e+02 1.816459438584474010e-46
6.771082600070676563e+02 1.835923811207939583e-46
6.845906065905921878e+02 1.855596755403950322e-46
6.921556364224284152e+02 1.875480506132877570e-46
6.998042631891415795e+02 1.895577322303936027e-46
7.075374106739388935e+02 1.915889487031715878e-46
7.153560128682405548e+02 1.936419307895742046e-46
7.232610140844900570e+02 1.957169117202537418e-46
7.312533690701981186e+02 1.978141272250489934e-46
7.393340431232603578e+02 1.999338155597879796e-46
7.475040122085422354e+02 2.020762175333292048e-46
7.557642630757537745e+02 2.042415765349418741e-46
7.641157933786271315e+02 2.064301385619465436e-46
7.725596117954103192e+02 2.086421522476517141e-46
7.810967381506922038e+02 2.108778688896201278e-46
7.897282035385801464e+02 2.131375424782076720e-46
7.984550504472240391e+02 2.154299372520343440e-46
8.072783328847316398e+02 2.177474192266754162e-46
8.161991165064680445e+02 2.200898314536820431e-46
8.252184787437626028e+02 2.224574421195988006e-46
8.343375089340386239e+02 2.248505222959802169e-46
8.435573084523796297e+02 2.272693459704258825e-46
8.528789908445571655e+02 2.297141900779500097e-46
8.623036819615124386e+02 2.321853345326841946e-46
8.718325200953405556e+02 2.346830622599405700e-46
8.814666561167692862e+02 2.373642902212524300e-46
8.912072536141581622e+02 2.401566516885802926e-46
9.010554890340341672e+02 2.429818625898181706e-46
9.110125518231784554e+02 2.458403093668077585e-46
9.210796445722921817e+02 2.487323830075055816e-46
9.312579831612315502e+02 2.516584790994636279e-46
9.415487969058661974e+02 2.546189978839431336e-46
9.519533287065515879e+02 2.576143443106446019e-46
9.624728351982431604e+02 2.606449280931228210e-46
9.731085869022699626e+02 2.636334315408500232e-46
9.838618683797852782e+02 2.665247234762328917e-46
9.947339783869108487e+02 2.694477244744911410e-46
1.005726230031605610e+03 2.724027822918061602e-46
1.016839950932247916e+03 2.753902484982463821e-46
1.028076483377989689e+03 2.784104785195769228e-46
1.039437184490873733e+03 2.814638316795497933e-46
1.050923426389743099e+03 2.845506712426533700e-46
1.062536596355962729e+03 2.876713644573355524e-46
1.074278097000969410e+03 2.908350535119991063e-46
1.086149346435685402e+03 2.941289147757522202e-46
1.098151778441781062e+03 2.974600807656559731e-46
1.110286842644851731e+03 3.008289739775137893e-46
1.122556004689499332e+03 3.042360216921326846e-46
1.134960746416347774e+03 3.076816560294967916e-46
1.147502566041017872e+03 3.111663140035782009e-46
1.160182978335077223e+03 3.146904375777639965e-46
1.173003514808988484e+03 3.182544737209111941e-46
1.185965723897091721e+03 3.218588744640414829e-46
1.199071171144605614e+03 3.255040969576517346e-46
1.212321439396720962e+03 3.291906035297266631e-46
1.225718128989769184e+03 3.329188617443553504e-46
1.239262857944508141e+03 3.366893444610381764e-46
1.252957262161543213e+03 3.405025298946602346e-46
1.266802995618903651e+03 3.443589016761438723e-46
1.280801730571817870e+03 3.482589489137939309e-46
1.294955157754667880e+03 3.522031662553090814e-46
1.309264986585203815e+03 3.561920539505528359e-46
1.323732945370999687e+03 3.602261179149778960e-46
1.338360781518194699e+03 3.643058697937979259e-46
1.353150261742540806e+03 3.684318270268801444e-46
1.368103172282782907e+03 3.726045129143786887e-46
1.383221319116393261e+03 3.768244566830813703e-46
1.398506528177704922e+03 3.810921935535683775e-46
1.413960645578426011e+03 3.854082648080708346e-46
1.429585537830621433e+03 3.897732178591280847e-46
1.445383092072141835e+03 3.941876063190171713e-46
1.461355216294547972e+03 3.986519900699676641e-46
1.477503839573553932e+03 4.031669353351789425e-46
1.493830912302012621e+03 4.077330147506089004e-46
1.510338406425492394e+03 4.123508074376410282e-46
1.527028315680425749e+03 4.170208990765092263e-46
1.543902655834919642e+03 4.217438819805866833e-46
1.560963464932212901e+03 4.265203551715096495e-46
1.578212803536825731e+03 4.313509244551524416e-46
1.595652754983430896e+03 4.362362024984691574e-46
1.613285425628469284e+03 4.411768089071707526e-46
1.631112945104564915e+03 4.461733703043532280e-46
1.649137466577716623e+03 4.512265204099441429e-46
1.667361167007366248e+03 4.563369001210854589e-46
1.685786247409322868e+03 4.615051575934193435e-46
1.704414933121596050e+03 4.667319483232944351e-46
1.723249474073167903e+03 4.720179352309109279e-46
1.742292145055733272e+03 4.773637887443688500e-46
1.761545245998444216e+03 4.827701868847450825e-46
1.781011102245690381e+03 4.882378153520574709e-46
1.800692064837943690e+03 4.937673676122400201e-46
1.820590510795728051e+03 4.993595449850965031e-46
1.840708843406686583e+03 5.050150567332494409e-46
1.861049492515861175e+03 5.107346201521051455e-46
1.881614914819158685e+03 5.165189606607958540e-46
1.902407594160064946e+03 5.223688118942353931e-46
1.923430041829638867e+03 5.282849157961337333e-46
1.944684796869814591e+03 5.342680227131071038e-46
1.966174426380078103e+03 5.403188914898451657e-46
1.987901525827491014e+03 5.464382895653560100e-46
2.009868719360181785e+03 5.526269930703109191e-46
2.032078660124278485e+03 5.589660640050465754e-46
2.054534030584351513e+03 5.656355860696503827e-46
2.077237542847393797e+03 5.723846881435511380e-46
2.100191938990384187e+03 5.792143197667337999e-46
2.123399991391463573e+03 5.861254418089904655e-46
2.146864503064793553e+03 5.929141238653857103e-46
2.170588307999073095e+03 5.996404452657268757e-46
2.194574271499836868e+03 6.064430734999815844e-46
2.218825290535517070e+03 6.133228742319536433e-46
2.243344294087331946e+03 6.202807229459805792e-46
2.268134243503040580e+03 6.270455257466553928e-46
2.293198132854603955e+03 6.338698122314017526e-46
2.318538989299820969e+03 6.407683690587421450e-46
2.344159873447911195e+03 6.477420045305955615e-46
2.370063879729189466e+03 6.547915357458244574e-46
2.396254136768797252e+03 6.619177886959413816e-46
2.422733807764571793e+03 6.691215983619544189e-46
2.449506090869089803e+03 6.764038088121701979e-46
2.476574219575926236e+03 6.837652733010593241e-46
2.503941463110210861e+03 6.906381858159302817e-46
2.531611126823444465e+03 6.972864704556557315e-46
2.559586552592733369e+03 7.039987534226768664e-46
2.587871119224408631e+03 7.107756507835379360e-46
2.616468242862109946e+03 7.176177845352538198e-46
2.645381377399377925e+03 7.245257826623528293e-46
2.674614014896810204e+03 7.315002791945253996e-46
2.704169686003816878e+03 7.385419142648287292e-46
2.734051960385065740e+03 7.456513341683914389e-46
2.764264447151587319e+03 7.530036508782029788e-46
2.794810795296693868e+03 7.607253795254297771e-46
2.825694694136692306e+03 7.685262911795679747e-46
2.856919873756472043e+03 7.764071978283173535e-46
2.888490105460014092e+03 7.843689197859496488e-46
2.920409202225875106e+03 7.929387653989997704e-46
2.952681019167733666e+03 8.018012454248738755e-46
2.985309453999966991e+03 8.107627791931375323e-46
3.018298447508430854e+03 8.198244738029422021e-46
3.051651984026411810e+03 8.289817127405501564e-46
3.085374091915846748e+03 8.381775095634017959e-46
3.119468844053858902e+03 8.474753142809019741e-46
3.153940358324670342e+03 8.568762584546370238e-46
3.188792798116942322e+03 8.663814861984731069e-46
3.224030372826648545e+03 8.759921543178395872e-46
3.259657338365434043e+03 8.857094324504153814e-46
3.295677997674662947e+03 8.955345032085908922e-46
3.332096701245109671e+03 9.054685623232786239e-46
3.368917847642399920e+03 9.155128187895524321e-46
3.406145884038262466e+03 9.251197301472341246e-46
3.443785306747637151e+03 9.346839601862938678e-46
3.481840661771760097e+03 9.443470687740143157e-46
3.520316545347176998e+03 9.541100781533830672e-46
3.559217604500891412e+03 9.640339285628855814e-46
3.598548537611616666e+03 9.744044986001091965e-46
3.638314094977235982e+03 9.848866297761007147e-46
3.678519079388529462e+03 9.954815222069555510e-46
3.719168346709238904e+03 1.006190388918938448e-45
3.760266806462575914e+03 1.017078398781204868e-45
3.801819422424139248e+03 1.028147506343139259e-45
3.843831213221456892e+03 1.039337081651084678e-45
3.886307252940116541e+03 1.050648435784344261e-45
3.929252671736602224e+03 1.062082894091010990e-45
3.972672656457903031e+03 1.073641796343275799e-45
4.016572451267966244e+03 1.085326496894337945e-45
4.060957358281069901e+03 1.097138364837199711e-45
4.105832738202230757e+03 1.109078784165012357e-45
4.151204010974608536e+03 1.121159209822312333e-45
4.197076656434147480e+03 1.133408058567750285e-45
4.243456214971408372e+03 1.145790728000093695e-45
4.290348288200726529e+03 1.158308680132334844e-45
4.337758539636758542e+03 1.170963392950256219e-45
4.385692695378502322e+03 1.183756360586820243e-45
4.434156544800914162e+03 1.196689093498637501e-45
4.483155941254086429e+03 1.209763118644364248e-45
4.532696802770235081e+03 1.222979979664872399e-45
4.582785112778456096e+03 1.236341237065583558e-45
4.633426920827389040e+03 1.249848468400697968e-45
4.684628343315872371e+03 1.263503268459434109e-45
4.736395564231662320e+03 1.277307249454406995e-45
4.788734835898312667e+03 1.291262041211857816e-45
4.841652479730356390e+03 1.305369291364146425e-45
4.895154886996730056e+03 1.319630665544351404e-45
4.949248519592736557e+03 1.334047847582802689e-45
5.003939910820488876e+03 1.348622539705974580e-45
5.059235666177984058e+03 1.363356462737445579e-45
5.115142464156902861e+03 1.378470239489389494e-45
5.171667057049210598e+03 1.393877059658648480e-45
5.228816271762726501e+03 1.409456078037847850e-45
5.286597010645594310e+03 1.425209219243741218e-45
5.345016252319979685e+03 1.441138429403954457e-45
5.404081052524916231e+03 1.457245676397592676e-45
5.463798544968484748e+03 1.473532950098187354e-45
5.524175942189403031e+03 1.490002262619592261e-45
5.585220536428141713e+03 1.506655648564632737e-45
5.646939700507649832e+03 1.523495165276286823e-45
5.709340888723876560e+03 1.540522893092044158e-45
5.772431637746010892e+03 1.557740935600711153e-45
5.836219567526793071e+03 1.575151419902485736e-45
5.900712382222816814e+03 1.592756496871534990e-45
5.965917871125027887e+03 1.610746603483793239e-45
6.031843909599488143e+03 1.629019737675455600e-45
6.098498460038535086e+03 1.647500171657453756e-45
6.165889572822513401e+03 1.666190257144749587e-45
6.234025387291999323e+03 1.685050397069401161e-45
6.302914132730908932e+03 1.703459849769150443e-45
6.372564129360393054e+03 1.722070428767164097e-45
6.442983789343736134e+03 1.740884331401299120e-45
6.514181617802360051e+03 1.759903779015716698e-45
6.586166213843034711e+03 1.779314991774031470e-45
6.658946271596515544e+03 1.799201954377506909e-45
6.732530581267518755e+03 1.819311188632357810e-45
6.806928030196432701e+03 1.839645178813794260e-45
6.882147603932700804e+03 1.860206436963034601e-45
6.958198387320073380e+03 1.880997503197880253e-45
7.035089565593850239e+03 1.902020946026308386e-45
7.112830425490258676e+03 1.923279362663872154e-45
7.191430356368065077e+03 1.944775379354653631e-45
7.270898851342655689e+03 1.966511651695486964e-45
7.351245508432511087e+03 1.988490864964282470e-45
7.432480031718486316e+03 2.010715734451506133e-45
7.514612232515833966e+03 2.033189005795883577e-45
7.597652030559193008e+03 2.055913455323364917e-45
7.681609455200667071e+03 2.078891890390206118e-45
7.766494646621135871e+03 2.102127149729890588e-45
7.852317857055018976e+03 2.125622103803584817e-45
7.939089452028430969e+03 2.149379655155026979e-45
8.026819911611158204e+03 2.173402738768826688e-45
8.115519831682409858e+03 2.197617995680397439e-45
8.205199925210556103e+03 2.222088068784288362e-45
8.295871023547024379e+03 2.246830611661764678e-45
8.387544077734473831e+03 2.271848658213755184e-45
8.480230159829428885e+03 2.297145276123118355e-45
8.573940464239596622e+03 2.322723567230799026e-45
8.668686309075807003e+03 2.348586667916171317e-45
8.764479137519050710e+03 2.374737749481618792e-45
8.861330519202540017e+03 2.401180018541393887e-45
8.959252151609069188e+03 2.427515949875524868e-45
9.058255861483807166e+03 2.453807116248597459e-45
9.158353606262675385e+03 2.480383028610339451e-45
9.259557475516632621e+03 2.507246770896928536e-45
9.361879692411695942e+03 2.534401460445015556e-45
9.465332615185305258e+03 2.561850248353549901e-45
9.569928738638911454e+03 2.589596319849274311e-45
9.675680695647059110e+03 2.617642894656595700e-45
9.782601258683158449e+03 2.645993227371044795e-45
9.890703341362119318e+03 2.674650607837032143e-45
1.000000000000000000e+04 2.703618361529435627e-45
