# Envelope of XENON limits as of 2025 
#  Mass [GeV] 	 sigma_n_SD [cm^2]
1.000000000000000056e-01 1.000000000000000000e+00
1.011591112223829692e-01 1.000000000000000000e+00
1.023316578330244891e-01 1.000000000000000000e+00
1.035177955630176283e-01 1.000000000000000000e+00
1.047176819485520216e-01 1.000000000000000000e+00
1.059314763518370006e-01 1.000000000000000000e+00
1.071593399822671072e-01 1.000000000000000000e+00
1.084014359178330916e-01 1.000000000000000000e+00
1.096579291267809897e-01 1.000000000000000000e+00
1.109289864895222771e-01 1.000000000000000000e+00
1.122147768207980290e-01 1.000000000000000000e+00
1.135154708920999012e-01 1.000000000000000000e+00
1.148312414543511129e-01 1.000000000000000000e+00
1.161622632608501904e-01 1.000000000000000000e+00
1.175087130904807486e-01 1.000000000000000000e+00
1.188707697711903349e-01 1.000000000000000000e+00
1.202486142037412220e-01 1.000000000000000000e+00
1.216424293857368000e-01 1.000000000000000000e+00
1.230524004359261625e-01 1.000000000000000000e+00
1.244787146187906202e-01 1.000000000000000000e+00
1.259215613694150970e-01 1.000000000000000000e+00
1.273811323186478384e-01 1.000000000000000000e+00
1.288576213185518016e-01 1.000000000000000000e+00
1.303512244681508947e-01 1.000000000000000000e+00
1.318621401394748371e-01 1.000000000000000000e+00
1.333905690039058622e-01 1.000000000000000000e+00
1.349367140588306480e-01 1.000000000000000000e+00
1.365007806546013891e-01 1.000000000000000000e+00
1.380829765218092309e-01 1.000000000000000000e+00
1.396835117988739772e-01 1.000000000000000000e+00
1.413025990599533765e-01 1.000000000000000000e+00
1.429404533431760937e-01 1.000000000000000000e+00
1.445972921792019472e-01 1.000000000000000000e+00
1.462733356201129931e-01 1.000000000000000000e+00
1.479688062686396188e-01 1.000000000000000000e+00
1.496839293077255606e-01 1.000000000000000000e+00
1.514189325304352018e-01 1.000000000000000000e+00
1.531740463702079835e-01 1.000000000000000000e+00
1.549495039314631728e-01 1.000000000000000000e+00
1.567455410205594868e-01 1.000000000000000000e+00
1.585623961771137069e-01 1.000000000000000000e+00
1.604003107056820310e-01 1.000000000000000000e+00
1.622595287078087423e-01 1.000000000000000000e+00
1.641402971144466927e-01 1.000000000000000000e+00
1.660428657187530133e-01 1.000000000000000000e+00
1.679674872092653537e-01 1.000000000000000000e+00
1.699144172034626477e-01 1.000000000000000000e+00
1.718839142817145949e-01 1.000000000000000000e+00
1.738762400216250781e-01 1.000000000000000000e+00
1.758916590327733176e-01 1.000000000000000000e+00
1.779304389918577867e-01 1.000000000000000000e+00
1.799928506782476900e-01 1.000000000000000000e+00
1.820791680099462795e-01 1.000000000000000000e+00
1.841896680799711417e-01 1.000000000000000000e+00
1.863246311931560373e-01 1.000000000000000000e+00
1.884843409033795936e-01 1.000000000000000000e+00
1.906690840512252350e-01 1.000000000000000000e+00
1.928791508020778200e-01 1.000000000000000000e+00
1.951148346846616755e-01 1.000000000000000000e+00
1.973764326300255778e-01 1.000000000000000000e+00
1.996642450109794020e-01 1.000000000000000000e+00
2.019785756819878764e-01 1.000000000000000000e+00
2.043197320195271061e-01 1.000000000000000000e+00
2.066880249629082511e-01 1.000000000000000000e+00
2.090837690555750472e-01 1.000000000000000000e+00
2.115072824868795276e-01 1.000000000000000000e+00
2.139588871343422183e-01 1.000000000000000000e+00
2.164389086064020806e-01 1.000000000000000000e+00
2.189476762856621128e-01 1.000000000000000000e+00
2.214855233726359951e-01 1.000000000000000000e+00
2.240527869300018848e-01 1.000000000000000000e+00
2.266498079273693289e-01 1.000000000000000000e+00
2.292769312865649278e-01 1.000000000000000000e+00
2.319345059274428023e-01 1.000000000000000000e+00
2.346228848142263013e-01 1.000000000000000000e+00
2.373424250023866700e-01 1.000000000000000000e+00
2.400934876860652545e-01 1.000000000000000000e+00
2.428764382460451010e-01 1.000000000000000000e+00
2.456916462982790816e-01 1.000000000000000000e+00
2.485394857429799043e-01 1.000000000000000000e+00
2.514203348142797223e-01 1.000000000000000000e+00
2.543345761304649510e-01 1.000000000000000000e+00
2.572825967447933682e-01 1.000000000000000000e+00
2.602647881969005761e-01 1.000000000000000000e+00
2.632815465648021269e-01 1.000000000000000000e+00
2.663332725174982207e-01 1.000000000000000000e+00
2.694203713681883605e-01 1.000000000000000000e+00
2.725432531281029025e-01 1.000000000000000000e+00
2.757023325609583853e-01 1.000000000000000000e+00
2.788980292380440762e-01 1.000000000000000000e+00
2.821307675939472293e-01 1.000000000000000000e+00
2.854009769829238818e-01 1.000000000000000000e+00
2.887090917359236286e-01 1.000000000000000000e+00
2.920555512182746449e-01 1.000000000000000000e+00
2.954407998880381192e-01 1.000000000000000000e+00
2.988652873550384226e-01 1.000000000000000000e+00
3.023294684405777866e-01 1.000000000000000000e+00
3.058338032378433158e-01 1.000000000000000000e+00
3.093787571730138297e-01 1.000000000000000000e+00
3.129648010670751934e-01 1.000000000000000000e+00
3.165924111983522415e-01 1.000000000000000000e+00
3.202620693657651785e-01 1.000000000000000000e+00
3.239742629528197249e-01 1.000000000000000000e+00
3.277294849923383935e-01 1.000000000000000000e+00
3.315282342319424980e-01 1.000000000000000000e+00
3.353710152002930545e-01 1.000000000000000000e+00
3.392583382740993470e-01 1.000000000000000000e+00
3.431907197459044268e-01 1.000000000000000000e+00
3.471686818926561502e-01 1.000000000000000000e+00
3.511927530450729695e-01 1.000000000000000000e+00
3.552634676578141359e-01 1.000000000000000000e+00
3.593813663804627523e-01 1.000000000000000000e+00
3.635469961293319452e-01 1.000000000000000000e+00
3.677609101601032604e-01 1.000000000000000000e+00
3.720236681413067736e-01 1.000000000000000000e+00
3.763358362286534642e-01 1.000000000000000000e+00
3.806979871402286220e-01 1.000000000000000000e+00
3.851107002325570572e-01 1.000000000000000000e+00
3.895745615775503268e-01 1.000000000000000000e+00
3.940901640403449702e-01 1.000000000000000000e+00
3.986581073580440782e-01 1.000000000000000000e+00
4.032789982193707434e-01 1.000000000000000000e+00
4.079534503452451055e-01 1.000000000000000000e+00
4.126820845702953711e-01 1.000000000000000000e+00
4.174655289253136892e-01 1.000000000000000000e+00
4.223044187206674294e-01 1.000000000000000000e+00
4.271993966306778523e-01 1.000000000000000000e+00
4.321511127789764428e-01 1.000000000000000000e+00
4.371602248248504519e-01 1.000000000000000000e+00
4.422273980505899149e-01 1.000000000000000000e+00
4.473533054498465278e-01 1.000000000000000000e+00
4.525386278170169252e-01 1.000000000000000000e+00
4.577840538376618529e-01 1.000000000000000000e+00
4.630902801799739454e-01 1.000000000000000000e+00
4.684580115873047679e-01 1.000000000000000000e+00
4.738879609717653318e-01 1.000000000000000000e+00
4.793808495089109112e-01 1.000000000000000000e+00
4.849374067335235350e-01 1.000000000000000000e+00
4.905583706365048147e-01 1.000000000000000000e+00
4.962444877628915951e-01 1.000000000000000000e+00
5.019965133110081412e-01 1.000000000000000000e+00
5.078152112327672940e-01 1.000000000000000000e+00
5.137013543351340861e-01 1.000000000000000000e+00
5.196557243827659711e-01 1.000000000000000000e+00
5.256791122018421580e-01 1.000000000000000000e+00
5.317723177850969263e-01 1.000000000000000000e+00
5.379361503980700787e-01 1.000000000000000000e+00
5.441714286865890760e-01 1.000000000000000000e+00
5.504789807854970629e-01 1.000000000000000000e+00
5.568596444286411096e-01 1.000000000000000000e+00
5.633142670601354318e-01 1.000000000000000000e+00
5.698437059469139143e-01 1.000000000000000000e+00
5.764488282925875895e-01 1.000000000000000000e+00
5.831305113526221717e-01 1.000000000000000000e+00
5.898896425508496355e-01 1.000000000000000000e+00
5.967271195973313791e-01 1.000000000000000000e+00
6.036438506075867405e-01 1.000000000000000000e+00
6.106407542232039631e-01 1.000000000000000000e+00
6.177187597338491543e-01 1.000000000000000000e+00
6.248788072006891126e-01 1.000000000000000000e+00
6.321218475812451221e-01 1.000000000000000000e+00
6.394488428556941439e-01 1.000000000000000000e+00
6.468607661546326160e-01 1.000000000000000000e+00
6.543586018883233990e-01 1.000000000000000000e+00
6.619433458774393042e-01 1.000000000000000000e+00
6.696160054853220744e-01 1.000000000000000000e+00
6.773775997517750280e-01 1.000000000000000000e+00
6.852291595284062398e-01 1.000000000000000000e+00
6.931717276155405782e-01 1.000000000000000000e+00
7.012063589007182518e-01 1.000000000000000000e+00
7.093341204987995141e-01 1.000000000000000000e+00
7.175560918936926269e-01 1.000000000000000000e+00
7.258733650817251748e-01 1.000000000000000000e+00
7.342870447166763848e-01 1.000000000000000000e+00
7.427982482564916555e-01 1.000000000000000000e+00
7.514081061116968385e-01 1.000000000000000000e+00
7.601177617955328092e-01 1.000000000000000000e+00
7.689283720758310903e-01 1.000000000000000000e+00
7.778411071286488454e-01 1.000000000000000000e+00
7.868571506936850035e-01 1.000000000000000000e+00
7.959777002314983863e-01 1.000000000000000000e+00
8.052039670825476003e-01 1.000000000000000000e+00
8.145371766280743442e-01 1.000000000000000000e+00
8.239785684528517784e-01 1.000000000000000000e+00
8.335293965098193869e-01 1.000000000000000000e+00
8.431909292866257566e-01 1.000000000000000000e+00
8.529644499741022567e-01 1.000000000000000000e+00
8.628512566366893788e-01 1.000000000000000000e+00
8.728526623848377186e-01 1.000000000000000000e+00
8.829699955494089147e-01 1.000000000000000000e+00
8.932045998580966373e-01 1.000000000000000000e+00
9.035578346138927186e-01 1.000000000000000000e+00
9.140310748756229620e-01 1.000000000000000000e+00
9.246257116405740550e-01 1.000000000000000000e+00
9.353431520292383450e-01 1.000000000000000000e+00
9.461848194721999006e-01 1.000000000000000000e+00
9.571521538991862865e-01 1.000000000000000000e+00
9.682466119303121399e-01 1.000000000000000000e+00
9.794696670695393070e-01 1.000000000000000000e+00
9.908228099003795197e-01 1.000000000000000000e+00
1.002307548283865479e+00 1.000000000000000000e+00
1.013925407558815328e+00 1.000000000000000000e+00
1.025677930744421928e+00 1.000000000000000000e+00
1.037566678745186044e+00 1.000000000000000000e+00
1.049593230558227619e+00 1.000000000000000000e+00
1.061759183483000024e+00 1.000000000000000000e+00
1.074066153333433471e+00 1.000000000000000000e+00
1.086515774652538457e+00 1.000000000000000000e+00
1.099109700929497224e+00 1.000000000000000000e+00
1.111849604819270976e+00 1.000000000000000000e+00
1.124737178364751955e+00 1.000000000000000000e+00
1.137774133221491457e+00 1.000000000000000000e+00
1.150962200885032205e+00 1.000000000000000000e+00
1.164303132920876838e+00 1.000000000000000000e+00
1.177798701197119158e+00 1.000000000000000000e+00
1.191450698119775886e+00 1.000000000000000000e+00
1.205260936870842681e+00 1.000000000000000000e+00
1.219231251649110614e+00 1.000000000000000000e+00
1.233363497913775975e+00 1.000000000000000000e+00
1.247659552630869806e+00 1.000000000000000000e+00
1.262121314522547388e+00 1.000000000000000000e+00
1.276750704319265850e+00 1.000000000000000000e+00
1.291549665014884107e+00 1.000000000000000000e+00
1.306520162124721329e+00 1.000000000000000000e+00
1.321664183946605231e+00 1.000000000000000000e+00
1.336983741824946614e+00 1.000000000000000000e+00
1.352480870417875458e+00 1.000000000000000000e+00
1.368157627967471868e+00 1.000000000000000000e+00
1.384016096573131627e+00 1.000000000000000000e+00
1.400058382468097440e+00 1.000000000000000000e+00
1.416286616299198720e+00 1.000000000000000000e+00
1.432702953409831004e+00 1.000000000000000000e+00
1.449309574126216527e+00 1.000000000000000000e+00
1.466108684046984356e+00 1.000000000000000000e+00
1.483102514336104516e+00 1.000000000000000000e+00
1.500293322019218278e+00 1.000000000000000000e+00
1.517683390283405265e+00 1.000000000000000000e+00
1.535275028780422657e+00 1.000000000000000000e+00
1.553070573933460041e+00 1.000000000000000000e+00
1.571072389247450518e+00 1.000000000000000000e+00
1.589282865622978047e+00 1.000000000000000000e+00
1.607704421673823658e+00 1.000000000000000000e+00
1.626339504048192275e+00 1.000000000000000000e+00
1.645190587753662559e+00 1.000000000000000000e+00
1.664260176485903520e+00 1.000000000000000000e+00
1.683550802961202297e+00 1.000000000000000000e+00
1.703065029252844420e+00 1.000000000000000000e+00
1.722805447131394052e+00 1.000000000000000000e+00
1.742774678408919087e+00 1.000000000000000000e+00
1.762975375287205715e+00 1.000000000000000000e+00
1.783410220710007987e+00 1.000000000000000000e+00
1.804081928719382777e+00 1.000000000000000000e+00
1.824993244816152327e+00 1.000000000000000000e+00
1.846146946324547677e+00 1.000000000000000000e+00
1.867545842761076047e+00 1.000000000000000000e+00
1.889192776207666347e+00 1.000000000000000000e+00
1.911090621689137903e+00 1.000000000000000000e+00
1.933242287555045236e+00 1.000000000000000000e+00
1.955650715865949074e+00 1.000000000000000000e+00
1.978318882784164234e+00 1.000000000000000000e+00
2.001249798969037208e+00 1.000000000000000000e+00
2.024446509976803643e+00 1.000000000000000000e+00
2.047912096665085446e+00 1.000000000000000000e+00
2.071649675602068807e+00 1.000000000000000000e+00
2.095662399480433091e+00 1.000000000000000000e+00
2.119953457536071006e+00 1.000000000000000000e+00
2.144526075971667556e+00 1.000000000000000000e+00
2.169383518385184395e+00 1.000000000000000000e+00
2.194529086203313550e+00 1.000000000000000000e+00
2.219966119119954673e+00 1.000000000000000000e+00
2.245697995539774006e+00 1.000000000000000000e+00
2.271728133026905017e+00 1.000000000000000000e+00
2.298059988758851091e+00 1.000000000000000000e+00
2.324697059985648018e+00 1.000000000000000000e+00
2.351642884494348440e+00 1.000000000000000000e+00
2.378901041078893108e+00 1.000000000000000000e+00
2.406475150015424003e+00 1.000000000000000000e+00
2.434368873543110379e+00 1.000000000000000000e+00
2.462585916350546800e+00 1.000000000000000000e+00
2.491130026067788439e+00 1.000000000000000000e+00
2.520004993764092038e+00 1.000000000000000000e+00
2.549214654451422923e+00 1.000000000000000000e+00
2.578762887593800901e+00 1.000000000000000000e+00
2.608653617622548104e+00 1.000000000000000000e+00
2.638890814457510281e+00 1.000000000000000000e+00
2.669478494034320804e+00 1.000000000000000000e+00
2.700420718837772682e+00 1.000000000000000000e+00
2.731721598441376297e+00 1.000000000000000000e+00
2.763385290053169907e+00 1.000000000000000000e+00
2.795415999067856649e+00 1.000000000000000000e+00
2.827817979625341316e+00 1.000000000000000000e+00
2.860595535175741944e+00 1.000000000000000000e+00
2.893753019050950392e+00 1.000000000000000000e+00
2.927294835042816068e+00 1.000000000000000000e+00
2.961225437988034503e+00 1.000000000000000000e+00
2.995549334359813187e+00 9.044005868952986932e-42
3.030271082866396348e+00 7.585974090281846570e-42
3.065395295056526859e+00 6.343140454365620634e-42
3.100926635931926523e+00 5.379365906680162908e-42
3.136869824566876463e+00 4.660972006840890844e-42
3.173229634734976212e+00 4.069516489323822032e-42
3.210010895543171650e+00 3.544024654571680897e-42
3.247218492073128626e+00 3.011450365382733130e-42
3.284857366030043746e+00 2.550588830872097115e-42
3.322932516398971803e+00 2.173988215804974296e-42
3.361449000108764906e+00 1.849086364817719156e-42
3.400411932703705897e+00 1.568232014606163595e-42
3.439826489022924427e+00 1.323285775121927165e-42
3.479697903887691623e+00 1.105933695348185354e-42
3.520031472796679051e+00 8.832602402052265377e-43
3.560832552629277892e+00 7.330319353204036690e-43
3.602106562357069830e+00 6.213963714823492464e-43
3.643858983763544224e+00 5.167652504320768856e-43
3.686095362172157941e+00 4.381276049003981904e-43
3.728821307182833777e+00 3.690735161537556904e-43
3.772042493416997377e+00 3.125893370773735701e-43
3.815764661271248581e+00 2.630468557520074336e-43
3.859993617679767119e+00 2.179849599424251102e-43
3.904735236885560123e+00 1.737609165001567592e-43
3.949995461220642934e+00 1.465851836781944325e-43
3.995780301895269560e+00 1.246017731156279230e-43
4.042095839796307821e+00 1.115673738232209674e-43
4.088948226294862209e+00 1.022842868639004954e-43
4.136343684063275461e+00 9.115635993172193092e-44
4.184288507901582577e+00 8.175740863935630004e-44
4.232789065573550502e+00 7.367792400113585845e-44
4.281851798652413166e+00 6.649017357965945551e-44
4.331483223376400460e+00 5.928573644974477360e-44
4.381689931514192615e+00 5.202204222155343592e-44
4.432478591240398558e+00 4.874625705442743594e-44
4.483855948021188809e+00 4.200815709931809158e-44
4.535828825510188622e+00 3.969460836903730835e-44
4.588404126454759258e+00 3.235449603235773548e-44
4.641588833612779297e+00 2.954413082535097253e-44
4.695390010680060122e+00 2.546756817910927965e-44
4.749814803228502136e+00 2.282352143031623309e-44
4.804870439655131165e+00 2.022548522368595563e-44
4.860564232142136731e+00 1.782874212142180459e-44
4.916903577628028543e+00 1.570254049892142992e-44
4.973895958790064853e+00 1.380913047780308168e-44
5.031548945038053944e+00 1.237264326280688499e-44
5.089870193519682395e+00 1.127293535862495976e-44
5.148867450137495361e+00 1.017758924203727755e-44
5.208548550577662972e+00 9.255701878395826454e-45
5.268921421350674095e+00 8.325625289822850203e-45
5.329994080844090654e+00 7.531385926373425436e-45
5.391774640387502870e+00 6.887620570319031697e-45
5.454271305329833730e+00 6.361651662756662000e-45
5.517492376129125908e+00 5.742861524141382959e-45
5.581446249454963926e+00 5.102625894360134095e-45
5.646141419303670084e+00 4.531723965462459710e-45
5.711586478126432276e+00 3.904161050799308386e-45
5.777790117970504014e+00 3.507404960792208503e-45
5.844761131633634754e+00 3.196777757589210856e-45
5.912508413831877974e+00 2.850876873819102022e-45
5.981040962380941295e+00 2.525816918140325005e-45
6.050367879391221670e+00 2.323488484595100592e-45
6.120498372476699700e+00 2.129075068823680026e-45
6.191441755977844075e+00 1.972710602756355949e-45
6.263207452198689573e+00 1.774751906040371283e-45
6.335804992658251145e+00 1.641519351298053810e-45
6.409244019356453492e+00 1.495564610217164856e-45
6.483534286054723594e+00 1.379239721347527618e-45
6.558685659571431792e+00 1.261973034817095136e-45
6.634708121092347533e+00 1.170317676291480036e-45
6.711611767496282965e+00 1.044451746411931302e-45
6.789406812696109128e+00 9.458979530974478743e-46
6.868103588995303710e+00 8.586489976862269181e-46
6.947712548460236448e+00 7.870745433329656717e-46
7.028244264308349365e+00 7.347243584067401891e-46
7.109709432312435240e+00 6.872645673824664956e-46
7.192118872221189285e+00 6.405995111488404285e-46
7.275483529196228538e+00 5.974008615066612433e-46
7.359814475265767264e+00 5.569489459981170805e-46
7.445122910795139326e+00 5.185582197288568667e-46
7.531420165974371805e+00 4.827600911556490170e-46
7.618717702322995500e+00 4.491061012492333600e-46
7.707027114212299246e+00 4.172750091865711690e-46
7.796360130405233235e+00 3.879333708626548357e-46
7.886728615614152282e+00 3.617724784792595564e-46
7.978144572076624641e+00 3.384274747602209905e-46
8.070620141149502658e+00 3.183339885663503170e-46
8.164167604921468424e+00 3.049462969485780931e-46
8.258799387844268480e+00 2.939262057684357873e-46
8.354528058382866718e+00 2.791228189784948885e-46
8.451366330684717099e+00 2.648512513539287791e-46
8.549327066268380904e+00 2.518199889329417166e-46
8.648423275731722981e+00 2.415377758858858748e-46
8.748668120479909049e+00 2.316754020485489771e-46
8.850074914473434973e+00 2.206724072065326340e-46
8.952657125996395848e+00 2.047257276096130187e-46
9.056428379445289778e+00 1.899314195003022605e-46
9.161402457138516198e+00 1.836190553917859700e-46
9.267593301146877849e+00 1.816372583233952400e-46
9.375015015145285346e+00 1.723584817340766114e-46
9.483681866285921913e+00 1.700505859705295027e-46
9.593608287093141840e+00 1.655900341312364974e-46
9.704808877380301624e+00 1.596971266416450611e-46
9.817298406188836424e+00 1.539559418279041407e-46
9.931091813749794994e+00 1.486983518382199357e-46
1.004620421346813153e+01 1.441046066087336358e-46
1.016265089392995158e+01 1.409227681677324819e-46
1.028044732093309754e+01 1.378891922222904997e-46
1.039960913954120336e+01 1.352162399765324252e-46
1.052015217616159148e+01 1.326155875325958250e-46
1.064209244064724658e+01 1.292182707795307738e-46
1.076544612842315907e+01 1.260201142510232513e-46
1.089022962263730498e+01 1.231657868953414300e-46
1.101645949633656940e+01 1.180880314388565761e-46
1.114415251466788170e+01 1.103290499211017685e-46
1.127332563710487179e+01 1.036493543691651928e-46
1.140399601970033139e+01 9.748700893916581217e-47
1.153618101736478430e+01 9.180908784410319823e-47
1.166989818617147456e+01 8.662430430249384357e-47
1.180516528568805512e+01 8.188776869063147658e-47
1.194200028133532498e+01 7.743645827526597711e-47
1.208042134677328860e+01 7.311757729832611845e-47
1.222044686631488730e+01 6.954091874363640108e-47
1.236209543736769056e+01 6.619514380641695898e-47
1.250538587290391312e+01 6.288749714995802588e-47
1.265033720395903849e+01 5.989357425910730800e-47
1.279696868215941663e+01 5.778113557025069857e-47
1.294529978227916089e+01 5.574320232324546191e-47
1.309535020482667633e+01 5.361195961259164999e-47
1.324713987866117471e+01 5.153968934029830728e-47
1.340068896363950657e+01 4.951211353361039277e-47
1.355601785329368880e+01 4.751592781634944867e-47
1.371314717753945622e+01 4.560735811423449799e-47
1.387209780541621029e+01 4.390965975624662337e-47
1.403289084785873087e+01 4.227515689639585007e-47
1.419554766050101513e+01 4.081197050733433155e-47
1.436008984651260612e+01 3.943445581260297082e-47
1.452653925946781222e+01 3.811547380761350727e-47
1.469491800624817301e+01 3.687819970160862182e-47
1.486524844997857109e+01 3.568108900065793657e-47
1.503755321299738412e+01 3.459653328108655033e-47
1.521185517986104863e+01 3.358025027293012882e-47
1.538817750038346333e+01 3.259382086727994628e-47
1.556654359271061949e+01 3.170532562239969162e-47
1.574697714643086677e+01 3.085100231700998908e-47
1.592950212572123014e+01 3.001969938109462870e-47
1.611414277253019733e+01 2.934919954850985914e-47
1.630092360979741173e+01 2.873467230312254531e-47
1.648986944471064930e+01 2.813301231616634317e-47
1.668100537200059108e+01 2.755182314399224112e-47
1.687435677727375705e+01 2.700489288383157072e-47
1.706994934038407763e+01 2.646881971679058630e-47
1.726780903884355922e+01 2.594338811909949817e-47
1.746796215127245588e+01 2.542838684534492025e-47
1.767043526088946592e+01 2.492311380001366065e-47
1.787525525904235479e+01 2.442787901694081159e-47
1.808244934877951593e+01 2.394248479762468942e-47
1.829204504846293844e+01 2.356873330601080824e-47
1.850407019542302223e+01 2.322775092759341781e-47
1.871855294965579120e+01 2.289170173675473758e-47
1.893552179756295217e+01 2.255958486216823344e-47
1.915500555573527919e+01 2.223213409395670984e-47
1.937703337477988796e+01 2.190943625033352290e-47
1.960163474319185539e+01 2.161383472156561502e-47
1.982883949127071332e+01 2.133385138336353208e-47
2.005867779508233895e+01 2.105749491983167896e-47
2.029118018046678174e+01 2.079034063086811188e-47
2.052637752709252084e+01 2.054125367756901885e-47
2.076430107255774615e+01 2.029515100968459662e-47
2.100498241653915343e+01 2.005199687279494872e-47
2.124845352498882889e+01 1.987568193343037632e-47
2.149474673437980599e+01 1.970169921610049675e-47
2.174389475600079891e+01 1.952923946467625266e-47
2.199593068030074861e+01 1.935828934780326378e-47
2.225088798128369305e+01 1.919189278129433711e-47
2.250880052095461892e+01 1.902817105703116961e-47
2.276970255381679920e+01 1.886584600600399326e-47
2.303362873142131306e+01 1.870490571350731742e-47
2.330061410696924540e+01 1.855959545690435046e-47
2.357069413996727647e+01 1.842302546592802958e-47
2.384390470093720538e+01 1.828746041940098815e-47
2.412028207618006803e+01 1.815289292248239037e-47
2.439986297259550341e+01 1.804948897990657529e-47
2.468268452255692580e+01 1.796740643770420898e-47
2.496878428884326695e+01 1.788569717719097511e-47
2.525820026962784581e+01 1.780435950081658276e-47
2.555097090352506939e+01 1.773094143158409648e-47
2.584713507469563609e+01 1.766441434318955543e-47
2.614673211801092023e+01 1.759813686666741945e-47
2.644980182427719839e+01 1.753210806546583934e-47
2.675638444552045314e+01 1.747166015911233067e-47
2.706652070033241131e+01 1.743094143417378594e-47
2.738025177927857712e+01 1.739031760660335194e-47
2.769761935036891032e+01 1.734978845523659472e-47
2.801866556459195223e+01 1.730935375942565864e-47
2.834343306151309250e+01 1.726901329903578540e-47
2.867196497493769769e+01 1.723797187938617862e-47
2.900430493863991543e+01 1.722576022917981487e-47
2.934049709215787161e+01 1.721355722989810317e-47
2.968058608665602449e+01 1.720136287541315530e-47
3.002461709085549302e+01 1.718917715960058349e-47
3.037263579703311578e+01 1.717700007634033419e-47
3.072468842709003667e+01 1.716483161951753159e-47
3.108082173869063780e+01 1.717949552646014473e-47
3.144108303147264749e+01 1.720126049979614805e-47
3.180552015332919780e+01 1.722305304751951246e-47
3.217418150676371624e+01 1.724487320456466322e-47
3.254711605531848306e+01 1.727366317686956063e-47
3.292437333007768530e+01 1.730503924712974273e-47
3.330600343624588788e+01 1.733647230922627724e-47
3.369205705980267140e+01 1.736796246667975500e-47
3.408258547423452001e+01 1.741089780545310907e-47
3.447764054734464167e+01 1.745946260618874671e-47
3.487727474814177242e+01 1.750816287035090131e-47
3.528154115380883127e+01 1.755699897579167740e-47
3.569049345675229290e+01 1.761877996920231283e-47
3.610418597173337218e+01 1.768881526115229692e-47
3.652267364308175246e+01 1.775912894593776836e-47
3.694601205199302285e+01 1.782972213018096037e-47
3.737425742391064176e+01 1.790732766662841041e-47
3.780746663599349233e+01 1.799065422787986187e-47
3.824569722466998911e+01 1.807436852514273506e-47
3.868900739327975202e+01 1.815847236263452108e-47
3.913745601980384237e+01 1.825102429351920216e-47
3.959110266468458406e+01 1.835220813166405583e-47
4.005000757873611406e+01 1.845395293389133945e-47
4.051423171114647204e+01 1.855626181019112947e-47
4.098383671757261482e+01 1.866329226542728909e-47
4.145888496832910874e+01 1.877626847094861319e-47
4.193943955667186430e+01 1.888992856561589991e-47
4.242556430717777260e+01 1.900427668927816862e-47
4.291732378422157268e+01 1.912485097249501103e-47
4.341478330055092272e+01 1.925524321713304592e-47
4.391800892596086214e+01 1.938652446934976140e-47
4.442706749606882966e+01 1.951870079035347416e-47
4.494202662119142389e+01 1.965552144086843009e-47
4.546295469532399380e+01 1.980122793141086509e-47
4.598992090522438048e+01 1.994801454498419672e-47
4.652299523960189020e+01 2.009588928854585417e-47
4.706224849841281355e+01 2.024688828334670188e-47
4.760775230226368393e+01 2.040472752048847607e-47
4.815957910192350511e+01 2.056379722941631700e-47
4.871780218794631168e+01 2.072410700255344453e-47
4.928249570040513561e+01 2.088783612404744792e-47
4.985373463873893485e+01 2.106133573561747341e-47
5.043159487171358535e+01 2.123627647852484172e-47
5.101615314749833630e+01 2.141267032316899315e-47
5.160748710385907856e+01 2.159133024247992664e-47
5.220567527846975509e+01 2.177618678120974005e-47
5.281079711934330589e+01 2.196262598944324639e-47
5.342293299538351903e+01 2.215066141737802900e-47
5.404216420705915169e+01 2.234138380483331626e-47
5.466857299720180663e+01 2.254502793159907901e-47
5.530224256192899901e+01 2.275052829657819832e-47
5.594325706169377810e+01 2.295790181958325578e-47
5.659170163246242424e+01 2.316736580163733823e-47
5.724766239702178439e+01 2.338544650543316926e-47
5.791122647641758192e+01 2.360558006209903985e-47
5.858248200152535645e+01 2.382778579569554558e-47
5.926151812475552560e+01 2.405208321218707968e-47
5.994842503189408944e+01 2.427948658010067742e-47
6.064329395408061885e+01 2.450907033268361014e-47
6.134621717992506262e+01 2.474082500017722256e-47
6.205728806776500761e+01 2.497477111047898521e-47
6.277660105806499757e+01 2.522451846422257721e-47
6.350425168595962333e+01 2.547808768052685514e-47
6.424033659394190465e+01 2.573420589880862516e-47
6.498495354469888241e+01 2.599289874288528018e-47
6.573820143409585626e+01 2.625797474058118203e-47
6.650018030431118632e+01 2.652641044854085365e-47
6.727099135712336420e+01 2.679759037916080840e-47
6.805073696735206568e+01 2.707154258667534577e-47
6.883952069645496863e+01 2.734646078652945084e-47
6.963744730628222612e+01 2.762369235748668614e-47
7.044462277299037112e+01 2.790373443268240302e-47
7.126115430111745752e+01 2.818661550430380777e-47
7.208715033782135606e+01 2.848652165285733033e-47
7.292272058728312345e+01 2.879474827491970104e-47
7.376797602527730646e+01 2.910630993562616392e-47
7.462302891391107096e+01 2.942124272038258662e-47
7.548799281653431592e+01 2.974043352806050300e-47
7.636298261282242095e+01 3.006349635169436928e-47
7.724811451403400042e+01 3.039006852524746084e-47
7.814350607844542651e+01 3.072018816990327055e-47
7.904927622696420997e+01 3.105389382094408242e-47
7.996554525892345566e+01 3.139122443225325024e-47
8.089243486805938232e+01 3.173221938085829039e-47
8.183006815867389605e+01 3.207691847153149389e-47
8.277856966198471866e+01 3.242536194143278682e-47
8.373806535266488993e+01 3.277759046480873884e-47
8.470868266557401682e+01 3.313364515773943553e-47
8.569055051268347256e+01 3.349356758294020071e-47
8.668379930019773383e+01 3.385739975461002544e-47
8.768856094587427208e+01 3.422518414333751132e-47
8.870496889654403105e+01 3.459696368106022949e-47
8.973315814583520478e+01 3.497278176607287219e-47
9.077326525210223451e+01 3.534450891017920054e-47
9.182542835656282421e+01 3.570980746071299156e-47
9.288978720164497815e+01 3.607888150665231690e-47
9.396648314954690306e+01 3.645177006913747441e-47
9.505565920101190613e+01 3.684626064239960318e-47
9.615746001432096079e+01 3.729294474587934722e-47
9.727203192450537017e+01 3.774504396299133179e-47
9.839952296278225674e+01 3.820262394070041969e-47
9.954008287621518036e+01 3.864346241893639337e-47
1.006938631476027126e+02 3.904278371452583827e-47
1.018610170155975254e+02 3.944623138718154041e-47
1.030416994950587508e+02 3.985384807672361323e-47
1.042360673976401131e+02 4.027777677599807871e-47
1.054442793526168458e+02 4.076586956663078046e-47
1.066664958279538808e+02 4.125987714679170114e-47
1.079028791516183645e+02 4.175987119288167432e-47
1.091535935331391016e+02 4.225572611384785211e-47
1.104188050854160252e+02 4.271834500274761468e-47
1.116986818467822644e+02 4.318602867826967352e-47
1.129933938033221636e+02 4.365883259008286732e-47
1.143031129114478688e+02 4.414016578467454712e-47
1.156280131207375348e+02 4.464602071581963075e-47
1.169682703970384665e+02 4.515767284339222321e-47
1.183240627458378071e+02 4.567518860439549269e-47
1.196955702359042846e+02 4.619667538990415858e-47
1.210829750232039430e+02 4.670441115171857463e-47
1.224864613750930715e+02 4.721772730652988443e-47
1.239062156947915696e+02 4.773668518700033979e-47
1.253424265461399472e+02 4.826201411284344773e-47
1.267952846786433980e+02 4.881304609250748289e-47
1.282649830528060022e+02 4.937036948474996598e-47
1.297517168657586808e+02 4.993405612182975405e-47
1.312556835771842714e+02 5.050417865615192013e-47
1.327770829355428930e+02 5.107031131779341005e-47
1.343161170046015229e+02 5.164250835668884889e-47
1.358729901902709116e+02 5.222111635026368505e-47
1.374479092677536585e+02 5.280620712751579892e-47
1.390410834090069727e+02 5.339785332222259101e-47
1.406527242105236439e+02 5.399612838195781023e-47
1.422830457214352009e+02 5.460110657720937971e-47
1.439322644719406412e+02 5.521286301059944545e-47
1.456005995020648527e+02 5.582945452374457440e-47
1.472882723907501656e+02 5.645259093039136123e-47
1.489955072852853561e+02 5.708268242883692330e-47
1.507225309310755677e+02 5.771980664783479014e-47
1.524695727017573006e+02 5.836797490319864595e-47
1.542368646296627333e+02 5.902442672038993174e-47
1.560246414366367844e+02 5.968826150724824870e-47
1.578331405652116359e+02 6.035956229841677180e-47
1.596626022101425235e+02 6.103650764681801179e-47
1.615132693503091161e+02 6.172036697798015348e-47
1.633853877809862070e+02 6.241188833966873078e-47
1.652792061464895426e+02 6.311115757806352818e-47
1.671949759731990071e+02 6.381826150117687751e-47
1.691329517029648741e+02 6.453328788962392768e-47
1.710933907269015037e+02 6.525632550752395756e-47
1.730765534195725763e+02 6.598746411351964419e-47
1.750827031735725257e+02 6.673509192351803937e-47
1.771121064345088598e+02 6.749628080428071813e-47
1.791650327363901454e+02 6.826615190148189637e-47
1.812417547374237756e+02 6.904480424558021549e-47
1.833425482562290654e+02 6.982325463541652211e-47
1.854676923084699354e+02 7.060337641719035659e-47
1.876174691439121318e+02 7.139221434944525006e-47
1.897921642839101537e+02 7.218986581605016784e-47
1.919920665593284639e+02 7.299445786765162941e-47
1.942174681489026398e+02 7.380606525206806212e-47
1.964686646180446417e+02 7.462669669893638958e-47
1.987459549580983662e+02 7.545645254458263012e-47
2.010496416260499188e+02 7.629543424094769586e-47
2.033800305846982042e+02 7.714374436799038728e-47
2.057374313432913766e+02 7.800148664623450884e-47
2.081221569986339262e+02 7.886876594944307033e-47
2.105345242766705951e+02 7.975091149268827541e-47
2.129748535745520996e+02 8.065125622706967027e-47
2.154434690031884543e+02 8.156176536741905125e-47
2.179406984302955834e+02 8.248255366439217791e-47
2.204668735239409898e+02 8.341257771534035323e-47
2.230223297965938514e+02 8.435070068960245686e-47
2.256074066496861406e+02 8.529937452728140789e-47
2.282224474186898533e+02 8.625871789162626951e-47
2.308677994187169702e+02 8.723283764946297470e-47
2.335438139906479478e+02 8.822881935692558895e-47
2.362508465477947652e+02 8.923617269448137186e-47
2.389892566231050353e+02 9.025502749781614359e-47
2.417594079169130907e+02 9.128224627006129826e-47
2.445616683452446409e+02 9.230887768121893493e-47
2.473964100886814208e+02 9.334705539077852690e-47
2.502640096417919153e+02 9.439690925742988288e-47
2.531648478631355488e+02 9.545857060035037651e-47
2.560993100258459663e+02 9.653217221563541803e-47
2.590677858688009110e+02 9.761784839291203815e-47
2.620706696483852625e+02 9.871573493213336721e-47
2.651083601908538867e+02 9.982756822420929820e-47
2.681812609453015739e+02 1.009673503811457078e-46
2.712897800372467145e+02 1.021201460110991063e-46
2.744343303228365585e+02 1.032861036955112166e-46
2.776153294436800820e+02 1.044647340820243066e-46
2.808331998823172739e+02 1.056396260434839852e-46
2.840883690183304111e+02 1.068277317572536185e-46
2.873812691851066461e+02 1.080291998355067261e-46
2.907123377272578182e+02 1.092441805618253278e-46
2.940820170587063558e+02 1.104728259100032895e-46
2.974907547214440342e+02 1.117152895630432058e-46
3.009390034449721156e+02 1.129717269323921871e-46
3.044272212064302607e+02 1.142422951773758306e-46
3.079558712914226817e+02 1.155495600327593861e-46
3.115254223555488124e+02 1.168737805855175031e-46
3.151363484866479325e+02 1.182131769647508337e-46
3.187891292677645652e+02 1.195679230883983341e-46
3.224842498408441998e+02 1.209074574428804491e-46
3.262222009711670125e+02 1.222569572581764115e-46
3.300034791125285096e+02 1.236215194177624031e-46
3.338285864731760739e+02 1.250013120389036026e-46
3.376980310825091465e+02 1.264093371794304798e-46
3.416123268585528194e+02 1.278364303496016864e-46
3.455719936762139355e+02 1.292796346311970160e-46
3.495775574363275382e+02 1.307391319099663076e-46
3.536295501355043029e+02 1.322316949685996820e-46
3.577285099367873613e+02 1.337470960497791928e-46
3.618749812411280118e+02 1.352798639236734744e-46
3.660695147596902643e+02 1.368301976171229393e-46
3.703126675869926885e+02 1.383703117085798431e-46
3.746050032748992749e+02 1.399147219049576135e-46
3.789470919074667563e+02 1.414763699237065505e-46
3.833395101766601556e+02 1.430554481635329301e-46
3.877828414589457111e+02 1.446674373385536367e-46
3.922776758927719243e+02 1.463068291755233215e-46
3.968246104569481645e+02 1.479647988323826323e-46
4.014242490499322003e+02 1.496415568356159221e-46
4.060772025700365475e+02 1.513445633837927924e-46
4.107840889965646625e+02 1.530725412957333930e-46
4.155455334718875520e+02 1.548202484110082964e-46
4.203621683844713743e+02 1.565879099879687110e-46
4.252346334528681950e+02 1.583553534849115873e-46
4.301635758106795038e+02 1.601228252753067648e-46
4.351496500925049986e+02 1.619100245738758959e-46
4.401935185208874373e+02 1.637171715677650884e-46
4.452958509942655496e+02 1.655602129300682740e-46
4.504573251759458685e+02 1.674434312508515564e-46
4.556786265841063823e+02 1.693480708490116205e-46
4.609604486828433778e+02 1.712743753878133002e-46
4.663034929742731265e+02 1.732225913021482572e-46
4.717084690917017156e+02 1.751929678300617093e-46
4.771760948938745628e+02 1.771857570446378389e-46
4.827070965603182913e+02 1.792012138862478467e-46
4.883022086877879815e+02 1.812243204059878962e-46
4.939621743878320785e+02 1.832393089540778141e-46
4.996877453854883697e+02 1.852767016631505542e-46
5.054796821191240497e+02 1.873367476395557237e-46
5.113387538414326059e+02 1.894372386724704660e-46
5.172657387216019060e+02 1.916082264705781231e-46
5.232614239486662200e+02 1.938040942133712401e-46
5.293266058360561601e+02 1.960251270298809344e-46
5.354620899273608075e+02 1.982643960727861139e-46
5.416686911033151546e+02 2.005026940643496129e-46
5.479472336900287246e+02 2.027662612318128972e-46
5.542985515684669053e+02 2.050553828505295036e-46
5.607234882852033024e+02 2.073662250414997420e-46
5.672228971644543662e+02 2.096807281193922887e-46
5.737976414214133456e+02 2.120210643554918730e-46
5.804485942768977793e+02 2.143875220847128949e-46
5.871766390733255321e+02 2.167866944082706444e-46
5.939826693920356320e+02 2.192711123170756104e-46
6.008675891719686888e+02 2.217840021409233390e-46
6.078323128297230369e+02 2.243256901735276719e-46
6.148777653810022912e+02 2.268965064479922234e-46
6.220048825634711420e+02 2.294967847796644358e-46
6.292146109610343956e+02 2.321268628094810588e-46
6.365079081295571086e+02 2.347870820478098759e-46
6.438857427240419611e+02 2.374777879187942885e-46
6.513490946272802375e+02 2.401794379517918341e-46
6.588989550799949484e+02 2.429114368410255741e-46
6.665363268124913247e+02 2.456745117374080310e-46
6.742622241778342413e+02 2.484690161250582126e-46
6.820776732865684835e+02 2.513148765445312438e-46
6.899837121430018669e+02 2.541949941723247333e-46
6.979813907830659900e+02 2.571081185113164964e-46
7.060717714137772418e+02 2.600546278248710084e-46
7.142559285543126180e+02 2.630157244063825416e-46
7.225349491787213765e+02 2.660074820399959047e-46
7.309099328602910646e+02 2.690332703908163240e-46
7.393819919175865607e+02 2.720934765522703146e-46
7.479522515621821412e+02 2.752071983632793215e-46
7.566218500481055571e+02 2.783611266710661684e-46
7.653919388230148115e+02 2.815511996139854224e-46
7.742636826811269657e+02 2.847778314166235201e-46
7.832382599179196632e+02 2.880414410506662977e-46
7.923168624866253822e+02 2.913424522892830494e-46
8.015006961565404708e+02 2.946812937621803766e-46
8.107909806731686331e+02 2.980583990112454738e-46
8.201889499202203524e+02 3.014566978295507153e-46
8.296958520834906494e+02 3.048857147789021664e-46
8.393129498166364328e+02 3.083537361933130282e-46
8.490415204088747032e+02 3.118612057417274284e-46
8.588828559546249153e+02 3.154253305415816761e-46
8.688382635251184638e+02 3.190401665084625997e-46
8.789090653419954151e+02 3.226964292023759258e-46
8.890965989529157696e+02 3.263945933817141222e-46
8.994022174092044679e+02 3.301192326576615150e-46
9.098272894455558344e+02 3.338742809025343609e-46
9.203731996618221274e+02 3.376720421611501546e-46
9.310413487069075700e+02 3.415130022865323540e-46
9.418331534647951457e+02 3.445253044562551342e-46
9.527500472427290106e+02 3.467281988663811738e-46
9.637934799615785550e+02 3.489451785808881453e-46
9.749649183484086734e+02 3.511763336612078770e-46
9.862658461312820464e+02 3.536495715732604032e-46
9.976977642363201539e+02 3.578045964606368414e-46
1.009262190987048371e+03 3.620084386892587999e-46
1.020960662306047539e+03 3.662616718135203280e-46
1.032794731918952493e+03 3.705648761264995140e-46
1.044765971560805156e+03 3.749186387391494656e-46
1.056875971184805167e+03 3.793235536603591907e-46
1.069126339173477163e+03 3.837802218780459432e-46
1.081518702552289142e+03 3.882892514411025325e-46
1.094054707205743625e+03 3.928512575424067467e-46
1.106736018095974487e+03 3.974668626027049539e-46
1.119564319483879444e+03 4.021366963555839532e-46
1.132541315152812558e+03 4.068613959333372283e-46
1.145668728634872650e+03 4.116416059539449656e-46
1.158948303439811752e+03 4.164779786089700223e-46
1.172381803286599734e+03 4.213711737525939510e-46
1.185971012337670572e+03 4.263218589915900543e-46
1.199717735435885515e+03 4.313307097764642665e-46
1.213623798344241777e+03 4.363984094935546909e-46
1.227691047988360424e+03 4.415256495583264225e-46
1.241921352701784599e+03 4.467131295096484401e-46
1.256316602474121510e+03 4.519615571052931657e-46
1.270878709202059554e+03 4.572716484184418188e-46
1.285609606943296512e+03 4.626441279354412184e-46
1.300511252173409957e+03 4.680797286545901841e-46
1.315585624045705117e+03 4.735791921862067879e-46
1.330834724654076126e+03 4.791432688537574867e-46
1.346260579298911125e+03 4.847727177962507715e-46
1.361865236756082822e+03 4.904683070718343470e-46
1.377650769549054985e+03 4.962308137625308128e-46
1.393619274224143510e+03 5.020610240803232717e-46
1.409772871628967778e+03 5.079597334743577355e-46
1.426113707194129802e+03 5.139277467395366092e-46
1.442643951218158918e+03 5.199658781262551862e-46
1.459365799155757713e+03 5.260749514515614258e-46
1.476281471909391030e+03 5.322558002114864353e-46
1.493393216124253286e+03 5.385092676948315260e-46
1.510703304486655497e+03 5.448362070981538232e-46
1.528214036025870882e+03 5.512374816422425977e-46
1.545927736419478606e+03 5.577139646898228558e-46
1.563846758302247736e+03 5.642665398647848108e-46
1.581973481578601422e+03 5.708961011726691601e-46
1.600310313738701780e+03 5.776035531227151167e-46
1.618859690178199116e+03 5.843898108511930264e-46
1.637624074521688954e+03 5.912558002463373892e-46
1.656605958949915248e+03 5.982024580745946485e-46
1.675807864530768711e+03 6.052307321085087994e-46
1.695232341554121376e+03 6.123415812559636152e-46
1.714881969870540843e+03 6.195359756910404456e-46
1.734759359233932628e+03 6.268148969864157452e-46
1.754867149648152008e+03 6.341793382472115200e-46
1.775208011717636055e+03 6.416303042465721944e-46
1.795784647002096790e+03 6.491688115626687258e-46
1.816599788375328671e+03 6.567958887174802471e-46
1.837656200388172465e+03 6.645125763170362496e-46
1.858956679635688261e+03 6.723199271934782209e-46
1.880504055128583559e+03 6.802190065486169839e-46
1.902301188668945770e+03 6.882108920993520404e-46
1.924350975230332324e+03 6.962966742246217755e-46
1.946656343342263199e+03 7.044774561142599282e-46
1.969220255479173375e+03 7.127543539194197169e-46
1.992045708453871384e+03 7.211284969049480242e-46
2.015135733815558524e+03 7.296010276033648867e-46
2.038493398252464203e+03 7.381731019708399504e-46
2.062121803999144504e+03 7.468458895448108684e-46
2.086024089248504879e+03 7.556205736036464262e-46
2.110203428568596337e+03 7.644983513279901918e-46
2.134663033324245589e+03 7.734804339641980555e-46
2.159406152103567820e+03 7.825680469894953435e-46
2.184436071149428244e+03 7.917624302792768282e-46
2.209756114795903159e+03 8.010648382761806073e-46
2.235369645909796418e+03 8.104765401612773427e-46
2.261280066337279550e+03 8.199988200272718664e-46
2.287490817355704166e+03 8.296329770536060734e-46
2.314005380130653975e+03 8.393803256838213908e-46
2.340827276178294142e+03 8.492421958047864412e-46
2.367960067833078483e+03 8.592199329282516463e-46
2.395407358720879529e+03 8.693148983743139850e-46
2.423172794237600556e+03 8.795284694572615890e-46
2.451260062033339636e+03 8.898620396733760976e-46
2.479672892502160266e+03 9.003170188911685242e-46
2.508415059277541332e+03 9.108948335436215773e-46
2.537490379733571899e+03 9.215969268229221213e-46
2.566902715491951767e+03 9.324247588772461440e-46
2.596655972934872352e+03 9.433798070100950039e-46
2.626754103723838398e+03 9.544635658817308566e-46
2.657201105324506898e+03 9.656775477132249698e-46
2.688001021537607357e+03 9.770232824926546893e-46
2.719157943036018878e+03 9.885023181839730358e-46
2.750676007908067277e+03 1.000116220938080936e-45
2.782559402207125913e+03 1.011866575306633071e-45
2.814812360507581161e+03 1.023754984458115433e-45
2.847439166467247560e+03 1.035783070396621967e-45
2.880444153396297679e+03 1.047952474183205348e-45
2.913831704832788546e+03 1.060264856159658333e-45
2.947606255124858762e+03 1.072721896175180081e-45
2.981772290019673619e+03 1.085325293815429174e-45
3.016334347259197330e+03 1.098076768634548113e-45
3.051297017182871059e+03 1.110978060389630358e-45
3.086664943337274508e+03 1.124030929278228396e-45
3.122442823092857907e+03 1.137237156178363144e-45
3.158635408267819003e+03 1.150598542891645651e-45
3.195247505759213709e+03 1.164116912388958936e-45
3.232283978181380917e+03 1.177794109059326639e-45
3.269749744511767858e+03 1.191631998961402024e-45
3.307649780744242435e+03 1.205632470078217847e-45
3.345989120549974814e+03 1.219797432574620672e-45
3.384772855945982883e+03 1.234128819058041504e-45
3.424006137971425687e+03 1.248628584842014506e-45
3.463694177371734440e+03 1.263298708213112148e-45
3.503842245290675692e+03 1.278141190700691296e-45
3.544455673970435782e+03 1.293158057350138658e-45
3.585539857459817085e+03 1.308351356998992191e-45
3.627100252330648345e+03 1.323723162556644638e-45
3.669142378402494160e+03 1.339275571287013727e-45
3.711671819475766824e+03 1.355010705094747202e-45
3.754694224073336954e+03 1.370930710814793260e-45
3.798215306190736101e+03 1.387037760505150787e-45
3.842240846055060956e+03 1.403334051743394487e-45
3.886776690892667830e+03 1.419821807926321930e-45
3.931828755705770163e+03 1.436503278573487193e-45
3.977403024058036863e+03 1.453380739633932347e-45
4.023505548869293307e+03 1.470456493796892189e-45
4.070142453219438721e+03 1.487732870805777409e-45
4.117319931161679051e+03 1.505212227776224813e-45
4.165044248545184928e+03 1.522896949517497701e-45
4.213321743847289326e+03 1.540789448858057539e-45
4.262158829015324955e+03 1.558892166974559218e-45
4.311561990318228709e+03 1.577207573725116546e-45
4.361537789208005961e+03 1.595738167986076900e-45
4.412092863191190190e+03 1.614486477993161012e-45
4.463233926710397100e+03 1.633455061686198727e-45
4.514967772036101451e+03 1.652646507058332876e-45
4.567301270168746669e+03 1.672063432508900344e-45
4.620241371751312727e+03 1.691708487200892639e-45
4.673795107992463272e+03 1.711584351422205670e-45
4.727969591600390231e+03 1.731693736951406175e-45
4.782772017727485036e+03 1.752039387427803555e-45
4.838209664925957441e+03 1.772624078725579417e-45
4.894289896114531984e+03 1.793450619332747112e-45
4.951020159556351246e+03 1.814521850734096495e-45
5.008407989848212310e+03 1.835840647799109624e-45
5.066461008921268331e+03 1.857409919173958454e-45
5.125186927053332511e+03 1.879232607678587034e-45
5.184593543892912749e+03 1.901311690707975896e-45
5.244688749495118827e+03 1.923650180638610738e-45
5.305480525369574025e+03 1.946251125239229127e-45
5.366976945540475754e+03 1.969117608086896279e-45
5.429186177618942565e+03 1.992252748987462463e-45
5.492116483887789400e+03 2.015659704401471459e-45
5.555776222398877508e+03 2.039341667874556114e-45
5.620173848083188204e+03 2.063301870473414083e-45
5.685317913873753241e+03 2.087543581226374595e-45
5.751217071841613688e+03 2.112070107569681374e-45
5.817880074344935565e+03 2.136884795798472376e-45
5.885315775191450484e+03 2.161991031523607918e-45
5.953533130814370452e+03 2.187392240133313242e-45
6.022541201461927812e+03 2.213091887260803580e-45
6.092349152400711318e+03 2.239093479256872372e-45
6.162966255132942024e+03 2.265400563668389809e-45
6.234401888627863627e+03 2.292016729722424168e-45
6.306665540567405515e+03 2.318945608815685390e-45
6.379766808606282211e+03 2.346190875010272256e-45
6.453715401646702048e+03 2.373756245534646584e-45
6.528521141127846931e+03 2.401645481291100838e-45
6.604193962330305112e+03 2.429862387368569432e-45
6.680743915695614305e+03 2.458410813562093378e-45
6.758181168161110691e+03 2.487294654897752780e-45
6.836516004510238417e+03 2.516517852164406998e-45
6.915758828738525153e+03 2.546084392451037087e-45
6.995920165435374656e+03 2.575998309691053333e-45
7.077010661181889191e+03 2.606263685212337626e-45
7.159041085964888225e+03 2.636884648294417080e-45
7.242022334607315315e+03 2.667865376731506589e-45
7.325965428215230531e+03 2.699210097402852535e-45
7.410881515641569422e+03 2.730923086849082638e-45
7.496781874966876785e+03 2.763008671856031509e-45
7.583677914997190783e+03 2.795471230044711752e-45
7.671581176779302041e+03 2.828315190468938745e-45
7.760503335133571454e+03 2.861545034219248134e-45
7.850456200204509514e+03 2.895165295034644996e-45
7.941451719029339984e+03 2.929180559920841428e-45
8.033501977124734367e+03 2.963595469776229651e-45
8.126619200091945459e+03 2.998414720025209476e-45
8.220815755240540966e+03 3.033643061258473726e-45
8.316104153230960947e+03 3.069285299881552219e-45
8.412497049736119152e+03 3.105346298770178663e-45
8.510007247122246554e+03 3.141830977934162550e-45
8.608647696149244439e+03 3.178744315188248250e-45
8.708431497690724427e+03 3.216091346831678855e-45
8.809371904473990071e+03 3.253877168334910898e-45
8.911482322840201959e+03 3.292106935035238557e-45
9.014776314524917325e+03 3.330785862839742969e-45
9.119267598459298824e+03 3.369919228937355777e-45
9.224970052592174397e+03 3.409512372518423897e-45
9.331897715733239238e+03 3.449570695503603209e-45
9.440064789417603606e+03 3.490099663280432065e-45
9.549485639791966605e+03 3.531104805449452781e-45
9.660174799522645117e+03 3.572591716578193407e-45
9.772146969725725285e+03 3.614566056964926484e-45
9.885417021919573017e+03 3.657033553410469802e-45
1.000000000000000000e+04 3.699999999999999988e-45
