4.014367889518814181e+00 5.698586534559579761e-45
4.083519729189143632e+00 4.687686460571357779e-45
4.153862784279036546e+00 3.865082270654291808e-45
4.237462641212892400e+00 3.164613862543447122e-45
4.310457529882473438e+00 2.603227566417591066e-45
4.397208983055517884e+00 2.136401609458647093e-45
4.472955675676068665e+00 1.757414902496750914e-45
4.550007187209041071e+00 1.449020372620188470e-45
4.641579771488498096e+00 1.188621270697954115e-45
4.734995328283513771e+00 9.624171317849039747e-46
4.816560756961867362e+00 8.018682808064771681e-46
4.899531238590484783e+00 6.603874815950940540e-46
4.983930976729928908e+00 5.438694063430124457e-46
5.098729863707188059e+00 4.458093106852694713e-46
5.201345936814735893e+00 3.670802411841561716e-46
5.321152717269347576e+00 2.992524250146157359e-46
5.428245230669287658e+00 2.484164073850549640e-46
5.537493067743569419e+00 2.053285921541474136e-46
5.648939606128907442e+00 1.690679564634721767e-46
5.779056171228459604e+00 1.389071454156677183e-46
5.895364362956865278e+00 1.145093236861351490e-46
6.014013351359039916e+00 9.420901121160991131e-47
6.135050246866212476e+00 7.748184085140182359e-47
6.258523108045245031e+00 6.374579273102208869e-47
6.384480960680626538e+00 5.247970010975013741e-47
6.512973817240515828e+00 4.313309351882525704e-47
6.644052696734547681e+00 3.550997980721891609e-47
6.777769644971298746e+00 2.918567134860219656e-47
6.914177755223450461e+00 2.400364374374234723e-47
7.053331189308841509e+00 1.977120583874479372e-47
7.215796234229249428e+00 1.626300628938472889e-47
7.340096148441397794e+00 1.344032575941128686e-47
7.509166481092756307e+00 1.102982670377672678e-47
7.682131146570927882e+00 9.062165142938541130e-48
7.836740265396675120e+00 7.465519134990389544e-48
7.994461018112549944e+00 6.146102959626887617e-48
8.225298531340724750e+00 5.072907404831258994e-48
8.462801404171333530e+00 4.206603666178930847e-48
8.657731909117027058e+00 3.488429839228368213e-48
8.907721157869236350e+00 2.879301189534613401e-48
9.164928766481480693e+00 2.379296631961470798e-48
9.402759453951546220e+00 1.967152901478508092e-48
9.674261135542748136e+00 1.626086791572415923e-48
9.925309041670050902e+00 1.345753703487216644e-48
1.032883905682469461e+01 1.127540824440785687e-48
1.077941594919076351e+01 9.479823822195117330e-49
1.124964844223153371e+01 7.970182343014227991e-49
1.174039397591880984e+01 6.698724815200173958e-49
1.221771930041337484e+01 5.653654633755039319e-49
1.275069517155387189e+01 4.747805038686694038e-49
1.330692114954601202e+01 3.991065106469703337e-49
1.388741147818184274e+01 3.359953355897888471e-49
1.449322464580143333e+01 2.825825570565953849e-49
1.516858229294480864e+01 2.394352492843482756e-49
1.614888152317709213e+01 2.104534056805730602e-49
1.719253450409186357e+01 1.847955444105765652e-49
1.830363559545373064e+01 1.619430693125672784e-49
1.948654376301672286e+01 1.420579588498476658e-49
2.092382203285010789e+01 1.301834714953028279e-49
2.265979423304030149e+01 1.236034009513216458e-49
2.453979363223371379e+01 1.169477377498574545e-49
2.650022751499603402e+01 1.103454839572902054e-49
2.861727644783903912e+01 1.040917774409163895e-49
3.107989130304524039e+01 1.016212351591929845e-49
3.375442261844065683e+01 1.007185752050442879e-49
3.665910653273942899e+01 1.000560735520522762e-49
3.981374846698009407e+01 9.951343739081224868e-50
4.311694806481322217e+01 1.022479866094226905e-49
4.682730942673735086e+01 1.040832442314686617e-49
5.085696011812336792e+01 1.066923328713253621e-49
5.507637418179851352e+01 1.114211654947283129e-49
5.964585743953064423e+01 1.162245286349839081e-49
6.459445383883908676e+01 1.212349646177709981e-49
6.995361699625105700e+01 1.266083578162591723e-49
7.575741011863514984e+01 1.332992131470658925e-49
8.204272251126995741e+01 1.401807588597202223e-49
8.884950404878635766e+01 1.475888730938078464e-49
9.622101909929787666e+01 1.555690558435567192e-49
1.036125591650328914e+02 1.655204524018687619e-49
1.122089103488016946e+02 1.765083096112975179e-49
1.215184690266251692e+02 1.884443132484937403e-49
1.308533174926359948e+02 2.016663466562987470e-49
1.417097337397844683e+02 2.150537014444950056e-49
1.525956418755246204e+02 2.306779562145766116e-49
1.652559384384661882e+02 2.459912084892545135e-49
1.789666130272254918e+02 2.623210108456003011e-49
1.927145332114264988e+02 2.817063518253034487e-49
2.087033459485274136e+02 3.011056528905543210e-49
2.247355929343915477e+02 3.244857570952950507e-49
2.426892594425136167e+02 3.489183240414032479e-49
2.620772076185996298e+02 3.759383093259947554e-49
2.822095466705247873e+02 4.055997727138717078e-49
3.056234299887426573e+02 4.340346100403248295e-49
3.291009180566863392e+02 4.644882757157079902e-49
3.564052051944057666e+02 4.970515300579093415e-49
3.837836655192997455e+02 5.331637182570331935e-49
4.156247781603178737e+02 5.712045207023381593e-49
4.475523884562955459e+02 6.162724522152988876e-49
4.846841564128892514e+02 6.617783896417309695e-49
5.219167943010384079e+02 7.123360467982253711e-49
5.636116586859803874e+02 7.667351871001043209e-49
3.245431865709370413e+03 4.269722456217862269e-48
3.494740591500849860e+03 4.617315416672890071e-48
3.763200802619293881e+03 4.987409763431669335e-48
4.075419668122169242e+03 5.355683172049664038e-48
4.388486688650419637e+03 5.791682885876713171e-48
1.000000000000000000e+07 1.319744890842500028e-44
