4.014367889518814181e+00 3.695303791412650787e-44
4.083519729189143632e+00 3.039775819082453451e-44
4.153862784279036546e+00 2.506350141785548819e-44
4.237462641212892400e+00 2.052124598563743808e-44
4.310457529882473438e+00 1.688088201829214003e-44
4.397208983055517884e+00 1.385370375536952901e-44
4.472955675676068665e+00 1.139612764129630984e-44
4.550007187209041071e+00 9.396313356486367569e-45
4.641579771488498096e+00 7.707730086270133051e-45
4.734995328283513771e+00 6.240887375206113957e-45
4.816560756961867362e+00 5.199792756164101521e-45
4.899531238590484783e+00 4.282346770975912516e-45
4.983930976729928908e+00 3.526773994049749955e-45
5.098729863707188059e+00 2.890893778714299096e-45
5.201345936814735893e+00 2.380367480205894279e-45
5.321152717269347576e+00 1.940531417816583994e-45
5.428245230669287658e+00 1.610880323553864819e-45
5.537493067743569419e+00 1.331473200364910515e-45
5.648939606128907442e+00 1.096337586060966223e-45
5.779056171228459604e+00 9.007568771586557062e-46
5.895364362956865278e+00 7.425468322772024939e-46
6.014013351359039916e+00 6.109074841703788347e-46
6.135050246866212476e+00 5.024385231801084818e-46
6.258523108045245031e+00 4.133657848959143079e-46
6.384480960680626538e+00 3.403097129641930247e-46
6.512973817240515828e+00 2.797007346450517414e-46
6.644052696734547681e+00 2.302679133129004753e-46
6.777769644971298746e+00 1.892573208028831567e-46
6.914177755223450461e+00 1.556539594442167441e-46
7.053331189308841509e+00 1.282083047324649116e-46
7.215796234229249428e+00 1.054590439865555315e-46
7.340096148441397794e+00 8.715509790957685932e-47
7.509166481092756307e+00 7.152398264009287251e-47
7.682131146570927882e+00 5.876449012052506076e-47
7.836740265396675120e+00 4.841088399217543313e-47
7.994461018112549944e+00 3.985500164187126263e-47
8.225298531340724750e+00 3.289576082221774295e-47
8.462801404171333530e+00 2.727813008073017679e-47
8.657731909117027058e+00 2.262106214023455309e-47
8.907721157869236350e+00 1.867110824373666394e-47
9.164928766481480693e+00 1.542878012233622918e-47
9.402759453951546220e+00 1.275619406854148347e-47
9.674261135542748136e+00 1.054451774948431649e-47
9.925309041670050902e+00 8.726670609711585668e-48
1.032883905682469461e+01 7.311647999481683893e-48
1.077941594919076351e+01 6.147283839533547574e-48
1.124964844223153371e+01 5.168342158494024925e-48
1.174039397591880984e+01 4.343853174312168808e-48
1.221771930041337484e+01 3.666167263891054009e-48
1.275069517155387189e+01 3.078760295021645200e-48
1.330692114954601202e+01 2.588044935401170894e-48
1.388741147818184274e+01 2.178794390454704512e-48
1.449322464580143333e+01 1.832434039819354395e-48
1.516858229294480864e+01 1.552641131467290909e-48
1.614888152317709213e+01 1.364705551474495145e-48
1.719253450409186357e+01 1.198324657799278358e-48
1.830363559545373064e+01 1.050135563256795716e-48
1.948654376301672286e+01 9.211886329260689159e-49
2.092382203285010789e+01 8.441873662501696537e-49
2.265979423304030149e+01 8.015182596542202965e-49
2.453979363223371379e+01 7.583589651281488480e-49
2.650022751499603402e+01 7.155460091019787728e-49
2.861727644783903912e+01 6.749932417443375651e-49
3.107989130304524039e+01 6.589727703429968165e-49
3.375442261844065683e+01 6.531193841906711338e-49
3.665910653273942899e+01 6.488233278699124422e-49
3.981374846698009407e+01 6.453045509735240005e-49
4.311694806481322217e+01 6.630370010013563938e-49
4.682730942673735086e+01 6.749379073188026978e-49
5.085696011812336792e+01 6.918567960371245066e-49
5.507637418179851352e+01 7.225213705175529151e-49
5.964585743953064423e+01 7.536692453740150199e-49
6.459445383883908676e+01 7.861599041918414077e-49
6.995361699625105700e+01 8.210041943306398830e-49
7.575741011863514984e+01 8.643916956378118463e-49
8.204272251126995741e+01 9.090157472487369718e-49
8.884950404878635766e+01 9.570543835849977833e-49
9.622101909929787666e+01 1.008802653778795790e-48
1.036125591650328914e+02 1.073333451387581031e-48
1.122089103488016946e+02 1.144585278764878129e-48
1.215184690266251692e+02 1.221985453750999025e-48
1.308533174926359948e+02 1.307725013702811991e-48
1.417097337397844683e+02 1.394536616204223258e-48
1.525956418755246204e+02 1.495853613918888880e-48
1.652559384384661882e+02 1.595153885742959649e-48
1.789666130272254918e+02 1.701046075313943493e-48
1.927145332114264988e+02 1.826752201887066336e-48
2.087033459485274136e+02 1.952548853990933074e-48
2.247355929343915477e+02 2.104159410727136797e-48
2.426892594425136167e+02 2.262594764340442900e-48
2.620772076185996298e+02 2.437808483497875652e-48
2.822095466705247873e+02 2.630151123995376190e-48
3.056234299887426573e+02 2.814539588649559041e-48
3.291009180566863392e+02 3.012019341830764792e-48
3.564052051944057666e+02 3.223178927636319790e-48
3.837836655192997455e+02 3.457351919761888373e-48
4.156247781603178737e+02 3.704031198302280848e-48
4.475523884562955459e+02 3.996278577860308031e-48
4.846841564128892514e+02 4.291366249309834170e-48
5.219167943010384079e+02 4.619212288046479778e-48
5.636116586859803874e+02 4.971968797380874455e-48
3.245431865709370413e+03 2.768743000576547792e-47
3.494740591500849860e+03 2.994143032119120632e-47
3.763200802619293881e+03 3.234134306177013717e-47
4.075419668122169242e+03 3.472944775209877923e-47
4.388486688650419637e+03 3.755673024713321369e-47
1.000000000000000000e+07 8.558013937757422596e-44
