4.014367889518814181e+00 1.652590095022278056e-44
4.083519729189143632e+00 1.359429073565693669e-44
4.153862784279036546e+00 1.120873858489744593e-44
4.237462641212892400e+00 9.177380201375996406e-45
4.310457529882473438e+00 7.549359942611014061e-45
4.397208983055517884e+00 6.195564667430076103e-45
4.472955675676068665e+00 5.096503217240577215e-45
4.550007187209041071e+00 4.202159080598546500e-45
4.641579771488498096e+00 3.447001685024066854e-45
4.734995328283513771e+00 2.791009682176221247e-45
4.816560756961867362e+00 2.325418014338783896e-45
4.899531238590484783e+00 1.915123696625772702e-45
4.983930976729928908e+00 1.577221278394735999e-45
5.098729863707188059e+00 1.292847000987281498e-45
5.201345936814735893e+00 1.064532699434052905e-45
5.321152717269347576e+00 8.678320325423855873e-46
5.428245230669287658e+00 7.204075814166594229e-46
5.537493067743569419e+00 5.954529172470274995e-46
5.648939606128907442e+00 4.902970737440692833e-46
5.779056171228459604e+00 4.028307217054363674e-46
5.895364362956865278e+00 3.320770386897919437e-46
6.014013351359039916e+00 2.732061325136687370e-46
6.135050246866212476e+00 2.246973384690652699e-46
6.258523108045245031e+00 1.848627989199640436e-46
6.384480960680626538e+00 1.521911303182754014e-46
6.512973817240515828e+00 1.250859712045932415e-46
6.644052696734547681e+00 1.029789414409348523e-46
6.777769644971298746e+00 8.463844691094636662e-47
6.914177755223450461e+00 6.961056685685280501e-47
7.053331189308841509e+00 5.733649693235990154e-47
7.215796234229249428e+00 4.716271823921571427e-47
7.340096148441397794e+00 3.897694470229273139e-47
7.509166481092756307e+00 3.198649744095250400e-47
7.682131146570927882e+00 2.628027891452176855e-47
7.836740265396675120e+00 2.165000549147213053e-47
7.994461018112549944e+00 1.782369858291797385e-47
8.225298531340724750e+00 1.471143147401064981e-47
8.462801404171333530e+00 1.219915063191889970e-47
8.657731909117027058e+00 1.011644653376226794e-47
8.907721157869236350e+00 8.349973449650378620e-48
9.164928766481480693e+00 6.899960232688265404e-48
9.402759453951546220e+00 5.704743414287673678e-48
9.674261135542748136e+00 4.715651695560005783e-48
9.925309041670050902e+00 3.902685740112928025e-48
1.032883905682469461e+01 3.269868390878278507e-48
1.077941594919076351e+01 2.749148908436584026e-48
1.124964844223153371e+01 2.311352879474126239e-48
1.174039397591880984e+01 1.942630196408050387e-48
1.221771930041337484e+01 1.639559843788961304e-48
1.275069517155387189e+01 1.376863461219141210e-48
1.330692114954601202e+01 1.157408880876213990e-48
1.388741147818184274e+01 9.743864732103875768e-49
1.449322464580143333e+01 8.194894154641265744e-49
1.516858229294480864e+01 6.943622229246100219e-49
1.614888152317709213e+01 6.103148764736618557e-49
1.719253450409186357e+01 5.359070787906719746e-49
1.830363559545373064e+01 4.696349010064451053e-49
1.948654376301672286e+01 4.119680806645582041e-49
2.092382203285010789e+01 3.775320673363781932e-49
2.265979423304030149e+01 3.584498627588327385e-49
2.453979363223371379e+01 3.391484394745866219e-49
2.650022751499603402e+01 3.200019034761415614e-49
2.861727644783903912e+01 3.018661545786574991e-49
3.107989130304524039e+01 2.947015819616596457e-49
3.375442261844065683e+01 2.920838680946284121e-49
3.665910653273942899e+01 2.901626133009515819e-49
3.981374846698009407e+01 2.885889684333555250e-49
4.311694806481322217e+01 2.965191611673257759e-49
4.682730942673735086e+01 3.018414082712590998e-49
5.085696011812336792e+01 3.094077653268435198e-49
5.507637418179851352e+01 3.231213799347121151e-49
5.964585743953064423e+01 3.370511330414533164e-49
6.459445383883908676e+01 3.515813973915358661e-49
6.995361699625105700e+01 3.671642376671515978e-49
7.575741011863514984e+01 3.865677181264911035e-49
8.204272251126995741e+01 4.065242006931886427e-49
8.884950404878635766e+01 4.280077319720427583e-49
9.622101909929787666e+01 4.511502619463144914e-49
1.036125591650328914e+02 4.800093119654193906e-49
1.122089103488016946e+02 5.118740978727628020e-49
1.215184690266251692e+02 5.464885084206317784e-49
1.308533174926359948e+02 5.848324053032663056e-49
1.417097337397844683e+02 6.236557341890355123e-49
1.525956418755246204e+02 6.689660730222722078e-49
1.652559384384661882e+02 7.133745046188380436e-49
1.789666130272254918e+02 7.607309314522408086e-49
1.927145332114264988e+02 8.169484202933799479e-49
2.087033459485274136e+02 8.732063933826075271e-49
2.247355929343915477e+02 9.410086955763555635e-49
2.426892594425136167e+02 1.011863139720069427e-48
2.620772076185996298e+02 1.090221097045384783e-48
2.822095466705247873e+02 1.176239340870227877e-48
3.056234299887426573e+02 1.258700369116941975e-48
3.291009180566863392e+02 1.347015999575553027e-48
3.564052051944057666e+02 1.441449437167937136e-48
3.837836655192997455e+02 1.546174782945396193e-48
4.156247781603178737e+02 1.656493110036780594e-48
4.475523884562955459e+02 1.787190111424366744e-48
4.846841564128892514e+02 1.919157329961019713e-48
5.219167943010384079e+02 2.065774535714853531e-48
5.636116586859803874e+02 2.223532042590302637e-48
3.245431865709370413e+03 1.238219512303180095e-47
3.494740591500849860e+03 1.339021470835138023e-47
3.763200802619293881e+03 1.446348831395184046e-47
4.075419668122169242e+03 1.553148119894402601e-47
4.388486688650419637e+03 1.679588036904246734e-47
1.000000000000000000e+07 3.827260183443250181e-44
