4.014367889518814181e+00 1.274242686694017642e-44
4.083519729189143632e+00 1.048198558304294379e-44
4.153862784279036546e+00 8.642586695812237606e-45
4.237462641212892400e+00 7.076291719185323649e-45
4.310457529882473438e+00 5.820993799411082467e-45
4.397208983055517884e+00 4.777139225989492720e-45
4.472955675676068665e+00 3.929699186653900096e-45
4.550007187209041071e+00 3.240108053960816253e-45
4.641579771488498096e+00 2.657837960782804651e-45
4.734995328283513771e+00 2.152030129381418531e-45
4.816560756961867362e+00 1.793031984884173078e-45
4.899531238590484783e+00 1.476671300336521557e-45
4.983930976729928908e+00 1.216128963465431014e-45
5.098729863707188059e+00 9.968599236945859648e-46
5.201345936814735893e+00 8.208163724847912005e-46
5.321152717269347576e+00 6.691487647643393537e-46
5.428245230669287658e+00 5.554759736392637173e-46
5.537493067743569419e+00 4.591286897810036285e-46
5.648939606128907442e+00 3.780474434692986760e-46
5.779056171228459604e+00 3.106058197098812981e-46
5.895364362956865278e+00 2.560506318197250073e-46
6.014013351359039916e+00 2.106577531621996236e-46
6.135050246866212476e+00 1.732546631655546630e-46
6.258523108045245031e+00 1.425399258261773496e-46
6.384480960680626538e+00 1.173481768842044966e-46
6.512973817240515828e+00 9.644852918794888373e-47
6.644052696734547681e+00 7.940272872858637715e-47
6.777769644971298746e+00 6.526114510444246547e-47
6.914177755223450461e+00 5.367377911869543236e-47
7.053331189308841509e+00 4.420976025257410812e-47
7.215796234229249428e+00 3.636518758157087378e-47
7.340096148441397794e+00 3.005348203778512658e-47
7.509166481092756307e+00 2.466344228968719976e-47
7.682131146570927882e+00 2.026361728293967629e-47
7.836740265396675120e+00 1.669340827316394263e-47
7.994461018112549944e+00 1.374310401443836776e-47
8.225298531340724750e+00 1.134336580076474037e-47
8.462801404171333530e+00 9.406251751975923032e-48
8.657731909117027058e+00 7.800366255253294463e-48
8.907721157869236350e+00 6.438313187495401693e-48
9.164928766481480693e+00 5.320269007702147888e-48
9.402759453951546220e+00 4.398687609841891165e-48
9.674261135542748136e+00 3.636040603270453774e-48
9.925309041670050902e+00 3.009196761969512320e-48
1.032883905682469461e+01 2.521257930855753150e-48
1.077941594919076351e+01 2.119753048115016562e-48
1.124964844223153371e+01 1.782186951204836307e-48
1.174039397591880984e+01 1.497880404935230613e-48
1.221771930041337484e+01 1.264195608238294585e-48
1.275069517155387189e+01 1.061641481041946663e-48
1.330692114954601202e+01 8.924292880693692424e-49
1.388741147818184274e+01 7.513084105016223295e-49
1.449322464580143333e+01 6.318738068342601469e-49
1.516858229294480864e+01 5.353934936094106635e-49
1.614888152317709213e+01 4.705881211981017638e-49
1.719253450409186357e+01 4.132153992411305076e-49
1.830363559545373064e+01 3.621157114678605813e-49
1.948654376301672286e+01 3.176512527331272294e-49
2.092382203285010789e+01 2.910990918104033472e-49
2.265979423304030149e+01 2.763856067773173436e-49
2.453979363223371379e+01 2.615030914234996263e-49
2.650022751499603402e+01 2.467400031386133804e-49
2.861727644783903912e+01 2.327562902566681167e-49
3.107989130304524039e+01 2.272319897734471676e-49
3.375442261844065683e+01 2.252135807554038497e-49
3.665910653273942899e+01 2.237321820241077636e-49
3.981374846698009407e+01 2.225188106805255423e-49
4.311694806481322217e+01 2.286334486211573994e-49
4.682730942673735086e+01 2.327372094202767845e-49
5.085696011812336792e+01 2.385713089783187875e-49
5.507637418179851352e+01 2.491453001784665290e-49
5.964585743953064423e+01 2.598859466806948358e-49
6.459445383883908676e+01 2.710896221351177412e-49
6.995361699625105700e+01 2.831048945967723761e-49
7.575741011863514984e+01 2.980661019440730753e-49
8.204272251126995741e+01 3.134537059478403351e-49
8.884950404878635766e+01 3.300187529603440776e-49
9.622101909929787666e+01 3.478629840616537154e-49
1.036125591650328914e+02 3.701149832370969126e-49
1.122089103488016946e+02 3.946845788844407184e-49
1.215184690266251692e+02 4.213742943968962103e-49
1.308533174926359948e+02 4.509396598975213787e-49
1.417097337397844683e+02 4.808746952428356401e-49
1.525956418755246204e+02 5.158115910065134358e-49
1.652559384384661882e+02 5.500530640492964203e-49
1.789666130272254918e+02 5.865676121772218914e-49
1.927145332114264988e+02 6.299145523748504816e-49
2.087033459485274136e+02 6.732927082727355455e-49
2.247355929343915477e+02 7.255722105955645019e-49
2.426892594425136167e+02 7.802050911518769562e-49
2.620772076185996298e+02 8.406236149992674348e-49
2.822095466705247873e+02 9.069486634466814238e-49
3.056234299887426573e+02 9.705308926377790111e-49
3.291009180566863392e+02 1.038627359251987849e-48
3.564052051944057666e+02 1.111441009529765424e-48
3.837836655192997455e+02 1.192190317159271937e-48
4.156247781603178737e+02 1.277252137345614106e-48
4.475523884562955459e+02 1.378027095813899269e-48
4.846841564128892514e+02 1.479781465279253099e-48
5.219167943010384079e+02 1.592831823464303414e-48
5.636116586859803874e+02 1.714471999096853449e-48
3.245431865709370413e+03 9.547389657160509921e-48
3.494740591500849860e+03 1.032463114523834776e-47
3.763200802619293881e+03 1.115218726267935706e-47
4.075419668122169242e+03 1.197567163865475087e-47
4.388486688650419637e+03 1.295059663694248773e-47
1.000000000000000000e+07 2.951039288881869998e-44
