# #See https://arxiv.org/pdf/2312.04303
4.999999999999999445e-01 4.956437601841101439e-37
5.212796947468925080e-01 2.573429486789344757e-37
5.434650403108268746e-01 1.435167580751884095e-37
5.665945806376720961e-01 7.632000183541304449e-38
5.907085000800986752e-01 3.776032126423772726e-38
6.158486932122971824e-01 1.765520652535782869e-38
6.420588376159579447e-01 1.006048477769781067e-38
6.693844697639824703e-01 5.340653018304536831e-39
6.978730641337600460e-01 3.004768516358853103e-39
7.275741156874500071e-01 1.919099666170943624e-39
7.585392258625885953e-01 1.135983086538115571e-39
7.908221922223886979e-01 7.448502282290129772e-40
8.244791019215103045e-01 4.812085368327207428e-40
8.595684291496757945e-01 3.082483545549946571e-40
8.961511367224178626e-01 1.974029145969171242e-40
9.342907819954856530e-01 1.323378285770819388e-40
9.740536272868844936e-01 9.079586641234827159e-41
1.015508754998421415e+00 6.259412075093322628e-41
1.058728187636750029e+00 4.195803109286847149e-41
1.103787012942431645e+00 3.067049906792762918e-41
1.150763514344430583e+00 2.186567750414266930e-41
1.199739306966651986e+00 1.515300023944542716e-41
1.250799479422849636e+00 1.026247947792356891e-41
1.304032741646232951e+00 7.551750459924934029e-42
1.359531579010603508e+00 5.142707517410590117e-42
1.417392413010816421e+00 3.693693289026254066e-42
1.477715768781679540e+00 2.569689421086463964e-42
1.540606449746367401e+00 1.935205353218281608e-42
1.606173719697763902e+00 1.424543483568528532e-42
1.674531492629062646e+00 1.104701015995250293e-42
1.745798530643472235e+00 8.081643435103371627e-43
1.820098650286805508e+00 6.383524157025782856e-43
1.897560937661474156e+00 4.753325543694863414e-43
1.978319972695605333e+00 3.667045425070292265e-43
2.062516062956891716e+00 2.784780881205643914e-43
2.150295487417462681e+00 2.094973547903317362e-43
2.241810750593190349e+00 1.552532851308231252e-43
2.337220847499041465e+00 1.170595354730817429e-43
2.436691539880747381e+00 8.652490699916251562e-44
2.540395644202748215e+00 6.381657050477285036e-44
2.648513331892688338e+00 4.740731692621527226e-44
2.761232442364192075e+00 3.400307033522672853e-44
2.878748809361644678e+00 2.623902507264013700e-44
3.001266601194037875e+00 1.841165811701289934e-44
3.128998675448949829e+00 1.389415587901355875e-44
3.262166948802919020e+00 1.049608900763260230e-44
3.401002782570775373e+00 7.018882749838570393e-45
3.545747384663652024e+00 5.791649490420639455e-45
3.696652228654122130e+00 4.508659878816270614e-45
3.853979490676489927e+00 4.010918764117834305e-45
4.018002504921250662e+00 3.524128930598261371e-45
4.189006238515198710e+00 3.208982543191022819e-45
4.367287786612062739e+00 2.835958401380037495e-45
4.553156888553935744e+00 2.685951460497904978e-45
4.746936466000214239e+00 2.593152563396589609e-45
4.948963183958977829e+00 2.407434487066466440e-45
5.159588035695492181e+00 2.244854458548808572e-45
5.379176952534129974e+00 2.197453323622940162e-45
5.608111439613021609e+00 2.164484624852017649e-45
5.846789238696064928e+00 2.122341797459336032e-45
6.095625019193814609e+00 2.074541041807326857e-45
6.355051098593746062e+00 2.062104342160789012e-45
6.625518193551704016e+00 2.026852426144131996e-45
6.907496202949229946e+00 2.009442568073803669e-45
7.201475024277388393e+00 1.957643793041089887e-45
7.507965404765391426e+00 1.932011375188915710e-45
7.827499828732665144e+00 1.931336835585810887e-45
8.160633442706236806e+00 1.946886919119507274e-45
8.507945019910378548e+00 1.951989788850318691e-45
8.870037965804453250e+00 1.984094905023206803e-45
9.247541366415806152e+00 2.042605055752011403e-45
9.641111081288984863e+00 2.083324075784135722e-45
1.005143088295041132e+01 2.148973457839800059e-45
1.047921364486775886e+01 2.163508383598891799e-45
1.092520257996827482e+01 2.204998209686722002e-45
1.139017253186767320e+01 2.290174103232955245e-45
1.187493132105284310e+01 2.354497834389961059e-45
1.238032114835747954e+01 2.417339135434231882e-45
1.290722005816857099e+01 2.469200620354653543e-45
1.345654346390616141e+01 2.516853311894760248e-45
1.402924573842662070e+01 2.584333925234039169e-45
1.462632187211234402e+01 2.652028202824736898e-45
1.524880920152904373e+01 2.719315176060836863e-45
1.589778921165333259e+01 2.773296696760558881e-45
1.657438941480218375e+01 2.859074920667231025e-45
1.727978530952845304e+01 2.939595399979524897e-45
1.801520242288565754e+01 3.048637518738921293e-45
1.878191843961063157e+01 3.171278615149283676e-45
1.958126542192252728e+01 3.311707995460727815e-45
2.041463212379531456e+01 3.442667363694463401e-45
2.128346640372430087e+01 3.565594113245459262e-45
2.218927774017829435e+01 3.715861630342111667e-45
2.313363985410831702e+01 3.833284472329810992e-45
2.411819344306826451e+01 3.971306485437708163e-45
2.514464903169826471e+01 4.120650542605704580e-45
2.621478994352288794e+01 4.286690389338243756e-45
2.733047539922704061e+01 4.448283749982435394e-45
2.849364374679305811e+01 4.621624746825098587e-45
2.970631582910997537e+01 4.806384384189014311e-45
3.097059849490646499e+01 5.002755609230770658e-45
3.228868825910689111e+01 5.211291366129403937e-45
3.366287511896962314e+01 5.461018329968566827e-45
3.509554653263850099e+01 5.658575078387118005e-45
3.658919156701831810e+01 5.888339497006110667e-45
3.814640522218178376e+01 6.138602361412002069e-45
3.976989293982045126e+01 6.385415986573102351e-45
4.146247530357240407e+01 6.643635627102369467e-45
4.322709293939359299e+01 6.905132553752730629e-45
4.506681162448528966e+01 7.178333701253084140e-45
4.698482761365480798e+01 7.476928331352950575e-45
4.898447319236279895e+01 7.771675073045719572e-45
5.106922246610433547e+01 8.104303629559056086e-45
5.324269739618413411e+01 8.430156449775860468e-45
5.550867409236808214e+01 8.792320323062318722e-45
5.787108937334874526e+01 9.165848942632281258e-45
6.033404760641887776e+01 9.560401477672157836e-45
6.290182783823689761e+01 9.966400263846650985e-45
6.557889122907558033e+01 1.038860659366283067e-44
6.836988880346436304e+01 1.082341098971721140e-44
7.127966953069778810e+01 1.125587172275632718e-44
7.431328874924319905e+01 1.174254488927716187e-44
7.747601694968619768e+01 1.227969711558761369e-44
8.077334893147515515e+01 1.281567769452762057e-44
8.421101334936722083e+01 1.337127481642623295e-44
8.779498266616927538e+01 1.393187257919197567e-44
9.153148352905907359e+01 1.449941673776882717e-44
9.542700758751610124e+01 1.510129800035967452e-44
9.948832277165978155e+01 1.572386496658531527e-44
1.037224850505820513e+02 1.638718601727654298e-44
1.081368506911133096e+02 1.707650830575956817e-44
1.127390890383078954e+02 1.779738711026617888e-44
1.175371958398635286e+02 1.854424563864860537e-44
1.225395071376198359e+02 1.933049725732154810e-44
1.277547137502659922e+02 2.014327824497744906e-44
1.331918763724308974e+02 2.098460307522190437e-44
1.388604413163735103e+02 2.185442308126313608e-44
1.447702569236356567e+02 2.277303812777015601e-44
1.509315906751643297e+02 2.373968403036040678e-44
1.573551470296248453e+02 2.474209138597288629e-44
1.640520860209108207e+02 2.579938955271155245e-44
1.710340426471430533e+02 2.689036885382495304e-44
1.783131470848591107e+02 2.803203050411327040e-44
1.859020457635066066e+02 2.925580358397315744e-44
1.938139233368467842e+02 3.049107672986936118e-44
2.020625255894586587e+02 3.179840399768376047e-44
2.106621833181187640e+02 3.314500097206588698e-44
2.196278372295653014e+02 3.455784320221518551e-44
2.289750638978964901e+02 3.602893457560605262e-44
2.387201028266909191e+02 3.759942786054735152e-44
2.488798846628889976e+02 3.919693069800568373e-44
2.594720606114257748e+02 4.082781467513034313e-44
2.705150331017418921e+02 4.257039480775457807e-44
2.820279877594436471e+02 4.426506059358338009e-44
2.940309267386457464e+02 4.616050602417178806e-44
3.065447034729349411e+02 4.812379297250185558e-44
3.195910589052970749e+02 5.016836474366097054e-44
3.331926592599781429e+02 5.229991018884029100e-44
3.473731354218943466e+02 5.452089178844891621e-44
3.621571239919913978e+02 5.684960896417575145e-44
3.775703100899163474e+02 5.925338103637264967e-44
3.936394719783231722e+02 6.175363287946600734e-44
4.103925275863757065e+02 6.437762588614640885e-44
4.278585830132640240e+02 6.710652899567202826e-44
4.460679830959836636e+02 6.996523806691669795e-44
4.650523641292737125e+02 7.294080422192597801e-44
4.848447088292580816e+02 7.602936796727529157e-44
5.054794036363222745e+02 7.925872381742630600e-44
5.269922984567679123e+02 8.261649270417187272e-44
5.494207689470133573e+02 8.612875213585591278e-44
5.728037814486053776e+02 8.981490559359128400e-44
5.971819606867908306e+02 9.361925802245221756e-44
6.225976603503208935e+02 9.759757757887627962e-44
6.490950366750909097e+02 1.017483562060397676e-43
6.767201251594274254e+02 1.060614850984066955e-43
7.055209205443719611e+02 1.105622063775063774e-43
7.355474601978352212e+02 1.152685359283519721e-43
7.668519110475577918e+02 1.201746827392771279e-43
7.994886602138858507e+02 1.252909962347586528e-43
8.335144094997913271e+02 1.306121209617901677e-43
8.689882739023770455e+02 1.361472024165813916e-43
9.059718843169222282e+02 1.419302917690755591e-43
9.445294946119826136e+02 1.479466167814992032e-43
9.847280932615440179e+02 1.542511168333883648e-43
1.026637519728132474e+03 1.607646191668544248e-43
1.070330585799177697e+03 1.675775443265036132e-43
1.115883202087318296e+03 1.747131979088946759e-43
1.163374509914522150e+03 1.821340470327647984e-43
1.212887018809118445e+03 1.898570320293766416e-43
1.264506749854568852e+03 1.979397593764560839e-43
1.318323385139152379e+03 2.063301564656669688e-43
1.374430423566057925e+03 2.151266399970484016e-43
1.432925343294710729e+03 2.242302468579638971e-43
1.493909771095509313e+03 2.337421136006736907e-43
1.557489658912131517e+03 2.436980715044437054e-43
1.623775467938318570e+03 2.540517996059200490e-43
1.692882360528762092e+03 2.648802782399008133e-43
1.764930400277660510e+03 2.760941022319488059e-43
1.840044760612503296e+03 2.878058350211196266e-43
1.918355942265405474e+03 3.000714972535970256e-43
2.000000000000000227e+03 3.128131158422019642e-43
