# #See https://arxiv.org/pdf/2312.04303
5.011870000000000047e+00 3.999154502744433993e-43
5.128609999999999225e+00 3.235925075031048150e-43
5.248069999999999347e+00 2.665522612682815022e-43
5.370319999999999538e+00 2.217610031583999866e-43
5.495409999999999684e+00 1.869212370884143641e-43
5.623409999999999798e+00 1.584733417388063740e-43
5.754399999999999515e+00 1.359161126880007233e-43
5.888440000000000119e+00 1.174568243280202237e-43
6.025599999999999845e+00 1.022481931288618768e-43
6.165949999999999598e+00 8.962531833679809133e-44
6.309569999999999901e+00 7.908883275912735900e-44
6.456540000000000390e+00 7.000624469302643967e-44
6.606929999999999303e+00 6.233945208947449384e-44
6.760829999999999451e+00 5.567006297815030077e-44
6.918310000000000848e+00 4.998658711223236185e-44
7.079460000000000086e+00 4.511396775182876003e-44
7.244360000000000355e+00 4.067998497127255734e-44
7.413100000000000023e+00 3.697428839218981293e-44
7.585780000000000634e+00 3.356361336073984849e-44
7.762469999999999537e+00 3.061469164622659750e-44
7.943280000000000562e+00 2.804157587538944628e-44
8.128309999999999036e+00 2.565374409239974516e-44
8.317639999999999034e+00 2.357476421555062600e-44
8.511380000000000834e+00 2.175388374019497895e-44
8.709640000000000271e+00 2.004672031775835309e-44
8.912510000000001043e+00 1.855670918011835482e-44
9.120110000000000383e+00 1.720304305768048836e-44
9.332539999999999836e+00 1.597432893878537868e-44
9.549929999999999808e+00 1.489562221044976311e-44
9.772370000000000445e+00 1.391401702523259005e-44
1.000000000000000000e+01 1.301831979225376145e-44
1.023289999999999900e+01 1.219919876819059376e-44
1.047129999999999939e+01 1.148105408668748566e-44
1.071519999999999939e+01 1.082284824134089986e-44
1.096480000000000032e+01 1.021792945694923857e-44
1.122020000000000017e+01 9.688343249265172860e-45
1.148150000000000048e+01 9.172893267832023426e-45
1.174900000000000055e+01 8.723004025171004529e-45
1.202259999999999884e+01 8.306548880157146007e-45
1.230269999999999975e+01 7.942730499163272059e-45
1.258929999999999971e+01 7.583086155930443842e-45
1.288250000000000028e+01 7.269280114159381455e-45
1.318259999999999899e+01 6.978008722388551278e-45
1.348959999999999937e+01 6.705849077611507653e-45
1.380379999999999896e+01 6.470069590494305886e-45
1.412539999999999907e+01 6.232503698620420583e-45
1.445439999999999969e+01 6.026969440378587193e-45
1.479110000000000014e+01 5.834674861851797660e-45
1.513560000000000016e+01 5.670159002911007039e-45
1.548820000000000086e+01 5.500317066996922358e-45
1.584889999999999866e+01 5.356418877577663224e-45
1.621809999999999974e+01 5.206552066374227708e-45
1.659590000000000032e+01 5.079460178787949095e-45
1.698240000000000194e+01 4.960304477490323439e-45
1.737800000000000011e+01 4.861831682972449355e-45
1.778280000000000172e+01 4.755734585244343739e-45
1.819700000000000273e+01 4.668840182312718209e-45
1.862089999999999890e+01 4.587168223076469797e-45
1.905460000000000065e+01 4.510883097996381212e-45
1.949840000000000018e+01 4.438949728449552587e-45
1.995260000000000034e+01 4.370844952647715559e-45
2.041739999999999711e+01 4.307238962548599661e-45
2.089299999999999713e+01 4.259909986743527331e-45
2.137959999999999994e+01 4.202909347705612818e-45
2.187760000000000105e+01 4.161777875490223941e-45
2.238719999999999999e+01 4.123687088611066043e-45
2.290869999999999962e+01 4.088100591767542160e-45
2.344229999999999947e+01 4.055559958475650110e-45
2.398829999999999885e+01 4.025036874628957749e-45
2.454710000000000036e+01 3.996814783122284980e-45
2.511890000000000001e+01 3.983522209425109911e-45
2.570400000000000063e+01 3.960388530529410307e-45
2.630269999999999797e+01 3.950853591144482444e-45
2.691529999999999845e+01 3.943692190576396655e-45
2.754229999999999734e+01 3.938508526493988210e-45
2.818379999999999797e+01 3.935574403612226322e-45
2.884029999999999916e+01 3.934371713370472661e-45
2.951210000000000022e+01 3.935042703332609136e-45
3.019950000000000045e+01 3.937674647478000439e-45
3.090299999999999869e+01 3.955438449831824945e-45
3.162279999999999802e+01 3.961769800863116629e-45
3.235940000000000083e+01 3.983564713843903790e-45
3.311310000000000286e+01 3.993695254572455542e-45
3.388439999999999941e+01 4.019943495769314630e-45
3.467370000000000374e+01 4.048432496738338066e-45
3.548129999999999740e+01 4.079036433382266871e-45
3.630780000000000030e+01 4.112384962991343732e-45
3.715350000000000108e+01 4.148019852456061583e-45
3.801890000000000214e+01 4.185989815166445424e-45
3.890449999999999875e+01 4.227343190842108299e-45
3.981069999999999709e+01 4.270735649919977249e-45
4.073800000000000665e+01 4.334469441232856620e-45
4.168690000000000140e+01 4.384348688223879853e-45
4.265800000000000125e+01 4.456434802952956737e-45
4.365160000000000196e+01 4.513694031663346530e-45
4.466839999999999833e+01 4.594100030116974919e-45
4.570880000000000365e+01 4.680710237565118326e-45
4.677350000000000563e+01 4.773373508633150937e-45
4.786299999999999955e+01 4.849625765639059129e-45
4.897789999999999822e+01 4.955031845162606616e-45
5.011870000000000402e+01 5.068547091905066374e-45
5.128610000000000468e+01 5.191506313384575858e-45
5.248069999999999879e+01 5.354859403893842025e-45
5.370320000000000249e+01 5.502664177546068782e-45
5.495409999999999684e+01 5.665751492239134180e-45
5.623410000000000508e+01 5.846995007871579865e-45
5.754399999999999693e+01 6.091689442732977994e-45
5.888440000000000651e+01 6.324397421089343859e-45
6.025600000000000023e+01 6.647691469596733597e-45
6.165950000000000131e+01 6.966985819938174557e-45
6.309570000000000789e+01 7.414927997162912247e-45
6.456539999999999679e+01 7.872869679508359012e-45
6.606929999999999836e+01 8.503100945573094879e-45
6.760829999999999984e+01 9.220501519373666513e-45
6.918309999999999604e+01 9.903878483873551122e-45
7.079460000000000264e+01 1.070738986471731087e-44
7.244360000000000355e+01 1.151866431991864520e-44
7.413100000000000023e+01 1.232885957072512079e-44
7.585779999999999745e+01 1.313892223230300403e-44
7.762470000000000425e+01 1.395368901607443817e-44
7.943280000000000030e+01 1.477957911615228940e-44
8.128309999999999036e+01 1.561694521821944185e-44
8.317640000000000100e+01 1.647024935823403132e-44
8.511379999999999768e+01 1.735024541022304103e-44
8.709640000000000271e+01 1.825384535854466556e-44
8.912510000000000332e+01 1.569759111437327509e-43
9.120109999999999673e+01 1.782751151276334527e-43
9.332540000000000191e+01 1.946705150450563243e-43
9.549929999999999097e+01 2.093436638358997112e-43
9.772369999999999379e+01 2.230845004530283059e-43
1.000000000000000000e+02 2.363881030525365171e-43
1.023290000000000077e+02 2.492574311791512164e-43
1.047129999999999939e+02 2.619852647147712013e-43
1.071520000000000010e+02 2.746379635354953399e-43
1.096479999999999961e+02 2.872396788173040008e-43
1.122019999999999982e+02 2.998317241634167715e-43
1.148149999999999977e+02 3.124882764451629195e-43
1.174899999999999949e+02 3.251892158495746581e-43
1.202259999999999991e+02 3.379114913534789757e-43
1.230270000000000010e+02 3.508047829203001660e-43
1.258930000000000007e+02 3.637651741194398540e-43
1.288249999999999886e+02 3.768916706736183305e-43
1.318259999999999934e+02 3.901363410827776366e-43
1.348959999999999866e+02 4.035040342825544872e-43
1.380379999999999825e+02 4.170778495428062420e-43
1.412539999999999907e+02 4.308055442002167555e-43
1.445440000000000111e+02 4.446673775739887190e-43
1.479109999999999729e+02 4.587673519809911110e-43
1.513559999999999945e+02 4.729691351687331595e-43
1.548820000000000050e+02 4.874324566507207877e-43
1.584890000000000043e+02 5.020797600281896522e-43
1.621809999999999832e+02 5.169285295628653980e-43
1.659590000000000032e+02 5.320208911294579736e-43
1.698240000000000123e+02 5.473221807924357372e-43
1.737800000000000011e+02 5.628349805227639089e-43
1.778280000000000030e+02 5.785937649986019258e-43
1.819699999999999989e+02 5.945615620981303055e-43
1.862090000000000032e+02 6.107863170406640192e-43
1.905459999999999923e+02 6.273075079759239801e-43
1.949839999999999804e+02 6.439574731636914488e-43
1.995260000000000105e+02 6.609185338240897599e-43
2.041740000000000066e+02 6.781514884732302119e-43
2.089300000000000068e+02 6.955680507254481697e-43
2.137960000000000207e+02 7.133105818153847429e-43
2.187760000000000105e+02 7.312582079564741223e-43
2.238719999999999857e+02 7.495012840066311704e-43
2.290870000000000175e+02 7.680985658641220126e-43
2.344230000000000018e+02 7.867818642006750250e-43
2.398830000000000098e+02 8.058183029371171349e-43
2.454710000000000036e+02 8.251378219068166938e-43
2.511889999999999930e+02 8.446163204717468413e-43
2.570399999999999636e+02 8.644925199358846097e-43
2.630269999999999868e+02 8.845443359284248912e-43
2.691529999999999632e+02 9.049125571828449457e-43
2.754230000000000018e+02 9.256326538565033562e-43
2.818379999999999654e+02 9.465385074336273709e-43
2.884030000000000200e+02 9.677625734229841710e-43
2.951210000000000377e+02 9.893192362290660376e-43
3.019950000000000045e+02 1.011062461975297043e-42
3.090300000000000296e+02 1.033192813465235037e-42
3.162280000000000086e+02 1.055624088679059536e-42
3.235939999999999941e+02 1.078461530093272205e-42
3.311310000000000286e+02 1.101593466100051985e-42
3.388439999999999941e+02 1.125015470679417331e-42
3.467370000000000232e+02 1.148803388521720339e-42
3.548129999999999882e+02 1.173065322000871984e-42
3.630780000000000314e+02 1.197545048938722572e-42
3.715350000000000250e+02 1.222408627638896966e-42
3.801890000000000214e+02 1.247671174545523047e-42
3.890449999999999591e+02 1.273421300315041091e-42
3.981069999999999709e+02 1.299498360290050960e-42
4.073799999999999955e+02 1.326090571646227315e-42
4.168689999999999714e+02 1.353138956053266866e-42
4.265800000000000409e+02 1.380638317525440381e-42
4.365160000000000196e+02 1.408567126318941872e-42
4.466840000000000259e+02 1.436954129310909038e-42
4.570880000000000223e+02 1.465919373419004364e-42
4.677350000000000136e+02 1.495307703114624966e-42
4.786299999999999955e+02 1.525378038418952541e-42
4.897789999999999964e+02 1.555924218085639492e-42
5.011870000000000687e+02 1.587037349194310802e-42
5.128609999999999900e+02 1.618798148921502846e-42
5.248070000000000164e+02 1.651064402831441947e-42
5.370319999999999254e+02 1.684059535325903806e-42
5.495409999999999400e+02 1.717508471760250754e-42
5.623410000000000082e+02 1.751691203777557177e-42
5.754399999999999409e+02 1.786677456350510495e-42
5.888440000000000509e+02 1.822293200211622231e-42
6.025599999999999454e+02 1.858706950233241962e-42
6.165950000000000273e+02 1.895664231678524023e-42
6.309569999999999936e+02 1.933531006925060257e-42
6.456539999999999964e+02 1.972033783535941444e-42
6.606929999999999836e+02 2.011484842957175602e-42
6.760829999999999700e+02 2.051689746142024101e-42
6.918310000000000173e+02 2.092839168662528193e-42
7.079459999999999127e+02 2.134748424503203921e-42
7.244359999999999218e+02 2.177627203404924813e-42
7.413100000000000591e+02 2.221235018871495341e-42
7.585779999999999745e+02 2.265885346781359076e-42
7.762470000000000709e+02 2.311599542474835629e-42
7.943280000000000882e+02 2.358156845169318275e-42
8.128310000000000173e+02 2.405943494086454843e-42
8.317639999999998963e+02 2.454558345435183472e-42
8.511379999999999200e+02 2.504313403779986398e-42
8.709639999999999418e+02 2.555220935490954763e-42
8.912509999999999764e+02 2.607001771454285114e-42
9.120109999999999673e+02 2.660053053971047779e-42
9.332540000000000191e+02 2.714272308046021356e-42
9.549929999999999382e+02 2.769845691872430669e-42
9.772369999999999663e+02 2.826698222997460176e-42
1.000000000000000000e+03 2.884623132711032877e-42
1.023290000000000077e+03 2.943938356380287609e-42
1.047129999999999882e+03 3.004582838033327751e-42
1.071519999999999982e+03 3.066399433827042525e-42
1.096479999999999791e+03 3.129740207718122903e-42
1.122019999999999982e+03 3.194506051886228025e-42
1.148150000000000091e+03 3.260800578719093700e-42
1.174900000000000091e+03 3.328654749202643159e-42
1.202260000000000218e+03 3.397964283948465362e-42
1.230269999999999982e+03 3.468945716752548606e-42
1.258930000000000064e+03 3.541317603689097546e-42
1.288250000000000000e+03 3.615470533299730101e-42
1.318259999999999991e+03 3.691331913983125041e-42
1.348960000000000036e+03 3.768894798972597005e-42
1.380379999999999882e+03 3.847927370637362548e-42
1.412539999999999964e+03 3.929080642367207403e-42
1.445440000000000055e+03 4.012218866481597999e-42
1.479109999999999900e+03 4.097296518071017412e-42
1.513559999999999945e+03 4.183945593825454977e-42
1.548820000000000164e+03 4.272909290969762524e-42
1.584889999999999873e+03 4.363832596819757276e-42
