# #See https://arxiv.org/pdf/2312.04303
5.011870000000000047e+00 1.496324422004802281e-37
5.128609999999999225e+00 2.437347510485364249e-38
5.248069999999999347e+00 7.376191847041681872e-39
5.370319999999999538e+00 3.038050909943984937e-39
5.495409999999999684e+00 1.512417019577634760e-39
5.623409999999999798e+00 8.498593451790011486e-40
5.754399999999999515e+00 5.186522493107150713e-40
5.888440000000000119e+00 3.387156427496526099e-40
6.025599999999999845e+00 2.323774395076453790e-40
6.165949999999999598e+00 1.665345543865652481e-40
6.309569999999999901e+00 1.238053398342784643e-40
6.456540000000000390e+00 9.420426087131562230e-41
6.606929999999999303e+00 7.310456135532485780e-41
6.760829999999999451e+00 5.829709504540161332e-41
6.918310000000000848e+00 4.714809392603381583e-41
7.079460000000000086e+00 3.875062704779269886e-41
7.244360000000000355e+00 3.223415751664269360e-41
7.413100000000000023e+00 2.720393562011840316e-41
7.585780000000000634e+00 2.312276667702732508e-41
7.762469999999999537e+00 1.993568676025758716e-41
7.943280000000000562e+00 1.732949756785773564e-41
8.128309999999999036e+00 1.509635190021920955e-41
8.317639999999999034e+00 1.338168683729755212e-41
8.511380000000000834e+00 1.184485634166550367e-41
8.709640000000000271e+00 1.058944319174476499e-41
8.912510000000001043e+00 9.528459764843460180e-42
9.120110000000000383e+00 8.545741066099870423e-42
9.332539999999999836e+00 7.792887357632049652e-42
9.549929999999999808e+00 7.089302687256400031e-42
9.772370000000000445e+00 6.487695713159960895e-42
1.000000000000000000e+01 5.965319185729416861e-42
1.023289999999999900e+01 5.512331799299474526e-42
1.047129999999999939e+01 5.118771359893898801e-42
1.071519999999999939e+01 4.729477896121359243e-42
1.096480000000000032e+01 4.440656842252256952e-42
1.122020000000000017e+01 4.136279670663396093e-42
1.148150000000000048e+01 3.884193589590807079e-42
1.174900000000000055e+01 3.662683627683445646e-42
1.202259999999999884e+01 3.454922198069000398e-42
1.230269999999999975e+01 3.265664418094939541e-42
1.258929999999999971e+01 3.089076635490602812e-42
1.288250000000000028e+01 2.931581944887905446e-42
1.318259999999999899e+01 2.773800218918547895e-42
1.348959999999999937e+01 2.651816703729459865e-42
1.380379999999999896e+01 2.542420560495220789e-42
1.412539999999999907e+01 2.414378361827511201e-42
1.445439999999999969e+01 2.327163630988147524e-42
1.479110000000000014e+01 2.220028736425809035e-42
1.513560000000000016e+01 2.148656358757881422e-42
1.548820000000000086e+01 2.059568441185898113e-42
1.584889999999999866e+01 1.983531397648447156e-42
1.621809999999999974e+01 1.923970415207507809e-42
1.659590000000000032e+01 1.852321240041179133e-42
1.698240000000000194e+01 1.792307176374940065e-42
1.737800000000000011e+01 1.731979390773914052e-42
1.778280000000000172e+01 1.679240050327017708e-42
1.819700000000000273e+01 1.634816883561485205e-42
1.862089999999999890e+01 1.589475373582909191e-42
1.905460000000000065e+01 1.545010911069626626e-42
1.949840000000000018e+01 1.504134509180194149e-42
1.995260000000000034e+01 1.461590269502826396e-42
2.041739999999999711e+01 1.423268969336564890e-42
2.089299999999999713e+01 1.392761059457280421e-42
2.137959999999999994e+01 1.362172258834220757e-42
2.187760000000000105e+01 1.332236342963752018e-42
2.238719999999999999e+01 1.304939471932402416e-42
2.290869999999999962e+01 1.269017423133391253e-42
2.344229999999999947e+01 1.244863399007257968e-42
2.398829999999999885e+01 1.221992705859508891e-42
2.454710000000000036e+01 1.195998299886612633e-42
2.511890000000000001e+01 1.171714950115604008e-42
2.570400000000000063e+01 1.154642784209670428e-42
2.630269999999999797e+01 1.125910080791201838e-42
2.691529999999999845e+01 1.108947448675882478e-42
2.754229999999999734e+01 1.091156994440659895e-42
2.818379999999999797e+01 1.071980973819187045e-42
2.884029999999999916e+01 1.056418826840424176e-42
2.951210000000000022e+01 1.036246055146055010e-42
3.019950000000000045e+01 1.021938129926549324e-42
3.090299999999999869e+01 1.006145673500662774e-42
3.162279999999999802e+01 9.885238033199367703e-43
3.235940000000000083e+01 9.800906287473259834e-43
3.311310000000000286e+01 9.615849032555515233e-43
3.388439999999999941e+01 9.521300871935145736e-43
3.467370000000000374e+01 9.385890696779901181e-43
3.548129999999999740e+01 9.242384598483505009e-43
3.630780000000000030e+01 9.152620352446477876e-43
3.715350000000000108e+01 9.075150366635436398e-43
3.801890000000000214e+01 8.943396747732641379e-43
3.890449999999999875e+01 8.814304601013953132e-43
3.981069999999999709e+01 8.748562287644863104e-43
4.073800000000000665e+01 8.682880966218296756e-43
4.168690000000000140e+01 8.582703292460013592e-43
4.265800000000000125e+01 8.490195770644771080e-43
4.365160000000000196e+01 8.401418508575063436e-43
4.466839999999999833e+01 8.316594696131601380e-43
4.570880000000000365e+01 8.260573181300784709e-43
4.677350000000000563e+01 8.224111992061773409e-43
4.786299999999999955e+01 8.169114059306338570e-43
4.897789999999999822e+01 8.113671845494602163e-43
5.011870000000000402e+01 8.058193545783017577e-43
5.128610000000000468e+01 8.004869252906422910e-43
5.248069999999999879e+01 7.955952992956456523e-43
5.370320000000000249e+01 7.913502208411651770e-43
5.495409999999999684e+01 7.876421799413496236e-43
5.623410000000000508e+01 7.843790079195458071e-43
5.754399999999999693e+01 7.809415840517260490e-43
5.888440000000000651e+01 7.760677868753370644e-43
6.025600000000000023e+01 7.716529917550650677e-43
6.165950000000000131e+01 7.664084669879516599e-43
6.309570000000000789e+01 7.637048939344337404e-43
6.456539999999999679e+01 7.629385475029466509e-43
6.606929999999999836e+01 7.626869294336948699e-43
6.760829999999999984e+01 7.628709746971697709e-43
6.918309999999999604e+01 7.635532256128478465e-43
7.079460000000000264e+01 7.605224843581741924e-43
7.244360000000000355e+01 7.550794441398642241e-43
7.413100000000000023e+01 7.566612141201580611e-43
7.585779999999999745e+01 7.590715356518346502e-43
7.762470000000000425e+01 7.617920793621830086e-43
7.943280000000000030e+01 7.586132387116331887e-43
8.128309999999999036e+01 7.570575206774381552e-43
8.317640000000000100e+01 7.612415405131695766e-43
8.511379999999999768e+01 7.653368469364052713e-43
8.709640000000000271e+01 7.607209505768166177e-43
8.912510000000000332e+01 7.641332898889538797e-43
9.120109999999999673e+01 7.701354864088716927e-43
9.332540000000000191e+01 7.695754051054794629e-43
9.549929999999999097e+01 7.706038845204243454e-43
9.772369999999999379e+01 7.779180931463522054e-43
1.000000000000000000e+02 7.776390233737436706e-43
1.023290000000000077e+02 7.807453374837296303e-43
1.047129999999999939e+02 7.893685173776821667e-43
1.071520000000000010e+02 7.851485192956819539e-43
1.096479999999999961e+02 7.945577668675151393e-43
1.122019999999999982e+02 8.019156999052712700e-43
1.148149999999999977e+02 8.018723479684927216e-43
1.174899999999999949e+02 8.126992367338979951e-43
1.202259999999999991e+02 8.105595232488535132e-43
1.230270000000000010e+02 8.230899262186512831e-43
1.258930000000000007e+02 8.244146349657544174e-43
1.288249999999999886e+02 8.340926590555860114e-43
1.318259999999999934e+02 8.408180798483414771e-43
1.348959999999999866e+02 8.467471560388305803e-43
1.380379999999999825e+02 8.575069362894849693e-43
1.412539999999999907e+02 8.609630236383467123e-43
1.445440000000000111e+02 8.751719712874752115e-43
1.479109999999999729e+02 8.776134159864459762e-43
1.513559999999999945e+02 8.908198072478248780e-43
1.548820000000000050e+02 8.960011537163173905e-43
1.584890000000000043e+02 9.078537191608342525e-43
1.621809999999999832e+02 9.159181333609174134e-43
1.659590000000000032e+02 9.255343291315751916e-43
1.698240000000000123e+02 9.376833600641082938e-43
1.737800000000000011e+02 9.425101901274234230e-43
1.778280000000000030e+02 9.622509499894191324e-43
1.819699999999999989e+02 9.652680934942629851e-43
1.862090000000000032e+02 9.886507831117205495e-43
1.905459999999999923e+02 9.922657197934914358e-43
1.949839999999999804e+02 1.010393965698102405e-42
1.995260000000000105e+02 1.021310459003076982e-42
2.041740000000000066e+02 1.028450615380752297e-42
2.089300000000000068e+02 1.053555021050184164e-42
2.137960000000000207e+02 1.058987076250221882e-42
2.187760000000000105e+02 1.081151489988467825e-42
2.238719999999999857e+02 1.093965786624415683e-42
2.290870000000000175e+02 1.100849302003783877e-42
2.344230000000000018e+02 1.130839818659216457e-42
2.398830000000000098e+02 1.139456196715034635e-42
2.454710000000000036e+02 1.158387878711701124e-42
2.511889999999999930e+02 1.180999575846752655e-42
2.570399999999999636e+02 1.189605567770729370e-42
2.630269999999999868e+02 1.219402325986092780e-42
2.691529999999999632e+02 1.235397774880962710e-42
2.754230000000000018e+02 1.245514791019232921e-42
2.818379999999999654e+02 1.278421735395502381e-42
2.884030000000000200e+02 1.295131356234274673e-42
2.951210000000000377e+02 1.306351564461628720e-42
3.019950000000000045e+02 1.344318294640252310e-42
3.090300000000000296e+02 1.361175663490804097e-42
3.162280000000000086e+02 1.373882809505456095e-42
3.235939999999999941e+02 1.414232976218062254e-42
3.311310000000000286e+02 1.433197383551280636e-42
3.388439999999999941e+02 1.447528396193966197e-42
3.467370000000000232e+02 1.486539785271036659e-42
3.548129999999999882e+02 1.512443162492800879e-42
3.630780000000000314e+02 1.528149688748678519e-42
3.715350000000000250e+02 1.562276922948846163e-42
3.801890000000000214e+02 1.598740804558750024e-42
3.890449999999999591e+02 1.616405206035386521e-42
3.981069999999999709e+02 1.638671220223176988e-42
4.073799999999999955e+02 1.692566858965922583e-42
4.168689999999999714e+02 1.712410816460451979e-42
4.265800000000000409e+02 1.732927363216326193e-42
4.365160000000000196e+02 1.780582785716590093e-42
4.466840000000000259e+02 1.817223437528687537e-42
4.570880000000000223e+02 1.839314107256437929e-42
4.677350000000000136e+02 1.869149732887414123e-42
4.786299999999999955e+02 1.926658158623042988e-42
4.897789999999999964e+02 1.955840780254241649e-42
5.011870000000000687e+02 1.980457684064820579e-42
5.128609999999999900e+02 2.030314386103575631e-42
5.248070000000000164e+02 2.082270216728802494e-42
5.370319999999999254e+02 2.109676597519908866e-42
5.495409999999999400e+02 2.137779901719490872e-42
5.623410000000000082e+02 2.205001201119205765e-42
5.754399999999999409e+02 2.249932845154124342e-42
5.888440000000000509e+02 2.280492649257216055e-42
6.025599999999999454e+02 2.312584591713130490e-42
6.165950000000000273e+02 2.393366783716869789e-42
6.309569999999999936e+02 2.435623736595082468e-42
6.456539999999999964e+02 2.469768967152451903e-42
6.606929999999999836e+02 2.507175062062458293e-42
6.760829999999999700e+02 2.595993306937211099e-42
6.918310000000000173e+02 2.641132787640329483e-42
7.079459999999999127e+02 2.679524760715029469e-42
7.244359999999999218e+02 2.719921678308039500e-42
7.413100000000000591e+02 2.813082838886259819e-42
7.585779999999999745e+02 2.868757929516396231e-42
7.762470000000000709e+02 2.911583084147901393e-42
7.943280000000000882e+02 2.954641861323598386e-42
8.128310000000000173e+02 3.048084751592223200e-42
8.317639999999998963e+02 3.120387162444226708e-42
8.511379999999999200e+02 3.168062875347541747e-42
8.709639999999999418e+02 3.216168617888314895e-42
8.912509999999999764e+02 3.303311994723528054e-42
9.120109999999999673e+02 3.395214264684678391e-42
9.332540000000000191e+02 3.452120567698298008e-42
9.549929999999999382e+02 3.505307422558314972e-42
9.772369999999999663e+02 3.576718066336149947e-42
1.000000000000000000e+03 3.697394339148345942e-42
1.023290000000000077e+03 3.765706659780155638e-42
1.047129999999999882e+03 3.824814155797866791e-42
1.071519999999999982e+03 3.885124027201217454e-42
1.096479999999999791e+03 4.014511930574095986e-42
1.122019999999999982e+03 4.112025050949450481e-42
1.148150000000000091e+03 4.177650024892536029e-42
1.174900000000000091e+03 4.244690912664484269e-42
1.202260000000000218e+03 4.343713491705386475e-42
1.230269999999999982e+03 4.478362393749591731e-42
1.258930000000000064e+03 4.567588464240861536e-42
1.288250000000000000e+03 4.641951243403969260e-42
1.318259999999999991e+03 4.718015479966936392e-42
1.348960000000000036e+03 4.868169803211443471e-42
1.380379999999999882e+03 4.998096658675361770e-42
1.412539999999999964e+03 5.080713183957202495e-42
1.445440000000000055e+03 5.165014869609844248e-42
1.479109999999999900e+03 5.267103957941985501e-42
1.513559999999999945e+03 5.443438841815799710e-42
1.548820000000000164e+03 5.565186070448629681e-42
1.584889999999999873e+03 5.658714109951313081e-42
