# #See https://arxiv.org/pdf/2312.04303
4.999999999999999445e-01 1.221332316054265238e-37
5.212796947468925080e-01 7.338088937720662435e-38
5.434650403108268746e-01 4.227908401272086457e-38
5.665945806376720961e-01 2.432174513729400600e-38
5.907085000800986752e-01 1.456752328755915067e-38
6.158486932122971824e-01 1.021901395544334026e-38
6.420588376159579447e-01 6.539448849979456450e-39
6.693844697639824703e-01 4.215257491340856041e-39
6.978730641337600460e-01 3.143379633557407024e-39
7.275741156874500071e-01 2.073184674197879877e-39
7.585392258625885953e-01 1.323523886864342791e-39
7.908221922223886979e-01 9.803176917280337293e-40
8.244791019215103045e-01 5.979112278769204963e-40
8.595684291496757945e-01 4.255930377531531709e-40
8.961511367224178626e-01 2.967950081467295880e-40
9.342907819954856530e-01 2.067277399785879659e-40
9.740536272868844936e-01 1.418016609908961320e-40
1.015508754998421415e+00 9.417569571189506650e-41
1.058728187636750029e+00 6.760974815895952002e-41
1.103787012942431645e+00 4.707823238786111042e-41
1.150763514344430583e+00 3.304553129147984165e-41
1.199739306966651986e+00 2.374432556195071165e-41
1.250799479422849636e+00 1.760222048256383596e-41
1.304032741646232951e+00 1.247766333887543781e-41
1.359531579010603508e+00 9.578924828001790229e-42
1.417392413010816421e+00 7.200831514174473543e-42
1.477715768781679540e+00 5.435049224138354835e-42
1.540606449746367401e+00 4.181489483311944195e-42
1.606173719697763902e+00 3.162254512157992451e-42
1.674531492629062646e+00 2.407050294683318519e-42
1.745798530643472235e+00 1.735633630137815165e-42
1.820098650286805508e+00 1.283431514395265528e-42
1.897560937661474156e+00 9.364805922540246943e-43
1.978319972695605333e+00 6.761811440750619376e-43
2.062516062956891716e+00 4.831581973529810122e-43
2.150295487417462681e+00 3.522326070991156520e-43
2.241810750593190349e+00 2.561924327468226567e-43
2.337220847499041465e+00 1.844212442876379639e-43
2.436691539880747381e+00 1.383571383259894634e-43
2.540395644202748215e+00 1.021732762806941243e-43
2.648513331892688338e+00 7.341339744970973876e-44
2.761232442364192075e+00 5.874770128209179710e-44
2.878748809361644678e+00 4.375866216303946814e-44
3.001266601194037875e+00 3.589453925088113191e-44
3.128998675448949829e+00 2.971401665780678638e-44
3.262166948802919020e+00 2.755335033152714020e-44
3.401002782570775373e+00 2.406490827515144123e-44
3.545747384663652024e+00 2.197349791012225592e-44
3.696652228654122130e+00 2.000306400642685197e-44
3.853979490676489927e+00 1.845610880671078523e-44
4.018002504921250662e+00 1.755690346598518439e-44
4.189006238515198710e+00 1.621124433357647569e-44
4.367287786612062739e+00 1.547715772947124193e-44
4.553156888553935744e+00 1.489670090373304979e-44
4.746936466000214239e+00 1.433545402593741866e-44
4.948963183958977829e+00 1.404636380521985847e-44
5.159588035695492181e+00 1.379709340977301486e-44
5.379176952534129974e+00 1.354238355958929450e-44
5.608111439613021609e+00 1.320809903098211470e-44
5.846789238696064928e+00 1.310667628154198974e-44
6.095625019193814609e+00 1.304789878259847154e-44
6.355051098593746062e+00 1.290432052553805520e-44
6.625518193551704016e+00 1.284730597969706210e-44
6.907496202949229946e+00 1.286460468583872079e-44
7.201475024277388393e+00 1.279165424278299677e-44
7.507965404765391426e+00 1.290450059203016282e-44
7.827499828732665144e+00 1.305558649903229129e-44
8.160633442706236806e+00 1.339599548199736283e-44
8.507945019910378548e+00 1.377542733507762436e-44
8.870037965804453250e+00 1.404771419602705643e-44
9.247541366415806152e+00 1.412958394972082393e-44
9.641111081288984863e+00 1.428727149934769708e-44
1.005143088295041132e+01 1.453561706920743270e-44
1.047921364486775886e+01 1.478900916979741282e-44
1.092520257996827482e+01 1.523847943163541532e-44
1.139017253186767320e+01 1.570539750243931543e-44
1.187493132105284310e+01 1.610537232806830802e-44
1.238032114835747954e+01 1.648402596465437194e-44
1.290722005816857099e+01 1.675895259170665963e-44
1.345654346390616141e+01 1.738305187668310540e-44
1.402924573842662070e+01 1.785130622275466974e-44
1.462632187211234402e+01 1.836948532498176758e-44
1.524880920152904373e+01 1.911323772258958684e-44
1.589778921165333259e+01 1.979423778059077734e-44
1.657438941480218375e+01 2.051326080190916491e-44
1.727978530952845304e+01 2.131066061140998298e-44
1.801520242288565754e+01 2.222269008938092412e-44
1.878191843961063157e+01 2.311033650233945646e-44
1.958126542192252728e+01 2.404557161866142412e-44
2.041463212379531456e+01 2.503498409718924457e-44
2.128346640372430087e+01 2.598524387741053850e-44
2.218927774017829435e+01 2.706708992565501481e-44
2.313363985410831702e+01 2.824122740259972135e-44
2.411819344306826451e+01 2.943391545039368931e-44
2.514464903169826471e+01 3.055869033265730335e-44
2.621478994352288794e+01 3.185775890190381369e-44
2.733047539922704061e+01 3.314094763845390472e-44
2.849364374679305811e+01 3.459079906010807186e-44
2.970631582910997537e+01 3.607584549902961837e-44
3.097059849490646499e+01 3.759138884543522068e-44
3.228868825910689111e+01 3.924632006207822207e-44
3.366287511896962314e+01 4.095703930386593368e-44
3.509554653263850099e+01 4.268394461342171909e-44
3.658919156701831810e+01 4.450536094556062194e-44
3.814640522218178376e+01 4.641185363867479463e-44
3.976989293982045126e+01 4.855160430607525689e-44
4.146247530357240407e+01 5.068502943243567035e-44
4.322709293939359299e+01 5.290927205634999395e-44
4.506681162448528966e+01 5.524435637126827332e-44
4.698482761365480798e+01 5.770883852926442011e-44
4.898447319236279895e+01 6.033938076511431149e-44
5.106922246610433547e+01 6.289038729526727744e-44
5.324269739618413411e+01 6.551002570399004904e-44
5.550867409236808214e+01 6.815557383169441544e-44
5.787108937334874526e+01 7.119638691290812960e-44
6.033404760641887776e+01 7.433061063374660801e-44
6.290182783823689761e+01 7.757013643652505186e-44
6.557889122907558033e+01 8.095387742474188692e-44
6.836988880346436304e+01 8.451701592012710277e-44
7.127966953069778810e+01 8.819550526362862425e-44
7.431328874924319905e+01 9.202041405704811330e-44
7.747601694968619768e+01 9.613982985104626907e-44
8.077334893147515515e+01 1.002536194749834222e-43
8.421101334936722083e+01 1.047048094294083541e-43
8.779498266616927538e+01 1.092420922424783369e-43
9.153148352905907359e+01 1.139911172650859669e-43
9.542700758751610124e+01 1.189894542653099627e-43
9.948832277165978155e+01 1.240746558397091548e-43
1.037224850505820513e+02 1.293699713370098813e-43
1.081368506911133096e+02 1.349130117253571538e-43
1.127390890383078954e+02 1.407025232755222209e-43
1.175371958398635286e+02 1.467267222396251076e-43
1.225395071376198359e+02 1.530584106603649195e-43
1.277547137502659922e+02 1.598387195834390626e-43
1.331918763724308974e+02 1.667624629636083218e-43
1.388604413163735103e+02 1.739493847778790611e-43
1.447702569236356567e+02 1.815266615880807262e-43
1.509315906751643297e+02 1.895920829372944102e-43
1.573551470296248453e+02 1.976938933125175522e-43
1.640520860209108207e+02 2.062429067941966907e-43
1.710340426471430533e+02 2.150962062979429207e-43
1.783131470848591107e+02 2.245986078858734697e-43
1.859020457635066066e+02 2.344091900524953377e-43
1.938139233368467842e+02 2.446676394556682663e-43
2.020625255894586587e+02 2.552514719289993578e-43
2.106621833181187640e+02 2.663487472165465967e-43
2.196278372295653014e+02 2.779044549151059670e-43
2.289750638978964901e+02 2.900637973946761927e-43
2.387201028266909191e+02 3.029260076320116134e-43
2.488798846628889976e+02 3.161201344048216107e-43
2.594720606114257748e+02 3.308502737558856951e-43
2.705150331017418921e+02 3.454540591299990394e-43
2.820279877594436471e+02 3.604130960456296776e-43
2.940309267386457464e+02 3.761049475673722614e-43
3.065447034729349411e+02 3.921303199105354708e-43
3.195910589052970749e+02 4.090708355995429277e-43
3.331926592599781429e+02 4.266402590751880523e-43
3.473731354218943466e+02 4.449268087919234372e-43
3.621571239919913978e+02 4.643878327610596163e-43
3.775703100899163474e+02 4.843798978753428012e-43
3.936394719783231722e+02 5.049055019481048374e-43
4.103925275863757065e+02 5.260272699273782558e-43
4.278585830132640240e+02 5.487743695882003269e-43
4.460679830959836636e+02 5.727181527300927053e-43
4.650523641292737125e+02 5.973459655788889019e-43
4.848447088292580816e+02 6.230238794454908019e-43
5.054794036363222745e+02 6.498894757765092589e-43
5.269922984567679123e+02 6.776805931794739265e-43
5.494207689470133573e+02 7.067886326206217576e-43
5.728037814486053776e+02 7.368876556743772002e-43
5.971819606867908306e+02 7.684146139457473442e-43
6.225976603503208935e+02 8.015075953058519978e-43
6.490950366750909097e+02 8.358861472383636468e-43
6.767201251594274254e+02 8.718699617338341032e-43
7.055209205443719611e+02 9.091103666082960991e-43
7.355474601978352212e+02 9.479254820392439363e-43
7.668519110475577918e+02 9.887225999415841856e-43
7.994886602138858507e+02 1.030801967639423755e-42
8.335144094997913271e+02 1.075142410659802873e-42
8.689882739023770455e+02 1.121323048409423772e-42
9.059718843169222282e+02 1.169258408097851431e-42
9.445294946119826136e+02 1.219453470693662065e-42
9.847280932615440179e+02 1.271587656290346155e-42
1.026637519728132474e+03 1.325831964981726759e-42
1.070330585799177697e+03 1.382539259071641550e-42
1.115883202087318296e+03 1.441729989289100593e-42
1.163374509914522150e+03 1.503297168541163353e-42
1.212887018809118445e+03 1.567515950068362519e-42
1.264506749854568852e+03 1.634630092335074443e-42
1.318323385139152379e+03 1.704181428347164716e-42
1.374430423566057925e+03 1.776681808261747939e-42
1.432925343294710729e+03 1.852956376519277716e-42
1.493909771095509313e+03 1.931682813341028543e-42
1.557489658912131517e+03 2.014281529463969741e-42
1.623775467938318570e+03 2.099997607274754377e-42
1.692882360528762092e+03 2.189473139610353130e-42
1.764930400277660510e+03 2.283297962817945725e-42
1.840044760612503296e+03 2.380414174138820713e-42
1.918355942265405474e+03 2.482992284679568069e-42
2.000000000000000227e+03 2.588696398477655851e-42
